1.0E-5 1.7087084E7 0.0 1.7087084E7 1.7087084E7
4.4000000000000006E-5 1.7328581E7 0.0 1.7328581E7 1.7328581E7
1.9360000000000004E-4 1.7147743E7 0.0 1.7147743E7 1.7147743E7
8.518400000000003E-4 1.7275623E7 0.0 1.7275623E7 1.7275623E7
0.0037480960000000015 1.7397064E7 0.0 1.7397064E7 1.7397064E7
0.004122905600000002 1.7571908E7 0.0 1.7571908E7 1.7571908E7
0.004535196160000003 1.7322167E7 0.0 1.7322167E7 1.7322167E7
0.004988715776000003 1.7481075E7 0.0 1.7481075E7 1.7481075E7
0.005487587353600004 1.7210035E7 0.0 1.7210035E7 1.7210035E7
0.006036346088960005 1.7444294E7 0.0 1.7444294E7 1.7444294E7
0.006639980697856006 1.7123289E7 0.0 1.7123289E7 1.7123289E7
0.0073039787676416066 1.7313161E7 0.0 1.7313161E7 1.7313161E7
0.008034376644405768 1.746472E7 0.0 1.746472E7 1.746472E7
0.008837814308846345 1.7367053E7 0.0 1.7367053E7 1.7367053E7
0.009721595739730981 1.7436416E7 0.0 1.7436416E7 1.7436416E7
0.01069375531370408 1.7491342E7 0.0 1.7491342E7 1.7491342E7
0.011763130845074488 1.7819361E7 0.0 1.7819361E7 1.7819361E7
0.012939443929581938 1.7427146E7 0.0 1.7427146E7 1.7427146E7
0.014233388322540133 1.73484E7 0.0 1.73484E7 1.73484E7
0.01565672715479415 1.7515995E7 0.0 1.7515995E7 1.7515995E7
0.017222399870273564 1.7497941E7 0.0 1.7497941E7 1.7497941E7
0.018944639857300924 1.7631648E7 0.0 1.7631648E7 1.7631648E7
0.020839103843031018 1.7756944E7 0.0 1.7756944E7 1.7756944E7
0.022923014227334122 1.7851135E7 0.0 1.7851135E7 1.7851135E7
0.025215315650067537 1.7744467E7 0.0 1.7744467E7 1.7744467E7
0.027736847215074294 1.7894403E7 0.0 1.7894403E7 1.7894403E7
0.030510531936581726 1.788234E7 0.0 1.788234E7 1.788234E7
0.0335615851302399 1.7815438E7 0.0 1.7815438E7 1.7815438E7
0.036917743643263896 1.7528353E7 0.0 1.7528353E7 1.7528353E7
0.04060951800759029 1.784105E7 0.0 1.784105E7 1.784105E7
0.04467046980834932 1.8024657E7 0.0 1.8024657E7 1.8024657E7
0.04913751678918426 1.8201809E7 0.0 1.8201809E7 1.8201809E7
0.05405126846810269 1.8095163E7 0.0 1.8095163E7 1.8095163E7
0.05945639531491296 1.8369339E7 0.0 1.8369339E7 1.8369339E7
0.06540203484640426 1.8523037E7 0.0 1.8523037E7 1.8523037E7
0.0719422383310447 1.8868335E7 0.0 1.8868335E7 1.8868335E7
0.07913646216414917 1.8720553E7 0.0 1.8720553E7 1.8720553E7
0.0870501083805641 1.9119649E7 0.0 1.9119649E7 1.9119649E7
0.09575511921862051 1.9084069E7 0.0 1.9084069E7 1.9084069E7
0.10533063114048256 1.9517685E7 0.0 1.9517685E7 1.9517685E7
0.11586369425453083 1.9883713E7 0.0 1.9883713E7 1.9883713E7
0.12745006367998393 2.0264105E7 0.0 2.0264105E7 2.0264105E7
0.14019507004798235 2.0978755E7 0.0 2.0978755E7 2.0978755E7
0.1542145770527806 2.1233966E7 0.0 2.1233966E7 2.1233966E7
0.1696360347580587 2.1764975E7 0.0 2.1764975E7 2.1764975E7
0.18659963823386458 2.3326823E7 0.0 2.3326823E7 2.3326823E7
0.20525960205725105 2.6105378E7 0.0 2.6105378E7 2.6105378E7
0.22578556226297616 2.7381437E7 0.0 2.7381437E7 2.7381437E7
0.2483641184892738 3.0E7 0.0 3.0E7 3.0E7
0.2732005303382012 3.0E7 0.0 3.0E7 3.0E7
