1.0E-5 6017860.0 0.0 6017860.0 6017860.0
4.4000000000000006E-5 5950358.0 0.0 5950358.0 5950358.0
1.9360000000000004E-4 5950753.0 0.0 5950753.0 5950753.0
8.518400000000003E-4 5918867.0 0.0 5918867.0 5918867.0
0.0037480960000000015 5925916.0 0.0 5925916.0 5925916.0
0.004122905600000002 6059169.0 0.0 6059169.0 6059169.0
0.004535196160000003 5910592.0 0.0 5910592.0 5910592.0
0.004988715776000003 5943660.0 0.0 5943660.0 5943660.0
0.005487587353600004 5851499.0 0.0 5851499.0 5851499.0
0.006036346088960005 6012100.0 0.0 6012100.0 6012100.0
0.006639980697856006 5925611.0 0.0 5925611.0 5925611.0
0.0073039787676416066 5956449.0 0.0 5956449.0 5956449.0
0.008034376644405768 5941437.0 0.0 5941437.0 5941437.0
0.008837814308846345 5831227.0 0.0 5831227.0 5831227.0
0.009721595739730981 5888688.0 0.0 5888688.0 5888688.0
0.01069375531370408 5933498.0 0.0 5933498.0 5933498.0
0.011763130845074488 5941269.0 0.0 5941269.0 5941269.0
0.012939443929581938 5873569.0 0.0 5873569.0 5873569.0
0.014233388322540133 5924430.0 0.0 5924430.0 5924430.0
0.01565672715479415 5857757.0 0.0 5857757.0 5857757.0
0.017222399870273564 5916282.0 0.0 5916282.0 5916282.0
0.018944639857300924 5907981.0 0.0 5907981.0 5907981.0
0.020839103843031018 5909653.0 0.0 5909653.0 5909653.0
0.022923014227334122 5865258.0 0.0 5865258.0 5865258.0
0.025215315650067537 5867719.0 0.0 5867719.0 5867719.0
0.027736847215074294 5838664.0 0.0 5838664.0 5838664.0
0.030510531936581726 5921173.0 0.0 5921173.0 5921173.0
0.0335615851302399 5732770.0 0.0 5732770.0 5732770.0
0.036917743643263896 5818963.0 0.0 5818963.0 5818963.0
0.04060951800759029 5797749.0 0.0 5797749.0 5797749.0
0.04467046980834932 5778369.0 0.0 5778369.0 5778369.0
0.04913751678918426 5781343.0 0.0 5781343.0 5781343.0
0.05405126846810269 5773546.0 0.0 5773546.0 5773546.0
0.05945639531491296 5734104.0 0.0 5734104.0 5734104.0
0.06540203484640426 5864196.0 0.0 5864196.0 5864196.0
0.0719422383310447 5594496.0 0.0 5594496.0 5594496.0
0.07913646216414917 5533232.0 0.0 5533232.0 5533232.0
0.0870501083805641 5477381.0 0.0 5477381.0 5477381.0
0.09575511921862051 5540636.0 0.0 5540636.0 5540636.0
0.10533063114048256 5448037.0 0.0 5448037.0 5448037.0
0.11586369425453083 5480360.0 0.0 5480360.0 5480360.0
0.12745006367998393 5358872.0 0.0 5358872.0 5358872.0
0.14019507004798235 5323413.0 0.0 5323413.0 5323413.0
0.1542145770527806 5233513.0 0.0 5233513.0 5233513.0
0.1696360347580587 5246933.0 0.0 5246933.0 5246933.0
0.18659963823386458 5257970.0 0.0 5257970.0 5257970.0
0.20525960205725105 5013316.0 0.0 5013316.0 5013316.0
0.22578556226297616 5143938.0 0.0 5143938.0 5143938.0
0.2483641184892738 5106025.0 0.0 5106025.0 5106025.0
0.2732005303382012 5268199.0 0.0 5268199.0 5268199.0
0.3005205833720213 5317952.0 0.0 5317952.0 5317952.0
0.33057264170922346 5419507.0 0.0 5419507.0 5419507.0
0.3636299058801458 5726530.0 0.0 5726530.0 5726530.0
0.39999289646816044 5903433.0 0.0 5903433.0 5903433.0
0.43999218611497654 6567783.0 0.0 6567783.0 6567783.0
0.48399140472647423 7382264.0 0.0 7382264.0 7382264.0
0.5323905451991217 1.0577474E7 0.0 1.0577474E7 1.0577474E7
0.5856295997190338 3.0E7 0.0 3.0E7 3.0E7
0.6441925596909372 3.0E7 0.0 3.0E7 3.0E7
