0.001 1755403.0 0.0 1755403.0 1755403.0
0.0011 1786408.0 0.0 1786408.0 1786408.0
0.0012100000000000001 1730664.0 0.0 1730664.0 1730664.0
0.0013310000000000002 1726387.0 0.0 1726387.0 1726387.0
0.0014641000000000003 1751096.0 0.0 1751096.0 1751096.0
0.0016105100000000005 1758038.0 0.0 1758038.0 1758038.0
0.0017715610000000007 1763428.0 0.0 1763428.0 1763428.0
0.0019487171000000009 1720197.0 0.0 1720197.0 1720197.0
0.002143588810000001 1770688.0 0.0 1770688.0 1770688.0
0.0023579476910000016 1732209.0 0.0 1732209.0 1732209.0
0.002593742460100002 1774956.0 0.0 1774956.0 1774956.0
0.0028531167061100022 1738793.0 0.0 1738793.0 1738793.0
0.003138428376721003 1762330.0 0.0 1762330.0 1762330.0
0.0034522712143931033 1741352.0 0.0 1741352.0 1741352.0
0.003797498335832414 1743311.0 0.0 1743311.0 1743311.0
0.004177248169415656 1680284.0 0.0 1680284.0 1680284.0
0.004594972986357222 1743134.0 0.0 1743134.0 1743134.0
0.005054470284992944 1654213.0 0.0 1654213.0 1654213.0
0.005559917313492239 1701537.0 0.0 1701537.0 1701537.0
0.006115909044841464 1706810.0 0.0 1706810.0 1706810.0
0.006727499949325611 1672170.0 0.0 1672170.0 1672170.0
0.007400249944258173 1718363.0 0.0 1718363.0 1718363.0
0.008140274938683991 1618576.0 0.0 1618576.0 1618576.0
0.00895430243255239 1661620.0 0.0 1661620.0 1661620.0
0.00984973267580763 1550363.0 0.0 1550363.0 1550363.0
0.010834705943388393 1590423.0 0.0 1590423.0 1590423.0
0.011918176537727233 1614006.0 0.0 1614006.0 1614006.0
0.013109994191499958 1501813.0 0.0 1501813.0 1501813.0
0.014420993610649954 1524725.0 0.0 1524725.0 1524725.0
0.01586309297171495 1465119.0 0.0 1465119.0 1465119.0
0.017449402268886447 1432545.0 0.0 1432545.0 1432545.0
0.019194342495775094 1437631.0 0.0 1437631.0 1437631.0
0.021113776745352607 1359877.0 0.0 1359877.0 1359877.0
0.02322515441988787 1347321.0 0.0 1347321.0 1347321.0
0.02554766986187666 1322230.0 0.0 1322230.0 1322230.0
0.02810243684806433 1287897.0 0.0 1287897.0 1287897.0
0.030912680532870763 1233733.0 0.0 1233733.0 1233733.0
0.034003948586157844 1231275.0 0.0 1231275.0 1231275.0
0.037404343444773634 1210186.0 0.0 1210186.0 1210186.0
0.041144777789251 1167347.0 0.0 1167347.0 1167347.0
0.0452592555681761 1109179.0 0.0 1109179.0 1109179.0
0.049785181124993715 1062218.0 0.0 1062218.0 1062218.0
0.054763699237493094 1061021.0 0.0 1061021.0 1061021.0
0.06024006916124241 1030160.0 0.0 1030160.0 1030160.0
0.06626407607736666 1031243.0 0.0 1031243.0 1031243.0
0.07289048368510333 1016594.0 0.0 1016594.0 1016594.0
0.08017953205361367 961569.0 0.0 961569.0 961569.0
0.08819748525897504 952232.0 0.0 952232.0 952232.0
0.09701723378487255 946381.0 0.0 946381.0 946381.0
0.10671895716335981 922417.0 0.0 922417.0 922417.0
0.1173908528796958 906138.0 0.0 906138.0 906138.0
0.1291299381676654 905789.0 0.0 905789.0 905789.0
0.14204293198443196 857155.0 0.0 857155.0 857155.0
0.15624722518287518 866774.0 0.0 866774.0 866774.0
0.1718719477011627 831337.0 0.0 831337.0 831337.0
0.189059142471279 815328.0 0.0 815328.0 815328.0
0.20796505671840693 763548.0 0.0 763548.0 763548.0
0.22876156239024764 798585.0 0.0 798585.0 798585.0
0.2516377186292724 763490.0 0.0 763490.0 763490.0
0.2768014904921997 767758.0 0.0 767758.0 767758.0
0.3044816395414197 783331.0 0.0 783331.0 783331.0
0.33492980349556173 771944.0 0.0 771944.0 771944.0
0.36842278384511795 762365.0 0.0 762365.0 762365.0
0.40526506222962977 793887.0 0.0 793887.0 793887.0
0.44579156845259277 806960.0 0.0 806960.0 806960.0
0.4903707252978521 788210.0 0.0 788210.0 788210.0
0.5394077978276374 887446.0 0.0 887446.0 887446.0
0.5933485776104012 937000.0 0.0 937000.0 937000.0
0.6526834353714414 1066061.0 0.0 1066061.0 1066061.0
0.7179517789085855 1095477.0 0.0 1095477.0 1095477.0
0.7897469567994442 1189326.0 0.0 1189326.0 1189326.0
0.8687216524793887 1418235.0 0.0 1418235.0 1418235.0
0.9555938177273277 1550275.0 0.0 1550275.0 1550275.0
0.9655938177273277 2558272.0 0.0 2558272.0 2558272.0
0.9755938177273277 1709640.0 0.0 1709640.0 1709640.0
0.9855938177273277 2090302.0 0.0 2090302.0 2090302.0
0.9955938177273277 2140732.0 0.0 2140732.0 2140732.0
1.0055938177273276 3.0E7 0.0 3.0E7 3.0E7
