0.001 8371931.0 0.0 8371931.0 8371931.0
0.0011 8372583.0 0.0 8372583.0 8372583.0
0.0012100000000000001 8527856.0 0.0 8527856.0 8527856.0
0.0013310000000000002 8446129.0 0.0 8446129.0 8446129.0
0.0014641000000000003 8474015.0 0.0 8474015.0 8474015.0
0.0016105100000000005 8387694.0 0.0 8387694.0 8387694.0
0.0017715610000000007 8291642.0 0.0 8291642.0 8291642.0
0.0019487171000000009 8352359.0 0.0 8352359.0 8352359.0
0.002143588810000001 8431902.0 0.0 8431902.0 8431902.0
0.0023579476910000016 8340862.0 0.0 8340862.0 8340862.0
0.002593742460100002 8507774.0 0.0 8507774.0 8507774.0
0.0028531167061100022 8370528.0 0.0 8370528.0 8370528.0
0.003138428376721003 8400768.0 0.0 8400768.0 8400768.0
0.0034522712143931033 8393928.0 0.0 8393928.0 8393928.0
0.003797498335832414 8351256.0 0.0 8351256.0 8351256.0
0.004177248169415656 8412756.0 0.0 8412756.0 8412756.0
0.004594972986357222 8349993.0 0.0 8349993.0 8349993.0
0.005054470284992944 8357665.0 0.0 8357665.0 8357665.0
0.005559917313492239 8250604.0 0.0 8250604.0 8250604.0
0.006115909044841464 8397892.0 0.0 8397892.0 8397892.0
0.006727499949325611 8334514.0 0.0 8334514.0 8334514.0
0.007400249944258173 8355235.0 0.0 8355235.0 8355235.0
0.008140274938683991 8434710.0 0.0 8434710.0 8434710.0
0.00895430243255239 8336494.0 0.0 8336494.0 8336494.0
0.00984973267580763 8377359.0 0.0 8377359.0 8377359.0
0.010834705943388393 7794655.0 0.0 7794655.0 7794655.0
0.011918176537727233 8356329.0 0.0 8356329.0 8356329.0
0.013109994191499958 8327051.0 0.0 8327051.0 8327051.0
0.014420993610649954 8350647.0 0.0 8350647.0 8350647.0
0.01586309297171495 8364220.0 0.0 8364220.0 8364220.0
0.017449402268886447 8362764.0 0.0 8362764.0 8362764.0
0.019194342495775094 8232690.0 0.0 8232690.0 8232690.0
0.021113776745352607 8257362.0 0.0 8257362.0 8257362.0
0.02322515441988787 8375507.0 0.0 8375507.0 8375507.0
0.02554766986187666 8269690.0 0.0 8269690.0 8269690.0
0.02810243684806433 8353871.0 0.0 8353871.0 8353871.0
0.030912680532870763 8343313.0 0.0 8343313.0 8343313.0
0.034003948586157844 8229248.0 0.0 8229248.0 8229248.0
0.037404343444773634 8184796.0 0.0 8184796.0 8184796.0
0.041144777789251 7983843.0 0.0 7983843.0 7983843.0
0.0452592555681761 8102291.0 0.0 8102291.0 8102291.0
0.049785181124993715 8132702.0 0.0 8132702.0 8132702.0
0.054763699237493094 7703643.0 0.0 7703643.0 7703643.0
0.06024006916124241 8019382.0 0.0 8019382.0 8019382.0
0.06626407607736666 7714520.0 0.0 7714520.0 7714520.0
0.07289048368510333 7769055.0 0.0 7769055.0 7769055.0
0.08017953205361367 7457083.0 0.0 7457083.0 7457083.0
0.08819748525897504 7572118.0 0.0 7572118.0 7572118.0
0.09701723378487255 7314358.0 0.0 7314358.0 7314358.0
0.10671895716335981 7343023.0 0.0 7343023.0 7343023.0
0.1173908528796958 7329846.0 0.0 7329846.0 7329846.0
0.1291299381676654 7128507.0 0.0 7128507.0 7128507.0
0.14204293198443196 6973795.0 0.0 6973795.0 6973795.0
0.15624722518287518 7172198.0 0.0 7172198.0 7172198.0
0.1718719477011627 7143037.0 0.0 7143037.0 7143037.0
0.189059142471279 6937234.0 0.0 6937234.0 6937234.0
0.20796505671840693 7138409.0 0.0 7138409.0 7138409.0
0.22876156239024764 7431692.0 0.0 7431692.0 7431692.0
0.2516377186292724 7384721.0 0.0 7384721.0 7384721.0
0.2768014904921997 7367663.0 0.0 7367663.0 7367663.0
0.3044816395414197 7768182.0 0.0 7768182.0 7768182.0
0.33492980349556173 8063147.0 0.0 8063147.0 8063147.0
0.36842278384511795 8964476.0 0.0 8964476.0 8964476.0
0.40526506222962977 1.0352313E7 0.0 1.0352313E7 1.0352313E7
0.44579156845259277 1.4487285E7 0.0 1.4487285E7 1.4487285E7
0.4903707252978521 3.0E7 0.0 3.0E7 3.0E7
0.5394077978276374 3.0E7 0.0 3.0E7 3.0E7
