0.001 481179.0 0.0 481179.0 481179.0
0.0011 504054.0 0.0 504054.0 504054.0
0.0012100000000000001 485488.0 0.0 485488.0 485488.0
0.0013310000000000002 472633.0 0.0 472633.0 472633.0
0.0014641000000000003 463366.0 0.0 463366.0 463366.0
0.0016105100000000005 469998.0 0.0 469998.0 469998.0
0.0017715610000000007 455805.0 0.0 455805.0 455805.0
0.0019487171000000009 461221.0 0.0 461221.0 461221.0
0.002143588810000001 448946.0 0.0 448946.0 448946.0
0.0023579476910000016 448549.0 0.0 448549.0 448549.0
0.002593742460100002 450225.0 0.0 450225.0 450225.0
0.0028531167061100022 426810.0 0.0 426810.0 426810.0
0.003138428376721003 431021.0 0.0 431021.0 431021.0
0.0034522712143931033 421469.0 0.0 421469.0 421469.0
0.003797498335832414 419061.0 0.0 419061.0 419061.0
0.004177248169415656 437491.0 0.0 437491.0 437491.0
0.004594972986357222 420748.0 0.0 420748.0 420748.0
0.005054470284992944 431388.0 0.0 431388.0 431388.0
0.005559917313492239 411946.0 0.0 411946.0 411946.0
0.006115909044841464 417820.0 0.0 417820.0 417820.0
0.006727499949325611 418511.0 0.0 418511.0 418511.0
0.007400249944258173 427341.0 0.0 427341.0 427341.0
0.008140274938683991 416977.0 0.0 416977.0 416977.0
0.00895430243255239 397140.0 0.0 397140.0 397140.0
0.00984973267580763 416367.0 0.0 416367.0 416367.0
0.010834705943388393 401062.0 0.0 401062.0 401062.0
0.011918176537727233 403844.0 0.0 403844.0 403844.0
0.013109994191499958 398732.0 0.0 398732.0 398732.0
0.014420993610649954 391234.0 0.0 391234.0 391234.0
0.01586309297171495 392517.0 0.0 392517.0 392517.0
0.017449402268886447 384318.0 0.0 384318.0 384318.0
0.019194342495775094 375686.0 0.0 375686.0 375686.0
0.021113776745352607 386947.0 0.0 386947.0 386947.0
0.02322515441988787 381581.0 0.0 381581.0 381581.0
0.02554766986187666 372099.0 0.0 372099.0 372099.0
0.02810243684806433 382691.0 0.0 382691.0 382691.0
0.030912680532870763 385991.0 0.0 385991.0 385991.0
0.034003948586157844 369501.0 0.0 369501.0 369501.0
0.037404343444773634 362175.0 0.0 362175.0 362175.0
0.041144777789251 377409.0 0.0 377409.0 377409.0
0.0452592555681761 368017.0 0.0 368017.0 368017.0
0.049785181124993715 365799.0 0.0 365799.0 365799.0
0.054763699237493094 359366.0 0.0 359366.0 359366.0
0.06024006916124241 364603.0 0.0 364603.0 364603.0
0.06626407607736666 366065.0 0.0 366065.0 366065.0
0.07289048368510333 359062.0 0.0 359062.0 359062.0
0.08017953205361367 355925.0 0.0 355925.0 355925.0
0.08819748525897504 347306.0 0.0 347306.0 347306.0
0.09701723378487255 354695.0 0.0 354695.0 354695.0
0.10671895716335981 347171.0 0.0 347171.0 347171.0
0.1173908528796958 346851.0 0.0 346851.0 346851.0
0.1291299381676654 347662.0 0.0 347662.0 347662.0
0.14204293198443196 343140.0 0.0 343140.0 343140.0
0.15624722518287518 357596.0 0.0 357596.0 357596.0
0.1718719477011627 343143.0 0.0 343143.0 343143.0
0.189059142471279 334716.0 0.0 334716.0 334716.0
0.20796505671840693 338345.0 0.0 338345.0 338345.0
0.22876156239024764 334550.0 0.0 334550.0 334550.0
0.2516377186292724 330635.0 0.0 330635.0 330635.0
0.2768014904921997 339499.0 0.0 339499.0 339499.0
0.3044816395414197 337701.0 0.0 337701.0 337701.0
0.33492980349556173 350693.0 0.0 350693.0 350693.0
0.36842278384511795 329776.0 0.0 329776.0 329776.0
0.40526506222962977 329455.0 0.0 329455.0 329455.0
0.44579156845259277 326711.0 0.0 326711.0 326711.0
0.4903707252978521 328945.0 0.0 328945.0 328945.0
0.5394077978276374 329608.0 0.0 329608.0 329608.0
0.5933485776104012 331244.0 0.0 331244.0 331244.0
0.6526834353714414 323921.0 0.0 323921.0 323921.0
0.7179517789085855 331202.0 0.0 331202.0 331202.0
0.7897469567994442 327401.0 0.0 327401.0 327401.0
0.8687216524793887 324523.0 0.0 324523.0 324523.0
0.9555938177273277 331259.0 0.0 331259.0 331259.0
0.9655938177273277 326175.0 0.0 326175.0 326175.0
0.9755938177273277 337607.0 0.0 337607.0 337607.0
0.9855938177273277 331268.0 0.0 331268.0 331268.0
0.9955938177273277 324739.0 0.0 324739.0 324739.0
1.0055938177273276 321548.0 0.0 321548.0 321548.0
