0.001 474603.0 0.0 474603.0 474603.0
0.0011 463368.0 0.0 463368.0 463368.0
0.0012100000000000001 468198.0 0.0 468198.0 468198.0
0.0013310000000000002 450977.0 0.0 450977.0 450977.0
0.0014641000000000003 440234.0 0.0 440234.0 440234.0
0.0016105100000000005 468488.0 0.0 468488.0 468488.0
0.0017715610000000007 462967.0 0.0 462967.0 462967.0
0.0019487171000000009 446564.0 0.0 446564.0 446564.0
0.002143588810000001 456390.0 0.0 456390.0 456390.0
0.0023579476910000016 438404.0 0.0 438404.0 438404.0
0.002593742460100002 460217.0 0.0 460217.0 460217.0
0.0028531167061100022 447775.0 0.0 447775.0 447775.0
0.003138428376721003 418501.0 0.0 418501.0 418501.0
0.0034522712143931033 435323.0 0.0 435323.0 435323.0
0.003797498335832414 427656.0 0.0 427656.0 427656.0
0.004177248169415656 435991.0 0.0 435991.0 435991.0
0.004594972986357222 432716.0 0.0 432716.0 432716.0
0.005054470284992944 430957.0 0.0 430957.0 430957.0
0.005559917313492239 438393.0 0.0 438393.0 438393.0
0.006115909044841464 421290.0 0.0 421290.0 421290.0
0.006727499949325611 405225.0 0.0 405225.0 405225.0
0.007400249944258173 403403.0 0.0 403403.0 403403.0
0.008140274938683991 407665.0 0.0 407665.0 407665.0
0.00895430243255239 420114.0 0.0 420114.0 420114.0
0.00984973267580763 399565.0 0.0 399565.0 399565.0
0.010834705943388393 397694.0 0.0 397694.0 397694.0
0.011918176537727233 415805.0 0.0 415805.0 415805.0
0.013109994191499958 399913.0 0.0 399913.0 399913.0
0.014420993610649954 383981.0 0.0 383981.0 383981.0
0.01586309297171495 381679.0 0.0 381679.0 381679.0
0.017449402268886447 384254.0 0.0 384254.0 384254.0
0.019194342495775094 405682.0 0.0 405682.0 405682.0
0.021113776745352607 391397.0 0.0 391397.0 391397.0
0.02322515441988787 392652.0 0.0 392652.0 392652.0
0.02554766986187666 380174.0 0.0 380174.0 380174.0
0.02810243684806433 364887.0 0.0 364887.0 364887.0
0.030912680532870763 372794.0 0.0 372794.0 372794.0
0.034003948586157844 368177.0 0.0 368177.0 368177.0
0.037404343444773634 366406.0 0.0 366406.0 366406.0
0.041144777789251 379868.0 0.0 379868.0 379868.0
0.0452592555681761 370418.0 0.0 370418.0 370418.0
0.049785181124993715 371087.0 0.0 371087.0 371087.0
0.054763699237493094 362790.0 0.0 362790.0 362790.0
0.06024006916124241 361622.0 0.0 361622.0 361622.0
0.06626407607736666 365127.0 0.0 365127.0 365127.0
0.07289048368510333 367222.0 0.0 367222.0 367222.0
0.08017953205361367 361963.0 0.0 361963.0 361963.0
0.08819748525897504 351602.0 0.0 351602.0 351602.0
0.09701723378487255 345877.0 0.0 345877.0 345877.0
0.10671895716335981 337355.0 0.0 337355.0 337355.0
0.1173908528796958 345521.0 0.0 345521.0 345521.0
0.1291299381676654 346852.0 0.0 346852.0 346852.0
0.14204293198443196 352512.0 0.0 352512.0 352512.0
0.15624722518287518 344312.0 0.0 344312.0 344312.0
0.1718719477011627 342646.0 0.0 342646.0 342646.0
0.189059142471279 341251.0 0.0 341251.0 341251.0
0.20796505671840693 339773.0 0.0 339773.0 339773.0
0.22876156239024764 339356.0 0.0 339356.0 339356.0
0.2516377186292724 331224.0 0.0 331224.0 331224.0
0.2768014904921997 333276.0 0.0 333276.0 333276.0
0.3044816395414197 329082.0 0.0 329082.0 329082.0
0.33492980349556173 344802.0 0.0 344802.0 344802.0
0.36842278384511795 327618.0 0.0 327618.0 327618.0
0.40526506222962977 322753.0 0.0 322753.0 322753.0
0.44579156845259277 345555.0 0.0 345555.0 345555.0
0.4903707252978521 328937.0 0.0 328937.0 328937.0
0.5394077978276374 325856.0 0.0 325856.0 325856.0
0.5933485776104012 334907.0 0.0 334907.0 334907.0
0.6526834353714414 327726.0 0.0 327726.0 327726.0
0.7179517789085855 325398.0 0.0 325398.0 325398.0
0.7897469567994442 333593.0 0.0 333593.0 333593.0
0.8687216524793887 330484.0 0.0 330484.0 330484.0
0.9555938177273277 333738.0 0.0 333738.0 333738.0
0.9655938177273277 322229.0 0.0 322229.0 322229.0
0.9755938177273277 323403.0 0.0 323403.0 323403.0
0.9855938177273277 329326.0 0.0 329326.0 329326.0
0.9955938177273277 325926.0 0.0 325926.0 325926.0
1.0055938177273276 325127.0 0.0 325127.0 325127.0
