0.001 770221.0 0.0 770221.0 770221.0
0.0011 751773.0 0.0 751773.0 751773.0
0.0012100000000000001 745159.0 0.0 745159.0 745159.0
0.0013310000000000002 794940.0 0.0 794940.0 794940.0
0.0014641000000000003 778485.0 0.0 778485.0 778485.0
0.0016105100000000005 748415.0 0.0 748415.0 748415.0
0.0017715610000000007 732763.0 0.0 732763.0 732763.0
0.0019487171000000009 748357.0 0.0 748357.0 748357.0
0.002143588810000001 738841.0 0.0 738841.0 738841.0
0.0023579476910000016 753184.0 0.0 753184.0 753184.0
0.002593742460100002 701908.0 0.0 701908.0 701908.0
0.0028531167061100022 731053.0 0.0 731053.0 731053.0
0.003138428376721003 723086.0 0.0 723086.0 723086.0
0.0034522712143931033 695984.0 0.0 695984.0 695984.0
0.003797498335832414 707982.0 0.0 707982.0 707982.0
0.004177248169415656 717658.0 0.0 717658.0 717658.0
0.004594972986357222 724665.0 0.0 724665.0 724665.0
0.005054470284992944 696294.0 0.0 696294.0 696294.0
0.005559917313492239 693746.0 0.0 693746.0 693746.0
0.006115909044841464 710356.0 0.0 710356.0 710356.0
0.006727499949325611 679296.0 0.0 679296.0 679296.0
0.007400249944258173 662680.0 0.0 662680.0 662680.0
0.008140274938683991 680328.0 0.0 680328.0 680328.0
0.00895430243255239 679156.0 0.0 679156.0 679156.0
0.00984973267580763 674033.0 0.0 674033.0 674033.0
0.010834705943388393 675151.0 0.0 675151.0 675151.0
0.011918176537727233 643502.0 0.0 643502.0 643502.0
0.013109994191499958 638794.0 0.0 638794.0 638794.0
0.014420993610649954 663270.0 0.0 663270.0 663270.0
0.01586309297171495 668696.0 0.0 668696.0 668696.0
0.017449402268886447 639842.0 0.0 639842.0 639842.0
0.019194342495775094 611853.0 0.0 611853.0 611853.0
0.021113776745352607 630726.0 0.0 630726.0 630726.0
0.02322515441988787 630696.0 0.0 630696.0 630696.0
0.02554766986187666 647470.0 0.0 647470.0 647470.0
0.02810243684806433 594992.0 0.0 594992.0 594992.0
0.030912680532870763 605237.0 0.0 605237.0 605237.0
0.034003948586157844 592363.0 0.0 592363.0 592363.0
0.037404343444773634 599622.0 0.0 599622.0 599622.0
0.041144777789251 561608.0 0.0 561608.0 561608.0
0.0452592555681761 562886.0 0.0 562886.0 562886.0
0.049785181124993715 571877.0 0.0 571877.0 571877.0
0.054763699237493094 566954.0 0.0 566954.0 566954.0
0.06024006916124241 566686.0 0.0 566686.0 566686.0
0.06626407607736666 541860.0 0.0 541860.0 541860.0
0.07289048368510333 549245.0 0.0 549245.0 549245.0
0.08017953205361367 561004.0 0.0 561004.0 561004.0
0.08819748525897504 537007.0 0.0 537007.0 537007.0
0.09701723378487255 521833.0 0.0 521833.0 521833.0
0.10671895716335981 519561.0 0.0 519561.0 519561.0
0.1173908528796958 515700.0 0.0 515700.0 515700.0
0.1291299381676654 523138.0 0.0 523138.0 523138.0
0.14204293198443196 523432.0 0.0 523432.0 523432.0
0.15624722518287518 491644.0 0.0 491644.0 491644.0
0.1718719477011627 493663.0 0.0 493663.0 493663.0
0.189059142471279 504499.0 0.0 504499.0 504499.0
0.20796505671840693 505445.0 0.0 505445.0 505445.0
0.22876156239024764 498897.0 0.0 498897.0 498897.0
0.2516377186292724 495135.0 0.0 495135.0 495135.0
0.2768014904921997 504366.0 0.0 504366.0 504366.0
0.3044816395414197 489105.0 0.0 489105.0 489105.0
0.33492980349556173 492876.0 0.0 492876.0 492876.0
0.36842278384511795 466123.0 0.0 466123.0 466123.0
0.40526506222962977 482492.0 0.0 482492.0 482492.0
0.44579156845259277 477796.0 0.0 477796.0 477796.0
0.4903707252978521 502451.0 0.0 502451.0 502451.0
0.5394077978276374 511674.0 0.0 511674.0 511674.0
0.5933485776104012 517969.0 0.0 517969.0 517969.0
0.6526834353714414 556849.0 0.0 556849.0 556849.0
0.7179517789085855 556628.0 0.0 556628.0 556628.0
0.7897469567994442 596278.0 0.0 596278.0 596278.0
0.8687216524793887 600600.0 0.0 600600.0 600600.0
0.9555938177273277 639637.0 0.0 639637.0 639637.0
0.9655938177273277 634588.0 0.0 634588.0 634588.0
0.9755938177273277 681698.0 0.0 681698.0 681698.0
0.9855938177273277 666727.0 0.0 666727.0 666727.0
0.9955938177273277 645011.0 0.0 645011.0 645011.0
1.0055938177273276 629333.0 0.0 629333.0 629333.0
