0.001 486456.0 0.0 486456.0 486456.0
0.0011 485564.0 0.0 485564.0 485564.0
0.0012100000000000001 472887.0 0.0 472887.0 472887.0
0.0013310000000000002 460608.0 0.0 460608.0 460608.0
0.0014641000000000003 466188.0 0.0 466188.0 466188.0
0.0016105100000000005 466740.0 0.0 466740.0 466740.0
0.0017715610000000007 444917.0 0.0 444917.0 444917.0
0.0019487171000000009 426497.0 0.0 426497.0 426497.0
0.002143588810000001 448527.0 0.0 448527.0 448527.0
0.0023579476910000016 443457.0 0.0 443457.0 443457.0
0.002593742460100002 431927.0 0.0 431927.0 431927.0
0.0028531167061100022 441041.0 0.0 441041.0 441041.0
0.003138428376721003 442286.0 0.0 442286.0 442286.0
0.0034522712143931033 434803.0 0.0 434803.0 434803.0
0.003797498335832414 448227.0 0.0 448227.0 448227.0
0.004177248169415656 433379.0 0.0 433379.0 433379.0
0.004594972986357222 415727.0 0.0 415727.0 415727.0
0.005054470284992944 437608.0 0.0 437608.0 437608.0
0.005559917313492239 423637.0 0.0 423637.0 423637.0
0.006115909044841464 430841.0 0.0 430841.0 430841.0
0.006727499949325611 429855.0 0.0 429855.0 429855.0
0.007400249944258173 407251.0 0.0 407251.0 407251.0
0.008140274938683991 402882.0 0.0 402882.0 402882.0
0.00895430243255239 414169.0 0.0 414169.0 414169.0
0.00984973267580763 416008.0 0.0 416008.0 416008.0
0.010834705943388393 394668.0 0.0 394668.0 394668.0
0.011918176537727233 405016.0 0.0 405016.0 405016.0
0.013109994191499958 392192.0 0.0 392192.0 392192.0
0.014420993610649954 393560.0 0.0 393560.0 393560.0
0.01586309297171495 384749.0 0.0 384749.0 384749.0
0.017449402268886447 396703.0 0.0 396703.0 396703.0
0.019194342495775094 385262.0 0.0 385262.0 385262.0
0.021113776745352607 383536.0 0.0 383536.0 383536.0
0.02322515441988787 386138.0 0.0 386138.0 386138.0
0.02554766986187666 387967.0 0.0 387967.0 387967.0
0.02810243684806433 384272.0 0.0 384272.0 384272.0
0.030912680532870763 384653.0 0.0 384653.0 384653.0
0.034003948586157844 364952.0 0.0 364952.0 364952.0
0.037404343444773634 376981.0 0.0 376981.0 376981.0
0.041144777789251 376951.0 0.0 376951.0 376951.0
0.0452592555681761 370187.0 0.0 370187.0 370187.0
0.049785181124993715 367229.0 0.0 367229.0 367229.0
0.054763699237493094 350893.0 0.0 350893.0 350893.0
0.06024006916124241 356433.0 0.0 356433.0 356433.0
0.06626407607736666 354562.0 0.0 354562.0 354562.0
0.07289048368510333 355757.0 0.0 355757.0 355757.0
0.08017953205361367 345693.0 0.0 345693.0 345693.0
0.08819748525897504 354424.0 0.0 354424.0 354424.0
0.09701723378487255 335037.0 0.0 335037.0 335037.0
0.10671895716335981 335529.0 0.0 335529.0 335529.0
0.1173908528796958 334087.0 0.0 334087.0 334087.0
0.1291299381676654 332728.0 0.0 332728.0 332728.0
0.14204293198443196 330505.0 0.0 330505.0 330505.0
0.15624722518287518 333728.0 0.0 333728.0 333728.0
0.1718719477011627 328724.0 0.0 328724.0 328724.0
0.189059142471279 337060.0 0.0 337060.0 337060.0
0.20796505671840693 336380.0 0.0 336380.0 336380.0
0.22876156239024764 324004.0 0.0 324004.0 324004.0
0.2516377186292724 322842.0 0.0 322842.0 322842.0
0.2768014904921997 314585.0 0.0 314585.0 314585.0
0.3044816395414197 317957.0 0.0 317957.0 317957.0
0.33492980349556173 321682.0 0.0 321682.0 321682.0
0.36842278384511795 318548.0 0.0 318548.0 318548.0
0.40526506222962977 317497.0 0.0 317497.0 317497.0
0.44579156845259277 317580.0 0.0 317580.0 317580.0
0.4903707252978521 311645.0 0.0 311645.0 311645.0
0.5394077978276374 313435.0 0.0 313435.0 313435.0
0.5933485776104012 311957.0 0.0 311957.0 311957.0
0.6526834353714414 307196.0 0.0 307196.0 307196.0
0.7179517789085855 313494.0 0.0 313494.0 313494.0
0.7897469567994442 313613.0 0.0 313613.0 313613.0
0.8687216524793887 312910.0 0.0 312910.0 312910.0
0.9555938177273277 318403.0 0.0 318403.0 318403.0
0.9655938177273277 309607.0 0.0 309607.0 309607.0
0.9755938177273277 316255.0 0.0 316255.0 316255.0
0.9855938177273277 317374.0 0.0 317374.0 317374.0
0.9955938177273277 311426.0 0.0 311426.0 311426.0
1.0055938177273276 316034.0 0.0 316034.0 316034.0
