0.001 494877.0 0.0 494877.0 494877.0
0.0011 468109.0 0.0 468109.0 468109.0
0.0012100000000000001 483190.0 0.0 483190.0 483190.0
0.0013310000000000002 486030.0 0.0 486030.0 486030.0
0.0014641000000000003 473444.0 0.0 473444.0 473444.0
0.0016105100000000005 461800.0 0.0 461800.0 461800.0
0.0017715610000000007 461454.0 0.0 461454.0 461454.0
0.0019487171000000009 458142.0 0.0 458142.0 458142.0
0.002143588810000001 482978.0 0.0 482978.0 482978.0
0.0023579476910000016 451600.0 0.0 451600.0 451600.0
0.002593742460100002 453460.0 0.0 453460.0 453460.0
0.0028531167061100022 445853.0 0.0 445853.0 445853.0
0.003138428376721003 456114.0 0.0 456114.0 456114.0
0.0034522712143931033 437931.0 0.0 437931.0 437931.0
0.003797498335832414 440319.0 0.0 440319.0 440319.0
0.004177248169415656 444240.0 0.0 444240.0 444240.0
0.004594972986357222 441867.0 0.0 441867.0 441867.0
0.005054470284992944 437461.0 0.0 437461.0 437461.0
0.005559917313492239 443975.0 0.0 443975.0 443975.0
0.006115909044841464 439832.0 0.0 439832.0 439832.0
0.006727499949325611 439807.0 0.0 439807.0 439807.0
0.007400249944258173 410753.0 0.0 410753.0 410753.0
0.008140274938683991 413824.0 0.0 413824.0 413824.0
0.00895430243255239 433303.0 0.0 433303.0 433303.0
0.00984973267580763 417445.0 0.0 417445.0 417445.0
0.010834705943388393 418244.0 0.0 418244.0 418244.0
0.011918176537727233 420130.0 0.0 420130.0 420130.0
0.013109994191499958 403471.0 0.0 403471.0 403471.0
0.014420993610649954 409330.0 0.0 409330.0 409330.0
0.01586309297171495 392731.0 0.0 392731.0 392731.0
0.017449402268886447 402400.0 0.0 402400.0 402400.0
0.019194342495775094 395333.0 0.0 395333.0 395333.0
0.021113776745352607 385520.0 0.0 385520.0 385520.0
0.02322515441988787 387768.0 0.0 387768.0 387768.0
0.02554766986187666 387981.0 0.0 387981.0 387981.0
0.02810243684806433 391223.0 0.0 391223.0 391223.0
0.030912680532870763 383568.0 0.0 383568.0 383568.0
0.034003948586157844 389642.0 0.0 389642.0 389642.0
0.037404343444773634 390541.0 0.0 390541.0 390541.0
0.041144777789251 381970.0 0.0 381970.0 381970.0
0.0452592555681761 378297.0 0.0 378297.0 378297.0
0.049785181124993715 377842.0 0.0 377842.0 377842.0
0.054763699237493094 363500.0 0.0 363500.0 363500.0
0.06024006916124241 363227.0 0.0 363227.0 363227.0
0.06626407607736666 363025.0 0.0 363025.0 363025.0
0.07289048368510333 366443.0 0.0 366443.0 366443.0
0.08017953205361367 373837.0 0.0 373837.0 373837.0
0.08819748525897504 366292.0 0.0 366292.0 366292.0
0.09701723378487255 363900.0 0.0 363900.0 363900.0
0.10671895716335981 351311.0 0.0 351311.0 351311.0
0.1173908528796958 361202.0 0.0 361202.0 361202.0
0.1291299381676654 351122.0 0.0 351122.0 351122.0
0.14204293198443196 363210.0 0.0 363210.0 363210.0
0.15624722518287518 349614.0 0.0 349614.0 349614.0
0.1718719477011627 351989.0 0.0 351989.0 351989.0
0.189059142471279 363838.0 0.0 363838.0 363838.0
0.20796505671840693 348118.0 0.0 348118.0 348118.0
0.22876156239024764 342370.0 0.0 342370.0 342370.0
0.2516377186292724 338498.0 0.0 338498.0 338498.0
0.2768014904921997 340941.0 0.0 340941.0 340941.0
0.3044816395414197 340689.0 0.0 340689.0 340689.0
0.33492980349556173 347623.0 0.0 347623.0 347623.0
0.36842278384511795 337729.0 0.0 337729.0 337729.0
0.40526506222962977 338138.0 0.0 338138.0 338138.0
0.44579156845259277 340106.0 0.0 340106.0 340106.0
0.4903707252978521 332439.0 0.0 332439.0 332439.0
0.5394077978276374 334725.0 0.0 334725.0 334725.0
0.5933485776104012 341279.0 0.0 341279.0 341279.0
0.6526834353714414 329737.0 0.0 329737.0 329737.0
0.7179517789085855 342401.0 0.0 342401.0 342401.0
0.7897469567994442 331058.0 0.0 331058.0 331058.0
0.8687216524793887 333866.0 0.0 333866.0 333866.0
0.9555938177273277 332658.0 0.0 332658.0 332658.0
0.9655938177273277 342451.0 0.0 342451.0 342451.0
0.9755938177273277 330100.0 0.0 330100.0 330100.0
0.9855938177273277 335759.0 0.0 335759.0 335759.0
0.9955938177273277 336777.0 0.0 336777.0 336777.0
1.0055938177273276 334068.0 0.0 334068.0 334068.0
