0.001 1075048.0 0.0 1075048.0 1075048.0
0.0011 1094279.0 0.0 1094279.0 1094279.0
0.0012100000000000001 1044176.0 0.0 1044176.0 1044176.0
0.0013310000000000002 1060949.0 0.0 1060949.0 1060949.0
0.0014641000000000003 1046658.0 0.0 1046658.0 1046658.0
0.0016105100000000005 1029345.0 0.0 1029345.0 1029345.0
0.0017715610000000007 1044756.0 0.0 1044756.0 1044756.0
0.0019487171000000009 1044736.0 0.0 1044736.0 1044736.0
0.002143588810000001 1048850.0 0.0 1048850.0 1048850.0
0.0023579476910000016 1062889.0 0.0 1062889.0 1062889.0
0.002593742460100002 1027094.0 0.0 1027094.0 1027094.0
0.0028531167061100022 1039028.0 0.0 1039028.0 1039028.0
0.003138428376721003 1008802.0 0.0 1008802.0 1008802.0
0.0034522712143931033 989610.0 0.0 989610.0 989610.0
0.003797498335832414 1018938.0 0.0 1018938.0 1018938.0
0.004177248169415656 1004202.0 0.0 1004202.0 1004202.0
0.004594972986357222 1021789.0 0.0 1021789.0 1021789.0
0.005054470284992944 987482.0 0.0 987482.0 987482.0
0.005559917313492239 985447.0 0.0 985447.0 985447.0
0.006115909044841464 991816.0 0.0 991816.0 991816.0
0.006727499949325611 983614.0 0.0 983614.0 983614.0
0.007400249944258173 992506.0 0.0 992506.0 992506.0
0.008140274938683991 1012881.0 0.0 1012881.0 1012881.0
0.00895430243255239 963600.0 0.0 963600.0 963600.0
0.00984973267580763 991479.0 0.0 991479.0 991479.0
0.010834705943388393 979079.0 0.0 979079.0 979079.0
0.011918176537727233 981436.0 0.0 981436.0 981436.0
0.013109994191499958 964891.0 0.0 964891.0 964891.0
0.014420993610649954 969179.0 0.0 969179.0 969179.0
0.01586309297171495 972571.0 0.0 972571.0 972571.0
0.017449402268886447 973921.0 0.0 973921.0 973921.0
0.019194342495775094 939974.0 0.0 939974.0 939974.0
0.021113776745352607 960491.0 0.0 960491.0 960491.0
0.02322515441988787 944893.0 0.0 944893.0 944893.0
0.02554766986187666 941899.0 0.0 941899.0 941899.0
0.02810243684806433 937405.0 0.0 937405.0 937405.0
0.030912680532870763 936096.0 0.0 936096.0 936096.0
0.034003948586157844 923107.0 0.0 923107.0 923107.0
0.037404343444773634 949979.0 0.0 949979.0 949979.0
0.041144777789251 922721.0 0.0 922721.0 922721.0
0.0452592555681761 946120.0 0.0 946120.0 946120.0
0.049785181124993715 915357.0 0.0 915357.0 915357.0
0.054763699237493094 931866.0 0.0 931866.0 931866.0
0.06024006916124241 935007.0 0.0 935007.0 935007.0
0.06626407607736666 924895.0 0.0 924895.0 924895.0
0.07289048368510333 918750.0 0.0 918750.0 918750.0
0.08017953205361367 914487.0 0.0 914487.0 914487.0
0.08819748525897504 903862.0 0.0 903862.0 903862.0
0.09701723378487255 903056.0 0.0 903056.0 903056.0
0.10671895716335981 892703.0 0.0 892703.0 892703.0
0.1173908528796958 889083.0 0.0 889083.0 889083.0
0.1291299381676654 912743.0 0.0 912743.0 912743.0
0.14204293198443196 916117.0 0.0 916117.0 916117.0
0.15624722518287518 883650.0 0.0 883650.0 883650.0
0.1718719477011627 895312.0 0.0 895312.0 895312.0
0.189059142471279 889758.0 0.0 889758.0 889758.0
0.20796505671840693 910101.0 0.0 910101.0 910101.0
0.22876156239024764 881902.0 0.0 881902.0 881902.0
0.2516377186292724 888036.0 0.0 888036.0 888036.0
0.2768014904921997 895249.0 0.0 895249.0 895249.0
0.3044816395414197 913633.0 0.0 913633.0 913633.0
0.33492980349556173 899677.0 0.0 899677.0 899677.0
0.36842278384511795 934370.0 0.0 934370.0 934370.0
0.40526506222962977 932435.0 0.0 932435.0 932435.0
0.44579156845259277 926011.0 0.0 926011.0 926011.0
0.4903707252978521 942407.0 0.0 942407.0 942407.0
0.5394077978276374 924715.0 0.0 924715.0 924715.0
0.5933485776104012 946707.0 0.0 946707.0 946707.0
0.6526834353714414 966132.0 0.0 966132.0 966132.0
0.7179517789085855 971504.0 0.0 971504.0 971504.0
0.7897469567994442 993512.0 0.0 993512.0 993512.0
0.8687216524793887 961320.0 0.0 961320.0 961320.0
0.9555938177273277 972313.0 0.0 972313.0 972313.0
0.9655938177273277 958484.0 0.0 958484.0 958484.0
0.9755938177273277 965813.0 0.0 965813.0 965813.0
0.9855938177273277 956855.0 0.0 956855.0 956855.0
0.9955938177273277 975162.0 0.0 975162.0 975162.0
1.0055938177273276 970911.0 0.0 970911.0 970911.0
