0.001 8830472.0 0.0 8830472.0 8830472.0
0.0011 8780648.0 0.0 8780648.0 8780648.0
0.0012100000000000001 8728962.0 0.0 8728962.0 8728962.0
0.0013310000000000002 8775638.0 0.0 8775638.0 8775638.0
0.0014641000000000003 8859437.0 0.0 8859437.0 8859437.0
0.0016105100000000005 8775178.0 0.0 8775178.0 8775178.0
0.0017715610000000007 8686560.0 0.0 8686560.0 8686560.0
0.0019487171000000009 8825803.0 0.0 8825803.0 8825803.0
0.002143588810000001 8710358.0 0.0 8710358.0 8710358.0
0.0023579476910000016 8826021.0 0.0 8826021.0 8826021.0
0.002593742460100002 8648237.0 0.0 8648237.0 8648237.0
0.0028531167061100022 8825168.0 0.0 8825168.0 8825168.0
0.003138428376721003 8736110.0 0.0 8736110.0 8736110.0
0.0034522712143931033 8743511.0 0.0 8743511.0 8743511.0
0.003797498335832414 8804781.0 0.0 8804781.0 8804781.0
0.004177248169415656 8802627.0 0.0 8802627.0 8802627.0
0.004594972986357222 8737424.0 0.0 8737424.0 8737424.0
0.005054470284992944 8827786.0 0.0 8827786.0 8827786.0
0.005559917313492239 8741834.0 0.0 8741834.0 8741834.0
0.006115909044841464 8854762.0 0.0 8854762.0 8854762.0
0.006727499949325611 8892745.0 0.0 8892745.0 8892745.0
0.007400249944258173 8706143.0 0.0 8706143.0 8706143.0
0.008140274938683991 8830691.0 0.0 8830691.0 8830691.0
0.00895430243255239 8720850.0 0.0 8720850.0 8720850.0
0.00984973267580763 8739981.0 0.0 8739981.0 8739981.0
0.010834705943388393 8754948.0 0.0 8754948.0 8754948.0
0.011918176537727233 8757886.0 0.0 8757886.0 8757886.0
0.013109994191499958 8777887.0 0.0 8777887.0 8777887.0
0.014420993610649954 8826401.0 0.0 8826401.0 8826401.0
0.01586309297171495 8777811.0 0.0 8777811.0 8777811.0
0.017449402268886447 8737743.0 0.0 8737743.0 8737743.0
0.019194342495775094 8724071.0 0.0 8724071.0 8724071.0
0.021113776745352607 8703557.0 0.0 8703557.0 8703557.0
0.02322515441988787 8743696.0 0.0 8743696.0 8743696.0
0.02554766986187666 8702026.0 0.0 8702026.0 8702026.0
0.02810243684806433 8805073.0 0.0 8805073.0 8805073.0
0.030912680532870763 8869270.0 0.0 8869270.0 8869270.0
0.034003948586157844 8820626.0 0.0 8820626.0 8820626.0
0.037404343444773634 8789948.0 0.0 8789948.0 8789948.0
0.041144777789251 8662449.0 0.0 8662449.0 8662449.0
0.0452592555681761 8638731.0 0.0 8638731.0 8638731.0
0.049785181124993715 8609973.0 0.0 8609973.0 8609973.0
0.054763699237493094 8711674.0 0.0 8711674.0 8711674.0
0.06024006916124241 8714597.0 0.0 8714597.0 8714597.0
0.06626407607736666 8717707.0 0.0 8717707.0 8717707.0
0.07289048368510333 8654110.0 0.0 8654110.0 8654110.0
0.08017953205361367 8669412.0 0.0 8669412.0 8669412.0
0.08819748525897504 8552819.0 0.0 8552819.0 8552819.0
0.09701723378487255 8517314.0 0.0 8517314.0 8517314.0
0.10671895716335981 8506236.0 0.0 8506236.0 8506236.0
0.1173908528796958 8580182.0 0.0 8580182.0 8580182.0
0.1291299381676654 8449487.0 0.0 8449487.0 8449487.0
0.14204293198443196 8450849.0 0.0 8450849.0 8450849.0
0.15624722518287518 8327163.0 0.0 8327163.0 8327163.0
0.1718719477011627 8308859.0 0.0 8308859.0 8308859.0
0.189059142471279 8357070.0 0.0 8357070.0 8357070.0
0.20796505671840693 8351021.0 0.0 8351021.0 8351021.0
0.22876156239024764 8529470.0 0.0 8529470.0 8529470.0
0.2516377186292724 9075405.0 0.0 9075405.0 9075405.0
0.2768014904921997 9121814.0 0.0 9121814.0 9121814.0
0.3044816395414197 9393293.0 0.0 9393293.0 9393293.0
0.33492980349556173 9929584.0 0.0 9929584.0 9929584.0
0.36842278384511795 1.0912453E7 0.0 1.0912453E7 1.0912453E7
0.40526506222962977 1.286436E7 0.0 1.286436E7 1.286436E7
0.44579156845259277 1.5021109E7 0.0 1.5021109E7 1.5021109E7
0.4903707252978521 3.0E7 0.0 3.0E7 3.0E7
0.5394077978276374 3.0E7 0.0 3.0E7 3.0E7
