0.001 1319403.0 0.0 1319403.0 1319403.0
0.0011 1358945.0 0.0 1358945.0 1358945.0
0.0012100000000000001 1416743.0 0.0 1416743.0 1416743.0
0.0013310000000000002 1324320.0 0.0 1324320.0 1324320.0
0.0014641000000000003 1260110.0 0.0 1260110.0 1260110.0
0.0016105100000000005 1301348.0 0.0 1301348.0 1301348.0
0.0017715610000000007 1337284.0 0.0 1337284.0 1337284.0
0.0019487171000000009 1385709.0 0.0 1385709.0 1385709.0
0.002143588810000001 1443403.0 0.0 1443403.0 1443403.0
0.0023579476910000016 1447630.0 0.0 1447630.0 1447630.0
0.002593742460100002 1358396.0 0.0 1358396.0 1358396.0
0.0028531167061100022 1273788.0 0.0 1273788.0 1273788.0
0.003138428376721003 1326755.0 0.0 1326755.0 1326755.0
0.0034522712143931033 1368313.0 0.0 1368313.0 1368313.0
0.003797498335832414 1325237.0 0.0 1325237.0 1325237.0
0.004177248169415656 1252099.0 0.0 1252099.0 1252099.0
0.004594972986357222 1247678.0 0.0 1247678.0 1247678.0
0.005054470284992944 1245452.0 0.0 1245452.0 1245452.0
0.005559917313492239 1224445.0 0.0 1224445.0 1224445.0
0.006115909044841464 1284786.0 0.0 1284786.0 1284786.0
0.006727499949325611 1193491.0 0.0 1193491.0 1193491.0
0.007400249944258173 1152620.0 0.0 1152620.0 1152620.0
0.008140274938683991 1231629.0 0.0 1231629.0 1231629.0
0.00895430243255239 1316623.0 0.0 1316623.0 1316623.0
0.00984973267580763 1226099.0 0.0 1226099.0 1226099.0
0.010834705943388393 1202120.0 0.0 1202120.0 1202120.0
0.011918176537727233 1187075.0 0.0 1187075.0 1187075.0
0.013109994191499958 1226206.0 0.0 1226206.0 1226206.0
0.014420993610649954 1187722.0 0.0 1187722.0 1187722.0
0.01586309297171495 1258808.0 0.0 1258808.0 1258808.0
0.017449402268886447 1130552.0 0.0 1130552.0 1130552.0
0.019194342495775094 1189815.0 0.0 1189815.0 1189815.0
0.021113776745352607 1165521.0 0.0 1165521.0 1165521.0
0.02322515441988787 1186311.0 0.0 1186311.0 1186311.0
0.02554766986187666 1276546.0 0.0 1276546.0 1276546.0
0.02810243684806433 1135399.0 0.0 1135399.0 1135399.0
0.030912680532870763 1243738.0 0.0 1243738.0 1243738.0
0.034003948586157844 1144593.0 0.0 1144593.0 1144593.0
0.037404343444773634 1157692.0 0.0 1157692.0 1157692.0
0.041144777789251 1127911.0 0.0 1127911.0 1127911.0
0.0452592555681761 1134752.0 0.0 1134752.0 1134752.0
0.049785181124993715 1193191.0 0.0 1193191.0 1193191.0
0.054763699237493094 1068102.0 0.0 1068102.0 1068102.0
0.06024006916124241 1106195.0 0.0 1106195.0 1106195.0
0.06626407607736666 1048584.0 0.0 1048584.0 1048584.0
0.07289048368510333 1027075.0 0.0 1027075.0 1027075.0
0.08017953205361367 1065465.0 0.0 1065465.0 1065465.0
0.08819748525897504 1030361.0 0.0 1030361.0 1030361.0
0.09701723378487255 1059250.0 0.0 1059250.0 1059250.0
0.10671895716335981 1059616.0 0.0 1059616.0 1059616.0
0.1173908528796958 1038317.0 0.0 1038317.0 1038317.0
0.1291299381676654 1080011.0 0.0 1080011.0 1080011.0
0.14204293198443196 1017213.0 0.0 1017213.0 1017213.0
0.15624722518287518 994943.0 0.0 994943.0 994943.0
0.1718719477011627 981795.0 0.0 981795.0 981795.0
0.189059142471279 1082441.0 0.0 1082441.0 1082441.0
0.20796505671840693 1097216.0 0.0 1097216.0 1097216.0
0.22876156239024764 1033617.0 0.0 1033617.0 1033617.0
0.2516377186292724 1081576.0 0.0 1081576.0 1081576.0
0.2768014904921997 1031476.0 0.0 1031476.0 1031476.0
0.3044816395414197 1105840.0 0.0 1105840.0 1105840.0
0.33492980349556173 1190837.0 0.0 1190837.0 1190837.0
0.36842278384511795 1201171.0 0.0 1201171.0 1201171.0
0.40526506222962977 1269010.0 0.0 1269010.0 1269010.0
0.44579156845259277 1641234.0 0.0 1641234.0 1641234.0
0.4903707252978521 1849208.0 0.0 1849208.0 1849208.0
0.5394077978276374 2212163.0 0.0 2212163.0 2212163.0
0.5933485776104012 3917080.0 0.0 3917080.0 3917080.0
0.6526834353714414 3.0E7 0.0 3.0E7 3.0E7
0.7179517789085855 3.0E7 0.0 3.0E7 3.0E7
