0.001 2660853.0 0.0 2660853.0 2660853.0
0.0011 2605362.0 0.0 2605362.0 2605362.0
0.0012100000000000001 3080422.0 0.0 3080422.0 3080422.0
0.0013310000000000002 3022496.0 0.0 3022496.0 3022496.0
0.0014641000000000003 3229302.0 0.0 3229302.0 3229302.0
0.0016105100000000005 2914144.0 0.0 2914144.0 2914144.0
0.0017715610000000007 3418576.0 0.0 3418576.0 3418576.0
0.0019487171000000009 2882044.0 0.0 2882044.0 2882044.0
0.002143588810000001 2382617.0 0.0 2382617.0 2382617.0
0.0023579476910000016 3287246.0 0.0 3287246.0 3287246.0
0.002593742460100002 3136612.0 0.0 3136612.0 3136612.0
0.0028531167061100022 2774087.0 0.0 2774087.0 2774087.0
0.003138428376721003 2900964.0 0.0 2900964.0 2900964.0
0.0034522712143931033 2633076.0 0.0 2633076.0 2633076.0
0.003797498335832414 2858874.0 0.0 2858874.0 2858874.0
0.004177248169415656 3005888.0 0.0 3005888.0 3005888.0
0.004594972986357222 2968200.0 0.0 2968200.0 2968200.0
0.005054470284992944 3237397.0 0.0 3237397.0 3237397.0
0.005559917313492239 2997171.0 0.0 2997171.0 2997171.0
0.006115909044841464 3193742.0 0.0 3193742.0 3193742.0
0.006727499949325611 2565807.0 0.0 2565807.0 2565807.0
0.007400249944258173 2395789.0 0.0 2395789.0 2395789.0
0.008140274938683991 3028996.0 0.0 3028996.0 3028996.0
0.00895430243255239 2392703.0 0.0 2392703.0 2392703.0
0.00984973267580763 2955656.0 0.0 2955656.0 2955656.0
0.010834705943388393 2453422.0 0.0 2453422.0 2453422.0
0.011918176537727233 2777830.0 0.0 2777830.0 2777830.0
0.013109994191499958 2766619.0 0.0 2766619.0 2766619.0
0.014420993610649954 2305662.0 0.0 2305662.0 2305662.0
0.01586309297171495 3423496.0 0.0 3423496.0 3423496.0
0.017449402268886447 3034902.0 0.0 3034902.0 3034902.0
0.019194342495775094 2447208.0 0.0 2447208.0 2447208.0
0.021113776745352607 3064167.0 0.0 3064167.0 3064167.0
0.02322515441988787 2492867.0 0.0 2492867.0 2492867.0
0.02554766986187666 2473173.0 0.0 2473173.0 2473173.0
0.02810243684806433 4043346.0 0.0 4043346.0 4043346.0
0.030912680532870763 2412773.0 0.0 2412773.0 2412773.0
0.034003948586157844 2325213.0 0.0 2325213.0 2325213.0
0.037404343444773634 2250655.0 0.0 2250655.0 2250655.0
0.041144777789251 2585263.0 0.0 2585263.0 2585263.0
0.0452592555681761 2375608.0 0.0 2375608.0 2375608.0
0.049785181124993715 2359126.0 0.0 2359126.0 2359126.0
0.054763699237493094 2139138.0 0.0 2139138.0 2139138.0
0.06024006916124241 2635609.0 0.0 2635609.0 2635609.0
0.06626407607736666 2424126.0 0.0 2424126.0 2424126.0
0.07289048368510333 2227931.0 0.0 2227931.0 2227931.0
0.08017953205361367 2477641.0 0.0 2477641.0 2477641.0
0.08819748525897504 2440761.0 0.0 2440761.0 2440761.0
0.09701723378487255 2198680.0 0.0 2198680.0 2198680.0
0.10671895716335981 2292680.0 0.0 2292680.0 2292680.0
0.1173908528796958 2158461.0 0.0 2158461.0 2158461.0
0.1291299381676654 2360569.0 0.0 2360569.0 2360569.0
0.14204293198443196 2076871.0 0.0 2076871.0 2076871.0
0.15624722518287518 2289218.0 0.0 2289218.0 2289218.0
0.1718719477011627 2349104.0 0.0 2349104.0 2349104.0
0.189059142471279 2339032.0 0.0 2339032.0 2339032.0
0.20796505671840693 2266147.0 0.0 2266147.0 2266147.0
0.22876156239024764 2179932.0 0.0 2179932.0 2179932.0
0.2516377186292724 2890854.0 0.0 2890854.0 2890854.0
0.2768014904921997 2173022.0 0.0 2173022.0 2173022.0
0.3044816395414197 2642489.0 0.0 2642489.0 2642489.0
0.33492980349556173 2844986.0 0.0 2844986.0 2844986.0
0.36842278384511795 3876735.0 0.0 3876735.0 3876735.0
0.40526506222962977 3832942.0 0.0 3832942.0 3832942.0
0.44579156845259277 4817365.0 0.0 4817365.0 4817365.0
0.4903707252978521 6398954.0 0.0 6398954.0 6398954.0
0.5394077978276374 3.0E7 0.0 3.0E7 3.0E7
0.5933485776104012 1.0345967E7 0.0 1.0345967E7 1.0345967E7
0.6526834353714414 3.0E7 0.0 3.0E7 3.0E7
0.7179517789085855 3.0E7 0.0 3.0E7 3.0E7
