1.000000000000000021e-02 9.899999999999985478e-01 1.443289932012703503e-15 4.194037999999999738e+04 3.057499117841246516e+03 3.476900000000000000e+04 5.014600000000000000e+04
1.100000000000000110e-02 9.899999999999985478e-01 1.443289932012703503e-15 4.129377999999999884e+04 2.853164960460575458e+03 3.541500000000000000e+04 4.883100000000000000e+04
1.210000000000000138e-02 9.899999999999985478e-01 1.443289932012703503e-15 4.028105999999999767e+04 2.658722685125321277e+03 3.375100000000000000e+04 4.712600000000000000e+04
1.331000000000000238e-02 9.899999999999985478e-01 1.443289932012703503e-15 3.922430000000000291e+04 2.825055509189155600e+03 3.364800000000000000e+04 4.704900000000000000e+04
1.464100000000000297e-02 9.899999999999985478e-01 1.443289932012703503e-15 3.849337000000000262e+04 2.478338857602002463e+03 3.244300000000000000e+04 4.433800000000000000e+04
1.610510000000000413e-02 9.899999999999985478e-01 1.443289932012703503e-15 3.766062999999999738e+04 2.460083712620364622e+03 3.080700000000000000e+04 4.431800000000000000e+04
1.771561000000000663e-02 9.899999999999985478e-01 1.443289932012703503e-15 3.674123999999999796e+04 2.803460380030365286e+03 2.998700000000000000e+04 4.448600000000000000e+04
1.948717100000000799e-02 9.899999999999985478e-01 1.443289932012703503e-15 3.572544999999999709e+04 2.286815328683101598e+03 3.086600000000000000e+04 4.240500000000000000e+04
2.143588810000001191e-02 9.899999999999985478e-01 1.443289932012703503e-15 3.518233000000000175e+04 2.280915325280620891e+03 3.036200000000000000e+04 4.254300000000000000e+04
2.357947691000001483e-02 9.899999999999985478e-01 1.443289932012703503e-15 3.416672000000000116e+04 2.412609371945653493e+03 2.929300000000000000e+04 4.081300000000000000e+04
2.593742460100001770e-02 9.899999999999985478e-01 1.443289932012703503e-15 3.339080999999999767e+04 2.482178719169914984e+03 2.914900000000000000e+04 3.972900000000000000e+04
2.853116706110002052e-02 9.899999999999985478e-01 1.443289932012703503e-15 3.299595999999999913e+04 1.757085979228108044e+03 2.906900000000000000e+04 3.717000000000000000e+04
3.138428376721002361e-02 9.899999999999985478e-01 1.443289932012703503e-15 3.188468999999999869e+04 1.822844363597726215e+03 2.767300000000000000e+04 3.643300000000000000e+04
3.452271214393103083e-02 9.899999999999985478e-01 1.443289932012703503e-15 3.163615000000000146e+04 1.946376085832334866e+03 2.665300000000000000e+04 3.688100000000000000e+04
3.797498335832413807e-02 9.899999999999985478e-01 1.443289932012703503e-15 3.086933000000000175e+04 2.178132287327837730e+03 2.692000000000000000e+04 3.796200000000000000e+04
4.177248169415655188e-02 9.899999999999985478e-01 1.443289932012703503e-15 3.025863000000000102e+04 2.051683458309297293e+03 2.534400000000000000e+04 3.684500000000000000e+04
4.594972986357220845e-02 9.899999999999985478e-01 1.443289932012703503e-15 2.925168999999999869e+04 1.706252711030813316e+03 2.581000000000000000e+04 3.440300000000000000e+04
5.054470284992943624e-02 9.899999999999985478e-01 1.443289932012703503e-15 2.843154000000000087e+04 1.920085245086790110e+03 2.366000000000000000e+04 3.442200000000000000e+04
5.559917313492238750e-02 9.899999999999985478e-01 1.443289932012703503e-15 2.821047000000000116e+04 1.769671435351771834e+03 2.446100000000000000e+04 3.233200000000000000e+04
6.115909044841463110e-02 9.899999999999985478e-01 1.443289932012703503e-15 2.783184000000000015e+04 1.961278403083050307e+03 2.377000000000000000e+04 3.459500000000000000e+04
6.727499949325610462e-02 9.899999999999985478e-01 1.443289932012703503e-15 2.687738000000000102e+04 1.634035836693919919e+03 2.368600000000000000e+04 3.225100000000000000e+04
7.400249944258172063e-02 9.899999999999985478e-01 1.443289932012703503e-15 2.623104000000000087e+04 1.572573896006162386e+03 2.311800000000000000e+04 3.007300000000000000e+04
8.140274938683990380e-02 9.899999999999985478e-01 1.443289932012703503e-15 2.563575000000000000e+04 1.449023011376976001e+03 2.240300000000000000e+04 3.040200000000000000e+04
8.954302432552389834e-02 9.899999999999985478e-01 1.443289932012703503e-15 2.523434000000000015e+04 1.300905002065869439e+03 2.163800000000000000e+04 2.814900000000000000e+04
9.849732675807629234e-02 9.899999999999985478e-01 1.443289932012703503e-15 2.448509999999999854e+04 1.218026744369761218e+03 2.120100000000000000e+04 2.822000000000000000e+04
1.083470594338839244e-01 9.899999999999985478e-01 1.443289932012703503e-15 2.404083000000000175e+04 1.308808374476569497e+03 2.082800000000000000e+04 2.787100000000000000e+04
1.191817653772723196e-01 9.899999999999985478e-01 1.443289932012703503e-15 2.340861000000000058e+04 1.084278219784940802e+03 2.056000000000000000e+04 2.668900000000000000e+04
1.310999419149995737e-01 9.899999999999985478e-01 1.443289932012703503e-15 2.300611999999999898e+04 1.312412848763680813e+03 2.005200000000000000e+04 2.696400000000000000e+04
1.442099361064995422e-01 9.899999999999985478e-01 1.443289932012703503e-15 2.243883000000000175e+04 1.190142017197947780e+03 1.923100000000000000e+04 2.474300000000000000e+04
1.586309297171495103e-01 9.899999999999985478e-01 1.443289932012703503e-15 2.210104999999999927e+04 1.021919031773065626e+03 1.929400000000000000e+04 2.485200000000000000e+04
1.744940226888644641e-01 9.899999999999985478e-01 1.443289932012703503e-15 2.166420000000000073e+04 1.040923474612807695e+03 1.961100000000000000e+04 2.507600000000000000e+04
1.919434249577509355e-01 9.899999999999985478e-01 1.443289932012703503e-15 2.106590000000000146e+04 1.049488461108553565e+03 1.871600000000000000e+04 2.413200000000000000e+04
2.111377674535260540e-01 9.899999999999985478e-01 1.443289932012703503e-15 2.074088000000000102e+04 9.837267738554237440e+02 1.838700000000000000e+04 2.332600000000000000e+04
2.322515441988786677e-01 9.899999999999985478e-01 1.443289932012703503e-15 2.039584999999999854e+04 9.650921549261501013e+02 1.815200000000000000e+04 2.330300000000000000e+04
2.554766986187665401e-01 9.899999999999985478e-01 1.443289932012703503e-15 1.993736000000000058e+04 8.052365182975745483e+02 1.785300000000000000e+04 2.223800000000000000e+04
2.810243684806432163e-01 9.899999999999985478e-01 1.443289932012703503e-15 1.945425000000000000e+04 7.888754702106029981e+02 1.785700000000000000e+04 2.178800000000000000e+04
3.091268053287075657e-01 9.899999999999985478e-01 1.443289932012703503e-15 1.939095000000000073e+04 8.785771721937692291e+02 1.728800000000000000e+04 2.207000000000000000e+04
3.400394858615783389e-01 9.899999999999985478e-01 1.443289932012703503e-15 1.882654000000000087e+04 7.885032202851172087e+02 1.674600000000000000e+04 2.080600000000000000e+04
3.740434344477361894e-01 9.899999999999985478e-01 1.443289932012703503e-15 1.855972000000000116e+04 7.920394065954041025e+02 1.714100000000000000e+04 2.084800000000000000e+04
4.114477778925098583e-01 9.899999999999985478e-01 1.443289932012703503e-15 1.822568999999999869e+04 7.105784924271210912e+02 1.689700000000000000e+04 2.028100000000000000e+04
4.525925556817608775e-01 9.899999999999985478e-01 1.443289932012703503e-15 1.807422999999999956e+04 6.009966365130507029e+02 1.663200000000000000e+04 1.934500000000000000e+04
4.978518112499369930e-01 9.899999999999985478e-01 1.443289932012703503e-15 1.784790000000000146e+04 7.280955775171278219e+02 1.629700000000000000e+04 1.989100000000000000e+04
5.476369923749306867e-01 9.899999999999985478e-01 1.443289932012703503e-15 1.766611000000000058e+04 6.859294992198541649e+02 1.614800000000000000e+04 1.952400000000000000e+04
6.024006916124238220e-01 9.899999999999985478e-01 1.443289932012703503e-15 1.769661000000000058e+04 7.190352827921590233e+02 1.636900000000000000e+04 2.005200000000000000e+04
6.626407607736662930e-01 9.899999999999985478e-01 1.443289932012703503e-15 1.748231000000000131e+04 7.088837379288651164e+02 1.614000000000000000e+04 1.937500000000000000e+04
7.289048368510330222e-01 9.899999999999985478e-01 1.443289932012703503e-15 1.747945000000000073e+04 6.877402325733169164e+02 1.608100000000000000e+04 1.940800000000000000e+04
8.017953205361363356e-01 9.899999999999985478e-01 1.443289932012703503e-15 1.725086000000000058e+04 6.392313825212277152e+02 1.599800000000000000e+04 1.894300000000000000e+04
8.819748525897500580e-01 9.899999999999985478e-01 1.443289932012703503e-15 1.722945999999999913e+04 6.306929906063646740e+02 1.571300000000000000e+04 1.928700000000000000e+04
9.701723378487251415e-01 9.899999999999985478e-01 1.443289932012703503e-15 1.732500999999999840e+04 6.773133321439936481e+02 1.590400000000000000e+04 1.964200000000000000e+04
9.801723378487251503e-01 9.899999999999985478e-01 1.443289932012703503e-15 1.736229999999999927e+04 6.975070824013187121e+02 1.598700000000000000e+04 1.944800000000000000e+04
9.901723378487251592e-01 9.899999999999985478e-01 1.443289932012703503e-15 1.723565999999999985e+04 6.348450396750375830e+02 1.567600000000000000e+04 1.917000000000000000e+04
1.000172337848725057e+00 9.899999999999985478e-01 1.443289932012703503e-15 1.719956999999999971e+04 6.753600707030286685e+02 1.576800000000000000e+04 1.906400000000000000e+04
