1.000000000000000021e-02 9.487079999999994406e-01 1.518358113226257224e-02 3.000000000000000000e+07 0.000000000000000000e+00 3.000000000000000000e+07 3.000000000000000000e+07
1.100000000000000110e-02 9.444359999999997202e-01 1.731763563538625886e-02 3.000000000000000000e+07 0.000000000000000000e+00 3.000000000000000000e+07 3.000000000000000000e+07
1.210000000000000138e-02 9.445300000000003138e-01 1.844846064038948436e-02 3.000000000000000000e+07 0.000000000000000000e+00 3.000000000000000000e+07 3.000000000000000000e+07
1.331000000000000238e-02 9.451630000000001974e-01 1.780329550953979600e-02 3.000000000000000000e+07 0.000000000000000000e+00 3.000000000000000000e+07 3.000000000000000000e+07
1.464100000000000297e-02 9.466219999999997414e-01 1.937921866330012677e-02 3.000000000000000000e+07 0.000000000000000000e+00 3.000000000000000000e+07 3.000000000000000000e+07
1.610510000000000413e-02 9.432750000000003077e-01 1.729408786261941305e-02 3.000000000000000000e+07 0.000000000000000000e+00 3.000000000000000000e+07 3.000000000000000000e+07
1.771561000000000663e-02 9.450190000000000534e-01 1.697371317655626752e-02 3.000000000000000000e+07 0.000000000000000000e+00 3.000000000000000000e+07 3.000000000000000000e+07
1.948717100000000799e-02 9.443289999999996409e-01 1.789264818298286208e-02 3.000000000000000000e+07 0.000000000000000000e+00 3.000000000000000000e+07 3.000000000000000000e+07
2.143588810000001191e-02 9.434080000000002464e-01 1.687377657787372809e-02 3.000000000000000000e+07 0.000000000000000000e+00 3.000000000000000000e+07 3.000000000000000000e+07
2.357947691000001483e-02 9.463339999999998975e-01 1.728468813719241312e-02 3.000000000000000000e+07 0.000000000000000000e+00 3.000000000000000000e+07 3.000000000000000000e+07
2.593742460100001770e-02 9.409730000000001704e-01 1.696254022839739639e-02 3.000000000000000000e+07 0.000000000000000000e+00 3.000000000000000000e+07 3.000000000000000000e+07
2.853116706110002052e-02 9.460899999999999865e-01 1.697368257037936215e-02 3.000000000000000000e+07 0.000000000000000000e+00 3.000000000000000000e+07 3.000000000000000000e+07
3.138428376721002361e-02 9.449330000000000229e-01 1.924093581403980846e-02 3.000000000000000000e+07 0.000000000000000000e+00 3.000000000000000000e+07 3.000000000000000000e+07
3.452271214393103083e-02 9.463489999999999958e-01 1.712674805676781681e-02 3.000000000000000000e+07 0.000000000000000000e+00 3.000000000000000000e+07 3.000000000000000000e+07
3.797498335832413807e-02 9.466530000000002998e-01 1.709849382255642161e-02 3.000000000000000000e+07 0.000000000000000000e+00 3.000000000000000000e+07 3.000000000000000000e+07
4.177248169415655188e-02 9.509229999999998517e-01 1.638664611810482577e-02 3.000000000000000000e+07 0.000000000000000000e+00 3.000000000000000000e+07 3.000000000000000000e+07
4.594972986357220845e-02 9.488949999999995999e-01 1.604809256578487719e-02 3.000000000000000000e+07 0.000000000000000000e+00 3.000000000000000000e+07 3.000000000000000000e+07
5.054470284992943624e-02 9.524170000000000691e-01 1.440843541124435002e-02 3.000000000000000000e+07 0.000000000000000000e+00 3.000000000000000000e+07 3.000000000000000000e+07
5.559917313492238750e-02 9.545450000000000879e-01 1.645441202231182412e-02 3.000000000000000000e+07 0.000000000000000000e+00 3.000000000000000000e+07 3.000000000000000000e+07
6.115909044841463110e-02 9.556480000000001640e-01 1.340830697739278481e-02 3.000000000000000000e+07 0.000000000000000000e+00 3.000000000000000000e+07 3.000000000000000000e+07
6.727499949325610462e-02 9.554019999999999735e-01 1.351461416393380001e-02 3.000000000000000000e+07 0.000000000000000000e+00 3.000000000000000000e+07 3.000000000000000000e+07
7.400249944258172063e-02 9.572020000000002193e-01 1.339518555302613226e-02 3.000000000000000000e+07 0.000000000000000000e+00 3.000000000000000000e+07 3.000000000000000000e+07
8.140274938683990380e-02 9.599679999999999325e-01 1.434269068201639470e-02 3.000000000000000000e+07 0.000000000000000000e+00 3.000000000000000000e+07 3.000000000000000000e+07
8.954302432552389834e-02 9.650849999999999707e-01 1.170541220974297483e-02 3.000000000000000000e+07 0.000000000000000000e+00 3.000000000000000000e+07 3.000000000000000000e+07
9.849732675807629234e-02 9.658140000000006165e-01 1.082542396398403911e-02 3.000000000000000000e+07 0.000000000000000000e+00 3.000000000000000000e+07 3.000000000000000000e+07
1.083470594338839244e-01 9.704320000000002944e-01 9.368317671812799105e-03 3.000000000000000000e+07 0.000000000000000000e+00 3.000000000000000000e+07 3.000000000000000000e+07
1.191817653772723196e-01 9.733360000000002010e-01 9.089285120404130142e-03 3.000000000000000000e+07 0.000000000000000000e+00 3.000000000000000000e+07 3.000000000000000000e+07
1.310999419149995737e-01 9.768249999999999433e-01 7.275896851935163487e-03 2.970074042000000179e+07 2.977595225338031538e+06 7.404200000000000000e+04 3.000000000000000000e+07
1.442099361064995422e-01 9.802550000000000985e-01 6.589072392985216055e-03 2.790481260000000149e+07 7.636868828775231726e+06 6.411800000000000000e+04 3.000000000000000000e+07
1.586309297171495103e-01 9.831069999999997311e-01 5.251614132816692475e-03 2.610910364000000060e+07 1.006555243226617575e+07 6.551200000000000000e+04 3.000000000000000000e+07
1.744940226888644641e-01 9.845629999999994109e-01 5.452497684547880780e-03 2.371339003999999911e+07 1.219327632674640231e+07 6.008900000000000000e+04 3.000000000000000000e+07
1.919434249577509355e-01 9.870319999999992433e-01 3.898689010423889070e-03 2.042043617000000179e+07 1.396449407483222336e+07 5.919600000000000000e+04 3.000000000000000000e+07
2.111377674535260540e-01 9.883769999999991729e-01 2.565886006821033183e-03 1.473242672000000067e+07 1.496521531276396289e+07 5.621500000000000000e+04 3.000000000000000000e+07
2.322515441988786677e-01 9.890899999999993586e-01 1.596652748721524287e-03 1.113864392999999970e+07 1.445451445012657158e+07 5.585600000000000000e+04 3.000000000000000000e+07
2.554766986187665401e-01 9.892599999999989180e-01 1.305986217385159001e-03 1.113782836999999918e+07 1.445513943666522205e+07 5.430700000000000000e+04 3.000000000000000000e+07
2.810243684806432163e-01 9.896259999999986734e-01 8.939373579843278668e-04 5.447826150000000373e+06 1.150321630859695375e+07 5.154400000000000000e+04 3.000000000000000000e+07
3.091268053287075657e-01 9.897069999999991152e-01 7.475633752398475745e-04 5.746235559999999590e+06 1.174663447764804587e+07 5.226700000000000000e+04 3.000000000000000000e+07
3.400394858615783389e-01 9.897359999999989499e-01 6.067157489302500315e-04 6.943499269999999553e+06 1.260120153390780091e+07 5.069400000000000000e+04 3.000000000000000000e+07
3.740434344477361894e-01 9.894999999999990470e-01 8.164557550780054398e-04 1.263225749000000022e+07 1.477930547624919750e+07 5.057300000000000000e+04 3.000000000000000000e+07
4.114477778925098583e-01 9.882359999999992262e-01 1.488322545686920819e-03 2.550815260000000149e+07 1.069273559640362673e+07 5.001800000000000000e+04 3.000000000000000000e+07
4.525925556817608775e-01 9.866379999999995709e-01 1.786212753285559059e-03 2.940109178000000119e+07 4.192357541099719238e+06 5.391000000000000000e+04 3.000000000000000000e+07
4.978518112499369930e-01 9.844169999999996534e-01 1.811411328218963911e-03 3.000000000000000000e+07 0.000000000000000000e+00 3.000000000000000000e+07 3.000000000000000000e+07
5.476369923749306867e-01 9.820329999999999337e-01 1.970789435733815483e-03 3.000000000000000000e+07 0.000000000000000000e+00 3.000000000000000000e+07 3.000000000000000000e+07
6.024006916124238220e-01 9.790369999999998241e-01 2.070007487909163169e-03 3.000000000000000000e+07 0.000000000000000000e+00 3.000000000000000000e+07 3.000000000000000000e+07
6.626407607736662930e-01 9.760659999999999892e-01 2.259876987802657451e-03 3.000000000000000000e+07 0.000000000000000000e+00 3.000000000000000000e+07 3.000000000000000000e+07
7.289048368510330222e-01 9.731469999999998732e-01 2.461887690370955558e-03 3.000000000000000000e+07 0.000000000000000000e+00 3.000000000000000000e+07 3.000000000000000000e+07
8.017953205361363356e-01 9.707300000000000928e-01 2.614593658678148174e-03 3.000000000000000000e+07 0.000000000000000000e+00 3.000000000000000000e+07 3.000000000000000000e+07
8.819748525897500580e-01 9.689320000000002375e-01 2.254323845413519489e-03 3.000000000000000000e+07 0.000000000000000000e+00 3.000000000000000000e+07 3.000000000000000000e+07
9.701723378487251415e-01 9.682780000000001941e-01 2.622044240664143152e-03 3.000000000000000000e+07 0.000000000000000000e+00 3.000000000000000000e+07 3.000000000000000000e+07
9.801723378487251503e-01 9.684020000000002071e-01 2.575809775585149140e-03 3.000000000000000000e+07 0.000000000000000000e+00 3.000000000000000000e+07 3.000000000000000000e+07
9.901723378487251592e-01 9.682930000000002924e-01 2.126229291492333189e-03 3.000000000000000000e+07 0.000000000000000000e+00 3.000000000000000000e+07 3.000000000000000000e+07
1.000172337848725057e+00 9.676949999999997498e-01 2.436857607657860834e-03 3.000000000000000000e+07 0.000000000000000000e+00 3.000000000000000000e+07 3.000000000000000000e+07
