1.000000000000000021e-02 9.899999999999985478e-01 1.443289932012703503e-15 9.212455000000000291e+04 4.953103419826805293e+03 8.141400000000000000e+04 1.042320000000000000e+05
1.100000000000000110e-02 9.899999999999985478e-01 1.443289932012703503e-15 9.011188000000000466e+04 4.901297704241194879e+03 7.688500000000000000e+04 1.030740000000000000e+05
1.210000000000000138e-02 9.899999999999985478e-01 1.443289932012703503e-15 8.993603999999999360e+04 4.593784840237949538e+03 7.951600000000000000e+04 1.000670000000000000e+05
1.331000000000000238e-02 9.899999999999985478e-01 1.443289932012703503e-15 8.902616000000000349e+04 4.186071076128547247e+03 7.918500000000000000e+04 1.026770000000000000e+05
1.464100000000000297e-02 9.899999999999985478e-01 1.443289932012703503e-15 8.891896000000000640e+04 4.058281249297540398e+03 7.755600000000000000e+04 1.012970000000000000e+05
1.610510000000000413e-02 9.899999999999985478e-01 1.443289932012703503e-15 8.697364999999999418e+04 4.299252815024955453e+03 7.836100000000000000e+04 1.012610000000000000e+05
1.771561000000000663e-02 9.899999999999985478e-01 1.443289932012703503e-15 8.655814999999999418e+04 4.499041367613772309e+03 7.710600000000000000e+04 9.703300000000000000e+04
1.948717100000000799e-02 9.899999999999985478e-01 1.443289932012703503e-15 8.491194999999999709e+04 4.002489004044857666e+03 7.574100000000000000e+04 9.621300000000000000e+04
2.143588810000001191e-02 9.899999999999985478e-01 1.443289932012703503e-15 8.457846000000000640e+04 3.496771480723325112e+03 7.654900000000000000e+04 9.603200000000000000e+04
2.357947691000001483e-02 9.899999999999985478e-01 1.443289932012703503e-15 8.338921000000000640e+04 3.493542157452804986e+03 7.475100000000000000e+04 9.151400000000000000e+04
2.593742460100001770e-02 9.899999999999985478e-01 1.443289932012703503e-15 8.291422999999999593e+04 4.030490848159810412e+03 7.162700000000000000e+04 9.084700000000000000e+04
2.853116706110002052e-02 9.899999999999985478e-01 1.443289932012703503e-15 8.166138000000000466e+04 3.704997783481118404e+03 7.165400000000000000e+04 9.045900000000000000e+04
3.138428376721002361e-02 9.899999999999985478e-01 1.443289932012703503e-15 8.074838999999999942e+04 3.686073897509380913e+03 7.265600000000000000e+04 9.084300000000000000e+04
3.452271214393103083e-02 9.899999999999985478e-01 1.443289932012703503e-15 7.994500999999999476e+04 4.088468518883325032e+03 7.097600000000000000e+04 9.214000000000000000e+04
3.797498335832413807e-02 9.899999999999985478e-01 1.443289932012703503e-15 7.909061000000000058e+04 3.133018518601511005e+03 7.041800000000000000e+04 8.729900000000000000e+04
4.177248169415655188e-02 9.899999999999985478e-01 1.443289932012703503e-15 7.899450999999999476e+04 3.963676317498692697e+03 7.082000000000000000e+04 9.039300000000000000e+04
4.594972986357220845e-02 9.899999999999985478e-01 1.443289932012703503e-15 7.804772000000000116e+04 3.448472012587604240e+03 6.975500000000000000e+04 8.514400000000000000e+04
5.054470284992943624e-02 9.899999999999985478e-01 1.443289932012703503e-15 7.706519999999999709e+04 3.489440393530172969e+03 6.995700000000000000e+04 8.586500000000000000e+04
5.559917313492238750e-02 9.899999999999985478e-01 1.443289932012703503e-15 7.632636999999999534e+04 3.196387031180673603e+03 6.984000000000000000e+04 8.565000000000000000e+04
6.115909044841463110e-02 9.899999999999985478e-01 1.443289932012703503e-15 7.494177999999999884e+04 3.126486170063766622e+03 6.828900000000000000e+04 8.214400000000000000e+04
6.727499949325610462e-02 9.899999999999985478e-01 1.443289932012703503e-15 7.352708999999999651e+04 3.866902093653264728e+03 6.514900000000000000e+04 8.890000000000000000e+04
7.400249944258172063e-02 9.899999999999985478e-01 1.443289932012703503e-15 7.331305000000000291e+04 3.033546766987447882e+03 6.317400000000000000e+04 8.040500000000000000e+04
8.140274938683990380e-02 9.899999999999985478e-01 1.443289932012703503e-15 7.257311999999999534e+04 2.818011193306371297e+03 6.669700000000000000e+04 7.982800000000000000e+04
8.954302432552389834e-02 9.899999999999985478e-01 1.443289932012703503e-15 7.133105999999999767e+04 2.973369438263600841e+03 6.470400000000000000e+04 7.941000000000000000e+04
9.849732675807629234e-02 9.899999999999985478e-01 1.443289932012703503e-15 7.069133999999999651e+04 3.181657031233881753e+03 6.303700000000000000e+04 7.875200000000000000e+04
1.083470594338839244e-01 9.899999999999985478e-01 1.443289932012703503e-15 7.019430000000000291e+04 3.157821782495015668e+03 6.124100000000000000e+04 7.966500000000000000e+04
1.191817653772723196e-01 9.899999999999985478e-01 1.443289932012703503e-15 6.961813999999999942e+04 3.541301506565064301e+03 6.230800000000000000e+04 8.141400000000000000e+04
1.310999419149995737e-01 9.899999999999985478e-01 1.443289932012703503e-15 6.791939999999999418e+04 2.906663482414157897e+03 6.189500000000000000e+04 7.548100000000000000e+04
1.442099361064995422e-01 9.899999999999985478e-01 1.443289932012703503e-15 6.753524000000000524e+04 2.881717870021283034e+03 6.311800000000000000e+04 7.459000000000000000e+04
1.586309297171495103e-01 9.899999999999985478e-01 1.443289932012703503e-15 6.676585000000000582e+04 3.205465153062812078e+03 5.985000000000000000e+04 7.416900000000000000e+04
1.744940226888644641e-01 9.899999999999985478e-01 1.443289932012703503e-15 6.673566999999999825e+04 3.331860159295404628e+03 5.750900000000000000e+04 7.498600000000000000e+04
1.919434249577509355e-01 9.899999999999985478e-01 1.443289932012703503e-15 6.474472000000000116e+04 2.797199932360932053e+03 5.787900000000000000e+04 7.177200000000000000e+04
2.111377674535260540e-01 9.899999999999985478e-01 1.443289932012703503e-15 6.491141999999999825e+04 2.972403590295233698e+03 5.564200000000000000e+04 7.129000000000000000e+04
2.322515441988786677e-01 9.899999999999985478e-01 1.443289932012703503e-15 6.388384999999999854e+04 3.376558044444074767e+03 5.660800000000000000e+04 7.348900000000000000e+04
2.554766986187665401e-01 9.899999999999985478e-01 1.443289932012703503e-15 6.271169999999999709e+04 3.019089099380805237e+03 5.457800000000000000e+04 7.159800000000000000e+04
2.810243684806432163e-01 9.899999999999985478e-01 1.443289932012703503e-15 6.241713999999999942e+04 2.652995292193334535e+03 5.595700000000000000e+04 6.850800000000000000e+04
3.091268053287075657e-01 9.899999999999985478e-01 1.443289932012703503e-15 6.185841000000000349e+04 2.874324387034282154e+03 5.553300000000000000e+04 6.988900000000000000e+04
3.400394858615783389e-01 9.899999999999985478e-01 1.443289932012703503e-15 6.176962999999999738e+04 2.693012393788785175e+03 5.516400000000000000e+04 6.790800000000000000e+04
3.740434344477361894e-01 9.899999999999985478e-01 1.443289932012703503e-15 6.078480000000000291e+04 3.252907364189763939e+03 5.304800000000000000e+04 7.073900000000000000e+04
4.114477778925098583e-01 9.899999999999985478e-01 1.443289932012703503e-15 6.082991999999999825e+04 3.244342000098016797e+03 5.367000000000000000e+04 7.108600000000000000e+04
4.525925556817608775e-01 9.899999999999985478e-01 1.443289932012703503e-15 5.978033000000000175e+04 3.205780959625907599e+03 5.222200000000000000e+04 6.878900000000000000e+04
4.978518112499369930e-01 9.899999999999985478e-01 1.443289932012703503e-15 5.975691000000000349e+04 4.022104526476157389e+03 5.248900000000000000e+04 7.309500000000000000e+04
5.476369923749306867e-01 9.899999999999985478e-01 1.443289932012703503e-15 5.957968000000000029e+04 3.398425926454776345e+03 5.238600000000000000e+04 7.029200000000000000e+04
6.024006916124238220e-01 9.899999999999985478e-01 1.443289932012703503e-15 5.863311000000000058e+04 3.154441842529356563e+03 5.279400000000000000e+04 6.896000000000000000e+04
6.626407607736662930e-01 9.899999999999985478e-01 1.443289932012703503e-15 5.838263999999999942e+04 2.949371263574661953e+03 5.067800000000000000e+04 6.614500000000000000e+04
7.289048368510330222e-01 9.899999999999985478e-01 1.443289932012703503e-15 5.794173000000000320e+04 2.886947491226676448e+03 5.005200000000000000e+04 6.527400000000000000e+04
8.017953205361363356e-01 9.899999999999985478e-01 1.443289932012703503e-15 5.827947000000000116e+04 2.964301234540781479e+03 5.012900000000000000e+04 6.747700000000000000e+04
8.819748525897500580e-01 9.899999999999985478e-01 1.443289932012703503e-15 5.747451000000000204e+04 3.003580251949329522e+03 5.175500000000000000e+04 6.688200000000000000e+04
9.701723378487251415e-01 9.899999999999985478e-01 1.443289932012703503e-15 5.791306999999999971e+04 3.294178672309686135e+03 5.138700000000000000e+04 6.861700000000000000e+04
9.801723378487251503e-01 9.899999999999985478e-01 1.443289932012703503e-15 5.810406999999999971e+04 3.251021181890391745e+03 5.130200000000000000e+04 6.897000000000000000e+04
9.901723378487251592e-01 9.899999999999985478e-01 1.443289932012703503e-15 5.776177999999999884e+04 3.064509998613154949e+03 5.081900000000000000e+04 6.636500000000000000e+04
1.000172337848725057e+00 9.899999999999985478e-01 1.443289932012703503e-15 5.809141999999999825e+04 2.944699448772319101e+03 5.024200000000000000e+04 6.396300000000000000e+04
