1.000000000000000021e-02 9.899999999999985478e-01 1.443289932012703503e-15 4.235565000000000146e+04 2.922123154061102014e+03 3.583300000000000000e+04 5.122300000000000000e+04
1.100000000000000110e-02 9.899999999999985478e-01 1.443289932012703503e-15 4.124827999999999884e+04 3.087894784736034580e+03 3.528100000000000000e+04 5.351500000000000000e+04
1.210000000000000138e-02 9.899999999999985478e-01 1.443289932012703503e-15 4.031205999999999767e+04 3.145755444467989946e+03 3.289200000000000000e+04 4.827700000000000000e+04
1.331000000000000238e-02 9.899999999999985478e-01 1.443289932012703503e-15 3.910826999999999680e+04 2.581046601109712356e+03 3.402800000000000000e+04 4.697500000000000000e+04
1.464100000000000297e-02 9.899999999999985478e-01 1.443289932012703503e-15 3.816840000000000146e+04 2.457761802941855876e+03 3.211100000000000000e+04 4.424300000000000000e+04
1.610510000000000413e-02 9.899999999999985478e-01 1.443289932012703503e-15 3.800525000000000000e+04 2.330776756255304463e+03 3.316700000000000000e+04 4.502900000000000000e+04
1.771561000000000663e-02 9.899999999999985478e-01 1.443289932012703503e-15 3.741515000000000146e+04 2.588969062677265811e+03 3.217900000000000000e+04 4.674100000000000000e+04
1.948717100000000799e-02 9.899999999999985478e-01 1.443289932012703503e-15 3.588944999999999709e+04 2.269449811628359839e+03 2.982400000000000000e+04 4.266500000000000000e+04
2.143588810000001191e-02 9.899999999999985478e-01 1.443289932012703503e-15 3.539241000000000349e+04 2.472749332605309064e+03 3.021100000000000000e+04 4.681900000000000000e+04
2.357947691000001483e-02 9.899999999999985478e-01 1.443289932012703503e-15 3.494398000000000320e+04 2.399636184841360773e+03 2.871700000000000000e+04 4.189600000000000000e+04
2.593742460100001770e-02 9.899999999999985478e-01 1.443289932012703503e-15 3.358187000000000262e+04 1.789082198530855749e+03 2.783000000000000000e+04 3.798100000000000000e+04
2.853116706110002052e-02 9.899999999999985478e-01 1.443289932012703503e-15 3.321072000000000116e+04 2.032302920728107893e+03 2.977100000000000000e+04 3.799100000000000000e+04
3.138428376721002361e-02 9.899999999999985478e-01 1.443289932012703503e-15 3.201520000000000073e+04 2.153328321459595372e+03 2.731200000000000000e+04 3.639400000000000000e+04
3.452271214393103083e-02 9.899999999999985478e-01 1.443289932012703503e-15 3.199029000000000087e+04 1.974589842448299578e+03 2.813000000000000000e+04 3.891800000000000000e+04
3.797498335832413807e-02 9.899999999999985478e-01 1.443289932012703503e-15 3.083356999999999971e+04 2.013816815179573268e+03 2.608300000000000000e+04 3.723600000000000000e+04
4.177248169415655188e-02 9.899999999999985478e-01 1.443289932012703503e-15 2.999013000000000102e+04 1.862357079912442487e+03 2.597700000000000000e+04 3.486100000000000000e+04
4.594972986357220845e-02 9.899999999999985478e-01 1.443289932012703503e-15 2.960479000000000087e+04 1.855931864562920737e+03 2.598100000000000000e+04 3.494200000000000000e+04
5.054470284992943624e-02 9.899999999999985478e-01 1.443289932012703503e-15 2.919443000000000029e+04 1.882546112343599134e+03 2.465300000000000000e+04 3.575900000000000000e+04
5.559917313492238750e-02 9.899999999999985478e-01 1.443289932012703503e-15 2.836886999999999898e+04 1.751004412644354261e+03 2.515200000000000000e+04 3.373700000000000000e+04
6.115909044841463110e-02 9.899999999999985478e-01 1.443289932012703503e-15 2.755379999999999927e+04 1.430631049572180927e+03 2.450200000000000000e+04 3.127200000000000000e+04
6.727499949325610462e-02 9.899999999999985478e-01 1.443289932012703503e-15 2.678791999999999825e+04 1.449467465519664529e+03 2.366300000000000000e+04 3.061100000000000000e+04
7.400249944258172063e-02 9.899999999999985478e-01 1.443289932012703503e-15 2.640947999999999956e+04 1.589760154740330790e+03 2.279100000000000000e+04 3.176900000000000000e+04
8.140274938683990380e-02 9.899999999999985478e-01 1.443289932012703503e-15 2.601572999999999956e+04 1.376858837027238906e+03 2.345700000000000000e+04 2.942500000000000000e+04
8.954302432552389834e-02 9.899999999999985478e-01 1.443289932012703503e-15 2.529966999999999825e+04 1.585342821316575737e+03 2.256000000000000000e+04 2.951800000000000000e+04
9.849732675807629234e-02 9.899999999999985478e-01 1.443289932012703503e-15 2.468824000000000160e+04 1.264486331440557706e+03 2.211200000000000000e+04 2.833600000000000000e+04
1.083470594338839244e-01 9.899999999999985478e-01 1.443289932012703503e-15 2.412636999999999898e+04 1.303595049507322983e+03 2.152700000000000000e+04 2.813800000000000000e+04
1.191817653772723196e-01 9.899999999999985478e-01 1.443289932012703503e-15 2.342054999999999927e+04 1.170582738425609477e+03 2.071700000000000000e+04 2.651300000000000000e+04
1.310999419149995737e-01 9.899999999999985478e-01 1.443289932012703503e-15 2.301615000000000146e+04 1.150728442118295789e+03 2.066800000000000000e+04 2.623500000000000000e+04
1.442099361064995422e-01 9.899999999999985478e-01 1.443289932012703503e-15 2.260254999999999927e+04 1.067905373851072909e+03 2.072700000000000000e+04 2.711800000000000000e+04
1.586309297171495103e-01 9.899999999999985478e-01 1.443289932012703503e-15 2.210690000000000146e+04 9.518385419807292465e+02 2.011300000000000000e+04 2.405800000000000000e+04
1.744940226888644641e-01 9.899999999999985478e-01 1.443289932012703503e-15 2.161056000000000131e+04 1.101747914180008820e+03 1.892300000000000000e+04 2.630500000000000000e+04
1.919434249577509355e-01 9.899999999999985478e-01 1.443289932012703503e-15 2.121825999999999840e+04 7.781390058337906339e+02 1.946500000000000000e+04 2.351600000000000000e+04
2.111377674535260540e-01 9.899999999999985478e-01 1.443289932012703503e-15 2.065136999999999898e+04 8.411220441172612254e+02 1.919500000000000000e+04 2.455500000000000000e+04
2.322515441988786677e-01 9.899999999999985478e-01 1.443289932012703503e-15 2.019556000000000131e+04 8.232414751456584554e+02 1.849200000000000000e+04 2.228700000000000000e+04
2.554766986187665401e-01 9.899999999999985478e-01 1.443289932012703503e-15 1.984122999999999956e+04 8.071195556421613446e+02 1.786300000000000000e+04 2.219800000000000000e+04
2.810243684806432163e-01 9.899999999999985478e-01 1.443289932012703503e-15 1.969920999999999913e+04 9.044246712136947508e+02 1.797200000000000000e+04 2.255100000000000000e+04
3.091268053287075657e-01 9.899999999999985478e-01 1.443289932012703503e-15 1.933159000000000015e+04 8.699880929644956495e+02 1.710400000000000000e+04 2.135200000000000000e+04
3.400394858615783389e-01 9.899999999999985478e-01 1.443289932012703503e-15 1.900038000000000102e+04 7.074804135804751013e+02 1.728900000000000000e+04 2.077100000000000000e+04
3.740434344477361894e-01 9.899999999999985478e-01 1.443289932012703503e-15 1.865356000000000131e+04 8.143373050523966867e+02 1.694200000000000000e+04 2.112800000000000000e+04
4.114477778925098583e-01 9.899999999999985478e-01 1.443289932012703503e-15 1.846050000000000000e+04 8.038558141856038901e+02 1.638400000000000000e+04 2.120800000000000000e+04
4.525925556817608775e-01 9.899999999999985478e-01 1.443289932012703503e-15 1.819313000000000102e+04 6.526885728278072065e+02 1.683400000000000000e+04 2.008100000000000000e+04
4.978518112499369930e-01 9.899999999999985478e-01 1.443289932012703503e-15 1.795938999999999942e+04 6.172487164020674300e+02 1.642700000000000000e+04 1.915100000000000000e+04
5.476369923749306867e-01 9.899999999999985478e-01 1.443289932012703503e-15 1.775665999999999985e+04 6.846586626925858354e+02 1.653000000000000000e+04 1.959200000000000000e+04
6.024006916124238220e-01 9.899999999999985478e-01 1.443289932012703503e-15 1.762777999999999884e+04 6.522145748141481363e+02 1.615800000000000000e+04 1.960000000000000000e+04
6.626407607736662930e-01 9.899999999999985478e-01 1.443289932012703503e-15 1.743831000000000131e+04 7.071992603927127448e+02 1.610000000000000000e+04 1.940900000000000000e+04
7.289048368510330222e-01 9.899999999999985478e-01 1.443289932012703503e-15 1.747000999999999840e+04 6.599731433172111110e+02 1.626900000000000000e+04 1.934700000000000000e+04
8.017953205361363356e-01 9.899999999999985478e-01 1.443289932012703503e-15 1.754050999999999840e+04 6.726802731610314368e+02 1.610100000000000000e+04 1.911700000000000000e+04
8.819748525897500580e-01 9.899999999999985478e-01 1.443289932012703503e-15 1.735925999999999840e+04 6.599015171978317085e+02 1.588500000000000000e+04 1.931200000000000000e+04
9.701723378487251415e-01 9.899999999999985478e-01 1.443289932012703503e-15 1.740852000000000044e+04 6.436711191283948210e+02 1.617200000000000000e+04 1.991000000000000000e+04
9.801723378487251503e-01 9.899999999999985478e-01 1.443289932012703503e-15 1.739625000000000000e+04 7.692914320983953758e+02 1.586800000000000000e+04 2.058000000000000000e+04
9.901723378487251592e-01 9.899999999999985478e-01 1.443289932012703503e-15 1.743293999999999869e+04 6.320036047365553031e+02 1.627700000000000000e+04 1.989800000000000000e+04
1.000172337848725057e+00 9.899999999999985478e-01 1.443289932012703503e-15 1.739125000000000000e+04 6.696716415527836261e+02 1.598300000000000000e+04 1.917700000000000000e+04
