1.000000000000000021e-02 9.449439999999998951e-01 1.682427603197237873e-02 3.000000000000000000e+07 0.000000000000000000e+00 3.000000000000000000e+07 3.000000000000000000e+07
1.100000000000000110e-02 9.454490000000003169e-01 1.454022348521508134e-02 3.000000000000000000e+07 0.000000000000000000e+00 3.000000000000000000e+07 3.000000000000000000e+07
1.210000000000000138e-02 9.451240000000002972e-01 1.958166039946562104e-02 3.000000000000000000e+07 0.000000000000000000e+00 3.000000000000000000e+07 3.000000000000000000e+07
1.331000000000000238e-02 9.446200000000001262e-01 1.584520747734152746e-02 3.000000000000000000e+07 0.000000000000000000e+00 3.000000000000000000e+07 3.000000000000000000e+07
1.464100000000000297e-02 9.458550000000000013e-01 1.479477188063404829e-02 3.000000000000000000e+07 0.000000000000000000e+00 3.000000000000000000e+07 3.000000000000000000e+07
1.610510000000000413e-02 9.439279999999997672e-01 1.646868592207648141e-02 3.000000000000000000e+07 0.000000000000000000e+00 3.000000000000000000e+07 3.000000000000000000e+07
1.771561000000000663e-02 9.453700000000001546e-01 1.764019557714710182e-02 3.000000000000000000e+07 0.000000000000000000e+00 3.000000000000000000e+07 3.000000000000000000e+07
1.948717100000000799e-02 9.464150000000003393e-01 1.861545258649383028e-02 3.000000000000000000e+07 0.000000000000000000e+00 3.000000000000000000e+07 3.000000000000000000e+07
2.143588810000001191e-02 9.482639999999993297e-01 1.724345974565429096e-02 3.000000000000000000e+07 0.000000000000000000e+00 3.000000000000000000e+07 3.000000000000000000e+07
2.357947691000001483e-02 9.446949999999997294e-01 1.729963800199298476e-02 3.000000000000000000e+07 0.000000000000000000e+00 3.000000000000000000e+07 3.000000000000000000e+07
2.593742460100001770e-02 9.430850000000002842e-01 1.575241806834747765e-02 3.000000000000000000e+07 0.000000000000000000e+00 3.000000000000000000e+07 3.000000000000000000e+07
2.853116706110002052e-02 9.443749999999997424e-01 1.779629385574423364e-02 3.000000000000000000e+07 0.000000000000000000e+00 3.000000000000000000e+07 3.000000000000000000e+07
3.138428376721002361e-02 9.427570000000001782e-01 2.084946644401242458e-02 3.000000000000000000e+07 0.000000000000000000e+00 3.000000000000000000e+07 3.000000000000000000e+07
3.452271214393103083e-02 9.450560000000001182e-01 1.559533468701457259e-02 3.000000000000000000e+07 0.000000000000000000e+00 3.000000000000000000e+07 3.000000000000000000e+07
3.797498335832413807e-02 9.512119999999996134e-01 1.558922884558437867e-02 3.000000000000000000e+07 0.000000000000000000e+00 3.000000000000000000e+07 3.000000000000000000e+07
4.177248169415655188e-02 9.501320000000000876e-01 1.477287297718354701e-02 3.000000000000000000e+07 0.000000000000000000e+00 3.000000000000000000e+07 3.000000000000000000e+07
4.594972986357220845e-02 9.499659999999997551e-01 1.456767805794732980e-02 3.000000000000000000e+07 0.000000000000000000e+00 3.000000000000000000e+07 3.000000000000000000e+07
5.054470284992943624e-02 9.506080000000000085e-01 1.485235792727875904e-02 3.000000000000000000e+07 0.000000000000000000e+00 3.000000000000000000e+07 3.000000000000000000e+07
5.559917313492238750e-02 9.494949999999994228e-01 1.641543404848010146e-02 3.000000000000000000e+07 0.000000000000000000e+00 3.000000000000000000e+07 3.000000000000000000e+07
6.115909044841463110e-02 9.550639999999998020e-01 1.295153674279619915e-02 3.000000000000000000e+07 0.000000000000000000e+00 3.000000000000000000e+07 3.000000000000000000e+07
6.727499949325610462e-02 9.571769999999993894e-01 1.137214012400480402e-02 3.000000000000000000e+07 0.000000000000000000e+00 3.000000000000000000e+07 3.000000000000000000e+07
7.400249944258172063e-02 9.588289999999995983e-01 1.259427088004701212e-02 3.000000000000000000e+07 0.000000000000000000e+00 3.000000000000000000e+07 3.000000000000000000e+07
8.140274938683990380e-02 9.630319999999993330e-01 1.098233927722140103e-02 3.000000000000000000e+07 0.000000000000000000e+00 3.000000000000000000e+07 3.000000000000000000e+07
8.954302432552389834e-02 9.635879999999998891e-01 1.097905533276884171e-02 3.000000000000000000e+07 0.000000000000000000e+00 3.000000000000000000e+07 3.000000000000000000e+07
9.849732675807629234e-02 9.655710000000005122e-01 1.018763264944314191e-02 3.000000000000000000e+07 0.000000000000000000e+00 3.000000000000000000e+07 3.000000000000000000e+07
1.083470594338839244e-01 9.699320000000004605e-01 9.699637931386924719e-03 2.970073816000000015e+07 2.977617712054111529e+06 7.381600000000000000e+04 3.000000000000000000e+07
1.191817653772723196e-01 9.748980000000000423e-01 9.052391728156706716e-03 2.970068560000000149e+07 2.978140677451059688e+06 6.856000000000000000e+04 3.000000000000000000e+07
1.310999419149995737e-01 9.785679999999992162e-01 7.371809547187172310e-03 2.850353948999999836e+07 6.522920187934213318e+06 6.531500000000000000e+04 3.000000000000000000e+07
1.442099361064995422e-01 9.800979999999992476e-01 7.205941715001591349e-03 2.850352376000000164e+07 6.522988751897462644e+06 6.650700000000000000e+04 3.000000000000000000e+07
1.586309297171495103e-01 9.840569999999998485e-01 5.661612049584461431e-03 2.401339400000000000e+07 1.197321211333832517e+07 6.133500000000000000e+04 3.000000000000000000e+07
1.744940226888644641e-01 9.856769999999995813e-01 4.768120279523150977e-03 2.221722419999999925e+07 1.312996927096597478e+07 6.045800000000000000e+04 3.000000000000000000e+07
1.919434249577509355e-01 9.875599999999995493e-01 3.292688870816672022e-03 1.772646789000000060e+07 1.472324858650108613e+07 5.849500000000000000e+04 3.000000000000000000e+07
2.111377674535260540e-01 9.881399999999994632e-01 2.693733468626764802e-03 1.563021363000000082e+07 1.495654800033822842e+07 5.687100000000000000e+04 3.000000000000000000e+07
2.322515441988786677e-01 9.887769999999993509e-01 2.088916226180452963e-03 1.263581972000000067e+07 1.477627414146064781e+07 5.600800000000000000e+04 3.000000000000000000e+07
2.554766986187665401e-01 9.895369999999988897e-01 1.116660646749942235e-03 7.544690519999999553e+06 1.296457919488718361e+07 5.270300000000000000e+04 3.000000000000000000e+07
2.810243684806432163e-01 9.895809999999987117e-01 1.173771272437689264e-03 6.945052799999999814e+06 1.260035254542821273e+07 5.270100000000000000e+04 3.000000000000000000e+07
3.091268053287075657e-01 9.897119999999993700e-01 7.318852369053474886e-04 7.542912009999999776e+06 1.296560608118355647e+07 5.093100000000000000e+04 3.000000000000000000e+07
3.400394858615783389e-01 9.895869999999987732e-01 1.052012832621344223e-03 7.542575150000000373e+06 1.296580056323758140e+07 5.155800000000000000e+04 3.000000000000000000e+07
3.740434344477361894e-01 9.894559999999994471e-01 8.858126212693016649e-04 1.233258191000000015e+07 1.472783846825096011e+07 4.834600000000000000e+04 3.000000000000000000e+07
4.114477778925098583e-01 9.884319999999996442e-01 1.368859379191296032e-03 2.371126719000000134e+07 1.219739372530915961e+07 5.029100000000000000e+04 3.000000000000000000e+07
4.525925556817608775e-01 9.866350000000005949e-01 1.892320004650373906e-03 2.850275864999999851e+07 6.526323764193808660e+06 5.181400000000000000e+04 3.000000000000000000e+07
4.978518112499369930e-01 9.843550000000000910e-01 1.978705384841314939e-03 3.000000000000000000e+07 0.000000000000000000e+00 3.000000000000000000e+07 3.000000000000000000e+07
5.476369923749306867e-01 9.819960000000000910e-01 1.817906488244095320e-03 3.000000000000000000e+07 0.000000000000000000e+00 3.000000000000000000e+07 3.000000000000000000e+07
6.024006916124238220e-01 9.787649999999997741e-01 2.359846393306138171e-03 3.000000000000000000e+07 0.000000000000000000e+00 3.000000000000000000e+07 3.000000000000000000e+07
6.626407607736662930e-01 9.759649999999996384e-01 2.321222738127471860e-03 3.000000000000000000e+07 0.000000000000000000e+00 3.000000000000000000e+07 3.000000000000000000e+07
7.289048368510330222e-01 9.731930000000003078e-01 2.399885622274525784e-03 3.000000000000000000e+07 0.000000000000000000e+00 3.000000000000000000e+07 3.000000000000000000e+07
8.017953205361363356e-01 9.705260000000001108e-01 2.469316504622283241e-03 3.000000000000000000e+07 0.000000000000000000e+00 3.000000000000000000e+07 3.000000000000000000e+07
8.819748525897500580e-01 9.685390000000002608e-01 2.631003420750337163e-03 3.000000000000000000e+07 0.000000000000000000e+00 3.000000000000000000e+07 3.000000000000000000e+07
9.701723378487251415e-01 9.681110000000000548e-01 2.467545136365293431e-03 3.000000000000000000e+07 0.000000000000000000e+00 3.000000000000000000e+07 3.000000000000000000e+07
9.801723378487251503e-01 9.684789999999996457e-01 2.147663614256201201e-03 3.000000000000000000e+07 0.000000000000000000e+00 3.000000000000000000e+07 3.000000000000000000e+07
9.901723378487251592e-01 9.680980000000002361e-01 2.507348400202890314e-03 3.000000000000000000e+07 0.000000000000000000e+00 3.000000000000000000e+07 3.000000000000000000e+07
1.000172337848725057e+00 9.682640000000004576e-01 2.394932984448630044e-03 3.000000000000000000e+07 0.000000000000000000e+00 3.000000000000000000e+07 3.000000000000000000e+07
