1.000000000000000021e-02 9.899999999999985478e-01 1.443289932012703503e-15 9.891079999999999927e+03 3.059411708155673759e-01 9.890000000000000000e+03 9.892000000000000000e+03
1.100000000000000110e-02 9.899999999999985478e-01 1.443289932012703503e-15 9.890969999999999345e+03 2.628687885618985476e-01 9.890000000000000000e+03 9.892000000000000000e+03
1.210000000000000138e-02 9.899999999999985478e-01 1.443289932012703503e-15 9.891059999999999491e+03 3.693237062523875291e-01 9.890000000000000000e+03 9.893000000000000000e+03
1.331000000000000238e-02 9.899999999999985478e-01 1.443289932012703503e-15 9.891049999999999272e+03 2.598076211353317344e-01 9.890000000000000000e+03 9.892000000000000000e+03
1.464100000000000297e-02 9.899999999999985478e-01 1.443289932012703503e-15 9.891030000000000655e+03 3.861346915261563706e-01 9.890000000000000000e+03 9.892000000000000000e+03
1.610510000000000413e-02 9.899999999999985478e-01 1.443289932012703503e-15 9.891000000000000000e+03 3.464101615137754608e-01 9.890000000000000000e+03 9.892000000000000000e+03
1.771561000000000663e-02 9.899999999999985478e-01 1.443289932012703503e-15 9.890969999999999345e+03 4.348562981031779406e-01 9.889000000000000000e+03 9.892000000000000000e+03
1.948717100000000799e-02 9.899999999999985478e-01 1.443289932012703503e-15 9.890979999999999563e+03 3.736308338453879219e-01 9.890000000000000000e+03 9.892000000000000000e+03
2.143588810000001191e-02 9.899999999999985478e-01 1.443289932012703503e-15 9.890969999999999345e+03 3.861346915261563706e-01 9.890000000000000000e+03 9.892000000000000000e+03
2.357947691000001483e-02 9.899999999999985478e-01 1.443289932012703503e-15 9.891040000000000873e+03 2.800000000000001377e-01 9.890000000000000000e+03 9.892000000000000000e+03
2.593742460100001770e-02 9.899999999999985478e-01 1.443289932012703503e-15 9.890920000000000073e+03 5.230678732248810192e-01 9.889000000000000000e+03 9.892000000000000000e+03
2.853116706110002052e-02 9.899999999999985478e-01 1.443289932012703503e-15 9.891069999999999709e+03 4.950757517794628360e-01 9.890000000000000000e+03 9.893000000000000000e+03
3.138428376721002361e-02 9.899999999999985478e-01 1.443289932012703503e-15 9.890959999999999127e+03 3.720215047547649756e-01 9.890000000000000000e+03 9.892000000000000000e+03
3.452271214393103083e-02 9.899999999999985478e-01 1.443289932012703503e-15 9.891010000000000218e+03 4.794788837894737310e-01 9.889000000000000000e+03 9.892000000000000000e+03
3.797498335832413807e-02 9.899999999999985478e-01 1.443289932012703503e-15 9.890920000000000073e+03 5.230678732248810192e-01 9.889000000000000000e+03 9.893000000000000000e+03
4.177248169415655188e-02 9.899999999999985478e-01 1.443289932012703503e-15 9.890940000000000509e+03 6.135144660071188971e-01 9.889000000000000000e+03 9.892000000000000000e+03
4.594972986357220845e-02 9.899999999999985478e-01 1.443289932012703503e-15 9.890870000000000800e+03 5.771481612203238631e-01 9.889000000000000000e+03 9.892000000000000000e+03
5.054470284992943624e-02 9.899999999999985478e-01 1.443289932012703503e-15 9.891040000000000873e+03 6.916646586316229639e-01 9.889000000000000000e+03 9.893000000000000000e+03
5.559917313492238750e-02 9.899999999999985478e-01 1.443289932012703503e-15 9.890950000000000728e+03 5.894913061275794952e-01 9.889000000000000000e+03 9.892000000000000000e+03
6.115909044841463110e-02 9.899999999999985478e-01 1.443289932012703503e-15 9.891010000000000218e+03 6.556675987114197746e-01 9.890000000000000000e+03 9.893000000000000000e+03
6.727499949325610462e-02 9.899999999999985478e-01 1.443289932012703503e-15 9.891129999999999200e+03 7.301369734508731391e-01 9.889000000000000000e+03 9.893000000000000000e+03
7.400249944258172063e-02 9.899999999999985478e-01 1.443289932012703503e-15 9.891079999999999927e+03 6.112282715974445280e-01 9.890000000000000000e+03 9.893000000000000000e+03
8.140274938683990380e-02 9.899999999999985478e-01 1.443289932012703503e-15 9.890930000000000291e+03 7.383088784512884528e-01 9.889000000000000000e+03 9.893000000000000000e+03
8.954302432552389834e-02 9.899999999999985478e-01 1.443289932012703503e-15 9.890909999999999854e+03 7.084490101623408531e-01 9.889000000000000000e+03 9.893000000000000000e+03
9.849732675807629234e-02 9.899999999999985478e-01 1.443289932012703503e-15 9.891079999999999927e+03 7.025667228100109796e-01 9.889000000000000000e+03 9.893000000000000000e+03
1.083470594338839244e-01 9.899999999999985478e-01 1.443289932012703503e-15 9.890930000000000291e+03 9.618211892030661403e-01 9.888000000000000000e+03 9.894000000000000000e+03
1.191817653772723196e-01 9.899999999999985478e-01 1.443289932012703503e-15 9.891020000000000437e+03 9.589577675789477951e-01 9.888000000000000000e+03 9.894000000000000000e+03
1.310999419149995737e-01 9.899999999999985478e-01 1.443289932012703503e-15 9.891120000000000800e+03 8.634813257969168321e-01 9.889000000000000000e+03 9.893000000000000000e+03
1.442099361064995422e-01 9.899999999999985478e-01 1.443289932012703503e-15 9.890979999999999563e+03 9.693296652842106065e-01 9.888000000000000000e+03 9.893000000000000000e+03
1.586309297171495103e-01 9.899999999999985478e-01 1.443289932012703503e-15 9.890969999999999345e+03 1.152865993947259193e+00 9.887000000000000000e+03 9.893000000000000000e+03
1.744940226888644641e-01 9.899999999999985478e-01 1.443289932012703503e-15 9.891059999999999491e+03 1.287012043455693755e+00 9.886000000000000000e+03 9.894000000000000000e+03
1.919434249577509355e-01 9.899999999999985478e-01 1.443289932012703503e-15 9.890950000000000728e+03 1.152171862180290995e+00 9.886000000000000000e+03 9.893000000000000000e+03
2.111377674535260540e-01 9.899999999999985478e-01 1.443289932012703503e-15 9.890860000000000582e+03 1.157756451072504467e+00 9.888000000000000000e+03 9.893000000000000000e+03
2.322515441988786677e-01 9.899999999999985478e-01 1.443289932012703503e-15 9.890780000000000655e+03 1.188107739222332260e+00 9.888000000000000000e+03 9.893000000000000000e+03
2.554766986187665401e-01 9.899999999999985478e-01 1.443289932012703503e-15 9.891139999999999418e+03 1.183384975398960703e+00 9.888000000000000000e+03 9.894000000000000000e+03
2.810243684806432163e-01 9.899999999999985478e-01 1.443289932012703503e-15 9.890989999999999782e+03 1.452549482806007042e+00 9.887000000000000000e+03 9.895000000000000000e+03
3.091268053287075657e-01 9.899999999999985478e-01 1.443289932012703503e-15 9.890879999999999200e+03 1.444160655882856137e+00 9.887000000000000000e+03 9.894000000000000000e+03
3.400394858615783389e-01 9.899999999999985478e-01 1.443289932012703503e-15 9.891030000000000655e+03 1.459143584435746321e+00 9.887000000000000000e+03 9.894000000000000000e+03
3.740434344477361894e-01 9.899999999999985478e-01 1.443289932012703503e-15 9.891129999999999200e+03 1.361286156544611936e+00 9.888000000000000000e+03 9.894000000000000000e+03
4.114477778925098583e-01 9.899999999999985478e-01 1.443289932012703503e-15 9.890930000000000291e+03 1.563681553258208456e+00 9.885000000000000000e+03 9.894000000000000000e+03
4.525925556817608775e-01 9.899999999999985478e-01 1.443289932012703503e-15 9.890930000000000291e+03 1.733522425583240878e+00 9.886000000000000000e+03 9.895000000000000000e+03
4.978518112499369930e-01 9.899999999999985478e-01 1.443289932012703503e-15 9.891260000000000218e+03 1.597623234683321458e+00 9.887000000000000000e+03 9.895000000000000000e+03
5.476369923749306867e-01 9.899999999999985478e-01 1.443289932012703503e-15 9.891030000000000655e+03 1.596590116466964693e+00 9.887000000000000000e+03 9.894000000000000000e+03
6.024006916124238220e-01 9.899999999999985478e-01 1.443289932012703503e-15 9.891020000000000437e+03 1.821976948262517881e+00 9.884000000000000000e+03 9.895000000000000000e+03
6.626407607736662930e-01 9.899999999999985478e-01 1.443289932012703503e-15 9.891049999999999272e+03 2.041445566259362021e+00 9.885000000000000000e+03 9.894000000000000000e+03
7.289048368510330222e-01 9.899999999999985478e-01 1.443289932012703503e-15 9.890959999999999127e+03 2.048999755978511139e+00 9.886000000000000000e+03 9.895000000000000000e+03
8.017953205361363356e-01 9.899999999999985478e-01 1.443289932012703503e-15 9.891040000000000873e+03 1.875739854030935794e+00 9.885000000000000000e+03 9.895000000000000000e+03
8.819748525897500580e-01 9.899999999999985478e-01 1.443289932012703503e-15 9.890940000000000509e+03 1.943296168884198760e+00 9.885000000000000000e+03 9.895000000000000000e+03
9.701723378487251415e-01 9.899999999999985478e-01 1.443289932012703503e-15 9.891329999999999927e+03 1.760994037468610163e+00 9.886000000000000000e+03 9.895000000000000000e+03
9.801723378487251503e-01 9.899999999999985478e-01 1.443289932012703503e-15 9.890909999999999854e+03 1.855235834065306122e+00 9.886000000000000000e+03 9.894000000000000000e+03
9.901723378487251592e-01 9.899999999999985478e-01 1.443289932012703503e-15 9.891120000000000800e+03 1.850837648201484331e+00 9.887000000000000000e+03 9.895000000000000000e+03
1.000172337848725057e+00 9.899999999999985478e-01 1.443289932012703503e-15 9.891100000000000364e+03 1.682260384126071928e+00 9.887000000000000000e+03 9.894000000000000000e+03
