1.000000000000000021e-02 9.899999999999985478e-01 1.443289932012703503e-15 5.346187000000000262e+04 4.144922956232117940e+03 4.452300000000000000e+04 6.494400000000000000e+04
1.100000000000000110e-02 9.899999999999985478e-01 1.443289932012703503e-15 5.354005000000000291e+04 3.674387947332182193e+03 4.486700000000000000e+04 6.256900000000000000e+04
1.210000000000000138e-02 9.899999999999985478e-01 1.443289932012703503e-15 5.244076999999999680e+04 3.618276979046793258e+03 4.364200000000000000e+04 6.688100000000000000e+04
1.331000000000000238e-02 9.899999999999985478e-01 1.443289932012703503e-15 5.134394000000000233e+04 3.765451818361244023e+03 4.331500000000000000e+04 6.072100000000000000e+04
1.464100000000000297e-02 9.899999999999985478e-01 1.443289932012703503e-15 5.048205000000000291e+04 3.648897864766839575e+03 4.242500000000000000e+04 6.074500000000000000e+04
1.610510000000000413e-02 9.899999999999985478e-01 1.443289932012703503e-15 4.973366000000000349e+04 3.735962826956391837e+03 4.209800000000000000e+04 5.996900000000000000e+04
1.771561000000000663e-02 9.899999999999985478e-01 1.443289932012703503e-15 4.860906999999999971e+04 3.189804574750622123e+03 4.017000000000000000e+04 5.961800000000000000e+04
1.948717100000000799e-02 9.899999999999985478e-01 1.443289932012703503e-15 4.804061000000000058e+04 2.905666711427860719e+03 3.949600000000000000e+04 5.496000000000000000e+04
2.143588810000001191e-02 9.899999999999985478e-01 1.443289932012703503e-15 4.708008999999999651e+04 3.589105002908105689e+03 3.968600000000000000e+04 5.845600000000000000e+04
2.357947691000001483e-02 9.899999999999985478e-01 1.443289932012703503e-15 4.615845999999999913e+04 3.317633790580267942e+03 4.044600000000000000e+04 5.798300000000000000e+04
2.593742460100001770e-02 9.899999999999985478e-01 1.443289932012703503e-15 4.507190000000000146e+04 3.494751557693336053e+03 3.773000000000000000e+04 5.389900000000000000e+04
2.853116706110002052e-02 9.899999999999985478e-01 1.443289932012703503e-15 4.461787000000000262e+04 2.871258680979476139e+03 3.716700000000000000e+04 5.302700000000000000e+04
3.138428376721002361e-02 9.899999999999985478e-01 1.443289932012703503e-15 4.317898000000000320e+04 3.342722958846575239e+03 3.673600000000000000e+04 5.732900000000000000e+04
3.452271214393103083e-02 9.899999999999985478e-01 1.443289932012703503e-15 4.287262000000000262e+04 3.108178311422946535e+03 3.630700000000000000e+04 5.266300000000000000e+04
3.797498335832413807e-02 9.899999999999985478e-01 1.443289932012703503e-15 4.214187000000000262e+04 2.732874939162054488e+03 3.472500000000000000e+04 5.183400000000000000e+04
4.177248169415655188e-02 9.899999999999985478e-01 1.443289932012703503e-15 4.142933999999999651e+04 2.879932190937834548e+03 3.529000000000000000e+04 5.069200000000000000e+04
4.594972986357220845e-02 9.899999999999985478e-01 1.443289932012703503e-15 4.026675000000000000e+04 2.746048784617637011e+03 3.435300000000000000e+04 4.711900000000000000e+04
5.054470284992943624e-02 9.899999999999985478e-01 1.443289932012703503e-15 3.937679000000000087e+04 2.614290891599478982e+03 3.465900000000000000e+04 4.747400000000000000e+04
5.559917313492238750e-02 9.899999999999985478e-01 1.443289932012703503e-15 3.997451999999999680e+04 3.281510537785914494e+03 3.204100000000000000e+04 5.419300000000000000e+04
6.115909044841463110e-02 9.899999999999985478e-01 1.443289932012703503e-15 3.847012000000000262e+04 2.387941047346017967e+03 3.350000000000000000e+04 4.441700000000000000e+04
6.727499949325610462e-02 9.899999999999985478e-01 1.443289932012703503e-15 3.780898999999999796e+04 2.825878566021548522e+03 3.184700000000000000e+04 4.992600000000000000e+04
7.400249944258172063e-02 9.899999999999985478e-01 1.443289932012703503e-15 3.706111000000000058e+04 2.442082692682621200e+03 3.172000000000000000e+04 4.474000000000000000e+04
8.140274938683990380e-02 9.899999999999985478e-01 1.443289932012703503e-15 3.636444000000000233e+04 2.495638673045439191e+03 3.122700000000000000e+04 4.760600000000000000e+04
8.954302432552389834e-02 9.899999999999985478e-01 1.443289932012703503e-15 3.549488999999999942e+04 2.571997569575057241e+03 3.099300000000000000e+04 4.344500000000000000e+04
9.849732675807629234e-02 9.899999999999985478e-01 1.443289932012703503e-15 3.509584999999999854e+04 2.492017288764265686e+03 2.984800000000000000e+04 4.099600000000000000e+04
1.083470594338839244e-01 9.899999999999985478e-01 1.443289932012703503e-15 3.481173000000000320e+04 2.235777568788988447e+03 3.096800000000000000e+04 4.216000000000000000e+04
1.191817653772723196e-01 9.899999999999985478e-01 1.443289932012703503e-15 3.360147000000000116e+04 2.258075000769461440e+03 2.969700000000000000e+04 4.269400000000000000e+04
1.310999419149995737e-01 9.899999999999985478e-01 1.443289932012703503e-15 3.351841000000000349e+04 2.459338448018084364e+03 2.921200000000000000e+04 4.006100000000000000e+04
1.442099361064995422e-01 9.899999999999985478e-01 1.443289932012703503e-15 3.291391000000000349e+04 2.426454636274909262e+03 2.923600000000000000e+04 4.119800000000000000e+04
1.586309297171495103e-01 9.899999999999985478e-01 1.443289932012703503e-15 3.178306000000000131e+04 1.977975878619352443e+03 2.788400000000000000e+04 3.775400000000000000e+04
1.744940226888644641e-01 9.899999999999985478e-01 1.443289932012703503e-15 3.193329000000000087e+04 2.447263264526315652e+03 2.633500000000000000e+04 3.916600000000000000e+04
1.919434249577509355e-01 9.899999999999985478e-01 1.443289932012703503e-15 3.119015999999999985e+04 1.990143104000313087e+03 2.661200000000000000e+04 3.828900000000000000e+04
2.111377674535260540e-01 9.899999999999985478e-01 1.443289932012703503e-15 3.068227999999999884e+04 2.180747285129572447e+03 2.585500000000000000e+04 3.999200000000000000e+04
2.322515441988786677e-01 9.899999999999985478e-01 1.443289932012703503e-15 3.040029999999999927e+04 2.043577884495719218e+03 2.590900000000000000e+04 3.530900000000000000e+04
2.554766986187665401e-01 9.899999999999985478e-01 1.443289932012703503e-15 2.992954000000000087e+04 2.134645410460482253e+03 2.625700000000000000e+04 3.677300000000000000e+04
2.810243684806432163e-01 9.899999999999985478e-01 1.443289932012703503e-15 2.939797999999999956e+04 2.069742259219732205e+03 2.633300000000000000e+04 3.530100000000000000e+04
3.091268053287075657e-01 9.899999999999985478e-01 1.443289932012703503e-15 2.910013000000000102e+04 2.117601127006689239e+03 2.540600000000000000e+04 3.631900000000000000e+04
3.400394858615783389e-01 9.899999999999985478e-01 1.443289932012703503e-15 2.859593000000000029e+04 2.170555860856844902e+03 2.532300000000000000e+04 3.487200000000000000e+04
3.740434344477361894e-01 9.899999999999985478e-01 1.443289932012703503e-15 2.815897999999999956e+04 2.014316990843298072e+03 2.455100000000000000e+04 3.509200000000000000e+04
4.114477778925098583e-01 9.899999999999985478e-01 1.443289932012703503e-15 2.805659000000000015e+04 2.076356573881279019e+03 2.473300000000000000e+04 3.621900000000000000e+04
4.525925556817608775e-01 9.899999999999985478e-01 1.443289932012703503e-15 2.787858000000000175e+04 1.774224259669560752e+03 2.470500000000000000e+04 3.377800000000000000e+04
4.978518112499369930e-01 9.899999999999985478e-01 1.443289932012703503e-15 2.745284000000000015e+04 1.942340596908791213e+03 2.421600000000000000e+04 3.704600000000000000e+04
5.476369923749306867e-01 9.899999999999985478e-01 1.443289932012703503e-15 2.751940999999999985e+04 1.984046229778933139e+03 2.359400000000000000e+04 3.558100000000000000e+04
6.024006916124238220e-01 9.899999999999985478e-01 1.443289932012703503e-15 2.734904000000000087e+04 2.027335911584461428e+03 2.385200000000000000e+04 3.443600000000000000e+04
6.626407607736662930e-01 9.899999999999985478e-01 1.443289932012703503e-15 2.672965999999999985e+04 1.601448370819365209e+03 2.379900000000000000e+04 3.363300000000000000e+04
7.289048368510330222e-01 9.899999999999985478e-01 1.443289932012703503e-15 2.728229999999999927e+04 2.153246565073308375e+03 2.419100000000000000e+04 3.714900000000000000e+04
8.017953205361363356e-01 9.899999999999985478e-01 1.443289932012703503e-15 2.705879999999999927e+04 1.932938095232229443e+03 2.364200000000000000e+04 3.239400000000000000e+04
8.819748525897500580e-01 9.899999999999985478e-01 1.443289932012703503e-15 2.686554000000000087e+04 1.562210923147063340e+03 2.367800000000000000e+04 3.131300000000000000e+04
9.701723378487251415e-01 9.899999999999985478e-01 1.443289932012703503e-15 2.662986000000000058e+04 1.828293045548223517e+03 2.340000000000000000e+04 3.139400000000000000e+04
9.801723378487251503e-01 9.899999999999985478e-01 1.443289932012703503e-15 2.720784000000000015e+04 2.089713414418350567e+03 2.343300000000000000e+04 3.428600000000000000e+04
9.901723378487251592e-01 9.899999999999985478e-01 1.443289932012703503e-15 2.678259999999999854e+04 1.966208223968153561e+03 2.286300000000000000e+04 3.349600000000000000e+04
1.000172337848725057e+00 9.899999999999985478e-01 1.443289932012703503e-15 2.734095999999999913e+04 1.923674166380575116e+03 2.433900000000000000e+04 3.334300000000000000e+04
