1.000000000000000021e-02 9.899999999999985478e-01 1.443289932012703503e-15 5.522443000000000029e+04 3.992458007931955763e+03 4.639500000000000000e+04 6.385900000000000000e+04
1.100000000000000110e-02 9.899999999999985478e-01 1.443289932012703503e-15 5.528362999999999738e+04 3.730676436398631722e+03 4.703700000000000000e+04 7.037900000000000000e+04
1.210000000000000138e-02 9.899999999999985478e-01 1.443289932012703503e-15 5.287825000000000000e+04 3.425695037142098045e+03 4.576700000000000000e+04 6.350400000000000000e+04
1.331000000000000238e-02 9.899999999999985478e-01 1.443289932012703503e-15 5.273234999999999854e+04 3.745914743757524320e+03 4.345000000000000000e+04 6.355900000000000000e+04
1.464100000000000297e-02 9.899999999999985478e-01 1.443289932012703503e-15 5.179681999999999971e+04 3.433782789810677514e+03 4.426200000000000000e+04 6.041200000000000000e+04
1.610510000000000413e-02 9.899999999999985478e-01 1.443289932012703503e-15 5.089508000000000175e+04 3.402451603417747720e+03 4.202300000000000000e+04 6.151100000000000000e+04
1.771561000000000663e-02 9.899999999999985478e-01 1.443289932012703503e-15 4.992720999999999913e+04 3.373056496102606616e+03 4.233500000000000000e+04 5.947500000000000000e+04
1.948717100000000799e-02 9.899999999999985478e-01 1.443289932012703503e-15 4.976931999999999971e+04 3.323864873547057869e+03 4.203700000000000000e+04 5.941300000000000000e+04
2.143588810000001191e-02 9.899999999999985478e-01 1.443289932012703503e-15 4.821988999999999942e+04 2.858328584662721823e+03 4.196900000000000000e+04 5.913600000000000000e+04
2.357947691000001483e-02 9.899999999999985478e-01 1.443289932012703503e-15 4.770283999999999651e+04 2.873157502539671441e+03 4.102800000000000000e+04 5.505700000000000000e+04
2.593742460100001770e-02 9.899999999999985478e-01 1.443289932012703503e-15 4.633863999999999942e+04 3.354941151555418855e+03 3.854700000000000000e+04 5.816800000000000000e+04
2.853116706110002052e-02 9.899999999999985478e-01 1.443289932012703503e-15 4.579725000000000000e+04 3.539354721909065574e+03 3.762200000000000000e+04 5.653400000000000000e+04
3.138428376721002361e-02 9.899999999999985478e-01 1.443289932012703503e-15 4.527319999999999709e+04 3.067022856126116039e+03 3.829000000000000000e+04 5.437300000000000000e+04
3.452271214393103083e-02 9.899999999999985478e-01 1.443289932012703503e-15 4.419897000000000116e+04 3.069818302294127989e+03 3.861700000000000000e+04 5.308700000000000000e+04
3.797498335832413807e-02 9.899999999999985478e-01 1.443289932012703503e-15 4.374308999999999651e+04 3.059649803801082271e+03 3.598300000000000000e+04 5.191700000000000000e+04
4.177248169415655188e-02 9.899999999999985478e-01 1.443289932012703503e-15 4.286376000000000204e+04 3.058063730925174696e+03 3.642300000000000000e+04 5.142900000000000000e+04
4.594972986357220845e-02 9.899999999999985478e-01 1.443289932012703503e-15 4.221912000000000262e+04 2.899248458756166656e+03 3.661500000000000000e+04 4.969800000000000000e+04
5.054470284992943624e-02 9.899999999999985478e-01 1.443289932012703503e-15 4.139583000000000175e+04 2.705930117556622918e+03 3.608500000000000000e+04 5.123800000000000000e+04
5.559917313492238750e-02 9.899999999999985478e-01 1.443289932012703503e-15 4.055223000000000320e+04 2.666187607258724256e+03 3.517500000000000000e+04 4.798700000000000000e+04
6.115909044841463110e-02 9.899999999999985478e-01 1.443289932012703503e-15 3.962387000000000262e+04 2.543344764891304294e+03 3.242200000000000000e+04 4.703000000000000000e+04
6.727499949325610462e-02 9.899999999999985478e-01 1.443289932012703503e-15 3.875893000000000029e+04 2.700260455048734912e+03 3.341300000000000000e+04 4.726500000000000000e+04
7.400249944258172063e-02 9.899999999999985478e-01 1.443289932012703503e-15 3.861037999999999738e+04 2.872905552850632375e+03 3.288600000000000000e+04 4.770500000000000000e+04
8.140274938683990380e-02 9.899999999999985478e-01 1.443289932012703503e-15 3.792676000000000204e+04 2.740123804210314574e+03 3.151100000000000000e+04 4.617000000000000000e+04
8.954302432552389834e-02 9.899999999999985478e-01 1.443289932012703503e-15 3.707259999999999854e+04 2.432852243766562879e+03 3.169400000000000000e+04 4.256200000000000000e+04
9.849732675807629234e-02 9.899999999999985478e-01 1.443289932012703503e-15 3.666344999999999709e+04 2.330890651124586839e+03 3.247700000000000000e+04 4.284100000000000000e+04
1.083470594338839244e-01 9.899999999999985478e-01 1.443289932012703503e-15 3.600002999999999884e+04 2.619210084949277643e+03 3.115400000000000000e+04 4.620100000000000000e+04
1.191817653772723196e-01 9.899999999999985478e-01 1.443289932012703503e-15 3.526940000000000146e+04 2.249327926292651227e+03 3.121100000000000000e+04 4.105400000000000000e+04
1.310999419149995737e-01 9.899999999999985478e-01 1.443289932012703503e-15 3.482215000000000146e+04 2.264768868449934871e+03 3.068300000000000000e+04 4.149600000000000000e+04
1.442099361064995422e-01 9.899999999999985478e-01 1.443289932012703503e-15 3.488326000000000204e+04 2.462565420938091393e+03 3.118300000000000000e+04 4.419000000000000000e+04
1.586309297171495103e-01 9.899999999999985478e-01 1.443289932012703503e-15 3.342856999999999971e+04 2.051315120867586302e+03 2.870100000000000000e+04 3.937900000000000000e+04
1.744940226888644641e-01 9.899999999999985478e-01 1.443289932012703503e-15 3.297577999999999884e+04 2.300622440036608623e+03 2.951600000000000000e+04 4.221600000000000000e+04
1.919434249577509355e-01 9.899999999999985478e-01 1.443289932012703503e-15 3.273195999999999913e+04 2.333000886926535259e+03 2.798700000000000000e+04 4.256000000000000000e+04
2.111377674535260540e-01 9.899999999999985478e-01 1.443289932012703503e-15 3.209622999999999956e+04 2.224647877103250721e+03 2.737200000000000000e+04 3.894700000000000000e+04
2.322515441988786677e-01 9.899999999999985478e-01 1.443289932012703503e-15 3.128036000000000058e+04 2.030728861862163967e+03 2.829800000000000000e+04 3.803500000000000000e+04
2.554766986187665401e-01 9.899999999999985478e-01 1.443289932012703503e-15 3.113343999999999869e+04 1.824015347084558016e+03 2.734000000000000000e+04 3.883100000000000000e+04
2.810243684806432163e-01 9.899999999999985478e-01 1.443289932012703503e-15 3.083370999999999913e+04 2.041043807932597929e+03 2.705300000000000000e+04 3.729600000000000000e+04
3.091268053287075657e-01 9.899999999999985478e-01 1.443289932012703503e-15 3.040436000000000058e+04 2.070612395017474228e+03 2.632300000000000000e+04 3.886400000000000000e+04
3.400394858615783389e-01 9.899999999999985478e-01 1.443289932012703503e-15 3.004468999999999869e+04 1.975636797060634080e+03 2.618800000000000000e+04 3.493200000000000000e+04
3.740434344477361894e-01 9.899999999999985478e-01 1.443289932012703503e-15 2.913465000000000146e+04 1.637230028890259291e+03 2.580300000000000000e+04 3.430300000000000000e+04
4.114477778925098583e-01 9.899999999999985478e-01 1.443289932012703503e-15 2.944166999999999825e+04 2.201234726488749857e+03 2.532000000000000000e+04 3.565000000000000000e+04
4.525925556817608775e-01 9.899999999999985478e-01 1.443289932012703503e-15 2.867418000000000029e+04 1.789546928023962437e+03 2.475900000000000000e+04 3.381400000000000000e+04
4.978518112499369930e-01 9.899999999999985478e-01 1.443289932012703503e-15 2.882870000000000073e+04 1.963329368700015266e+03 2.581800000000000000e+04 3.456100000000000000e+04
5.476369923749306867e-01 9.899999999999985478e-01 1.443289932012703503e-15 2.849258000000000175e+04 1.938442463319455783e+03 2.505900000000000000e+04 3.433200000000000000e+04
6.024006916124238220e-01 9.899999999999985478e-01 1.443289932012703503e-15 2.815727999999999884e+04 1.925034940358226095e+03 2.470500000000000000e+04 3.460100000000000000e+04
6.626407607736662930e-01 9.899999999999985478e-01 1.443289932012703503e-15 2.821270999999999913e+04 2.188430425190620554e+03 2.492600000000000000e+04 3.645800000000000000e+04
7.289048368510330222e-01 9.899999999999985478e-01 1.443289932012703503e-15 2.819841999999999825e+04 1.627907111477801436e+03 2.499400000000000000e+04 3.337900000000000000e+04
8.017953205361363356e-01 9.899999999999985478e-01 1.443289932012703503e-15 2.765054999999999927e+04 1.865959412071977795e+03 2.515000000000000000e+04 3.474200000000000000e+04
8.819748525897500580e-01 9.899999999999985478e-01 1.443289932012703503e-15 2.782802999999999884e+04 2.040854548736876723e+03 2.466200000000000000e+04 3.492700000000000000e+04
9.701723378487251415e-01 9.899999999999985478e-01 1.443289932012703503e-15 2.780256999999999971e+04 1.807357204622263225e+03 2.458100000000000000e+04 3.339500000000000000e+04
9.801723378487251503e-01 9.899999999999985478e-01 1.443289932012703503e-15 2.805311000000000058e+04 2.002106535102465614e+03 2.482900000000000000e+04 3.457600000000000000e+04
9.901723378487251592e-01 9.899999999999985478e-01 1.443289932012703503e-15 2.802991999999999825e+04 2.119573540502900869e+03 2.462500000000000000e+04 3.483200000000000000e+04
1.000172337848725057e+00 9.899999999999985478e-01 1.443289932012703503e-15 2.789934999999999854e+04 1.968829903140441957e+03 2.404300000000000000e+04 3.594900000000000000e+04
