1.000000000000000021e-02 9.899699999999985733e-01 2.984962311319862001e-04 3.676283200000000070e+05 2.978168089028685819e+06 5.955700000000000000e+04 3.000000000000000000e+07
1.100000000000000110e-02 9.899759999999986348e-01 1.949974358805775119e-04 6.658655899999999674e+05 4.190592448321099859e+06 5.893600000000000000e+04 3.000000000000000000e+07
1.210000000000000138e-02 9.899999999999985478e-01 1.443289932012703503e-15 6.694888999999999942e+04 4.248147553687371328e+03 5.805300000000000000e+04 8.184400000000000000e+04
1.331000000000000238e-02 9.899999999999985478e-01 1.443289932012703503e-15 6.563863999999999942e+04 3.751365584743774434e+03 5.640400000000000000e+04 7.689800000000000000e+04
1.464100000000000297e-02 9.899889999999986756e-01 1.094486180817272379e-04 3.637386799999999930e+05 2.978558447326930240e+06 5.580300000000000000e+04 3.000000000000000000e+07
1.610510000000000413e-02 9.899759999999986348e-01 2.387969849055844660e-04 3.631551799999999930e+05 2.978617183764031157e+06 5.544700000000000000e+04 3.000000000000000000e+07
1.771561000000000663e-02 9.899999999999985478e-01 1.443289932012703503e-15 6.285109999999999854e+04 3.478399912316007430e+03 5.448900000000000000e+04 7.213300000000000000e+04
1.948717100000000799e-02 9.899999999999985478e-01 1.443289932012703503e-15 6.157033000000000175e+04 3.278027953068734860e+03 5.313800000000000000e+04 7.105400000000000000e+04
2.143588810000001191e-02 9.899979999999986013e-01 1.989974874213017311e-05 3.608827399999999907e+05 2.978845283956307918e+06 5.343100000000000000e+04 3.000000000000000000e+07
2.357947691000001483e-02 9.899909999999985111e-01 8.954886933959673280e-05 3.597593900000000140e+05 2.978958026809783652e+06 5.294700000000000000e+04 3.000000000000000000e+07
2.593742460100001770e-02 9.899829999999986141e-01 1.691478643081286467e-04 3.583836900000000023e+05 2.979096160249543376e+06 5.156600000000000000e+04 3.000000000000000000e+07
2.853116706110002052e-02 9.899869999999986181e-01 1.293483668238577431e-04 3.581557999999999884e+05 2.979119030060347635e+06 5.192800000000000000e+04 3.000000000000000000e+07
3.138428376721002361e-02 9.899689999999986556e-01 3.084461055030514797e-04 3.570663400000000256e+05 2.979228196732805576e+06 4.823100000000000000e+04 3.000000000000000000e+07
3.452271214393103083e-02 9.899499999999986644e-01 3.774917217635304339e-04 6.556440899999999674e+05 4.192052092128209770e+06 4.961000000000000000e+04 3.000000000000000000e+07
3.797498335832413807e-02 9.899949999999987371e-01 4.092676385935784043e-05 6.545109000000000233e+05 4.192213906959465239e+06 5.009000000000000000e+04 3.000000000000000000e+07
4.177248169415655188e-02 9.899699999999986844e-01 1.972308292331625848e-04 1.253682739999999991e+06 5.867818215446419083e+06 4.745700000000000000e+04 3.000000000000000000e+07
4.594972986357220845e-02 9.899639999999986228e-01 3.581954773583768481e-04 3.544586900000000023e+05 2.979490761432103347e+06 4.820100000000000000e+04 3.000000000000000000e+07
5.054470284992943624e-02 9.899999999999985478e-01 1.443289932012703503e-15 5.364201999999999680e+04 3.103350463547422805e+03 4.770700000000000000e+04 6.304000000000000000e+04
5.559917313492238750e-02 9.899759999999986348e-01 2.387969849055845202e-04 3.520896900000000023e+05 2.979728559747040272e+06 4.675100000000000000e+04 3.000000000000000000e+07
6.115909044841463110e-02 9.899709999999986021e-01 2.885463567609208120e-04 3.515321500000000233e+05 2.979784440714164171e+06 4.613500000000000000e+04 3.000000000000000000e+07
6.727499949325610462e-02 9.899999999999985478e-01 1.443289932012703503e-15 5.126298999999999796e+04 2.710062281553690809e+03 4.480100000000000000e+04 5.804800000000000000e+04
7.400249944258172063e-02 9.899549999999984751e-01 2.954234249344528667e-04 9.496192199999999721e+05 5.108891253418844193e+06 4.561600000000000000e+04 3.000000000000000000e+07
8.140274938683990380e-02 9.899729999999986596e-01 2.043795488790422902e-04 6.484441700000000419e+05 4.193080145138509106e+06 4.460100000000000000e+04 3.000000000000000000e+07
8.954302432552389834e-02 9.899999999999985478e-01 1.443289932012703503e-15 4.841040000000000146e+04 2.322187417070379070e+03 4.356100000000000000e+04 5.434100000000000000e+04
9.849732675807629234e-02 9.899679999999986268e-01 3.183959798741167594e-04 3.476110399999999790e+05 2.980178400293307845e+06 4.291500000000000000e+04 3.000000000000000000e+07
1.083470594338839244e-01 9.899999999999985478e-01 1.443289932012703503e-15 4.705063999999999942e+04 2.529320895102081977e+03 4.099400000000000000e+04 5.244100000000000000e+04
1.191817653772723196e-01 9.899689999999986556e-01 3.084461055030513713e-04 3.463073599999999860e+05 2.980309271592320874e+06 4.144900000000000000e+04 3.000000000000000000e+07
1.310999419149995737e-01 9.899999999999985478e-01 1.443289932012703503e-15 4.596956999999999971e+04 2.268059744605508058e+03 4.048900000000000000e+04 5.167800000000000000e+04
1.442099361064995422e-01 9.899999999999985478e-01 1.443289932012703503e-15 4.507570999999999913e+04 2.375057040557132041e+03 3.974000000000000000e+04 5.245300000000000000e+04
1.586309297171495103e-01 9.899999999999985478e-01 1.443289932012703503e-15 4.440712000000000262e+04 2.276209095316157800e+03 3.906700000000000000e+04 5.267800000000000000e+04
1.744940226888644641e-01 9.899999999999985478e-01 1.443289932012703503e-15 4.395433000000000175e+04 2.185304825670780701e+03 3.870500000000000000e+04 5.192300000000000000e+04
1.919434249577509355e-01 9.899919999999986508e-01 7.959899496853190036e-05 3.427756400000000140e+05 2.980664179308995605e+06 3.890400000000000000e+04 3.000000000000000000e+07
2.111377674535260540e-01 9.899999999999985478e-01 1.443289932012703503e-15 4.216408999999999651e+04 2.001200859958839828e+03 3.833500000000000000e+04 4.805800000000000000e+04
2.322515441988786677e-01 9.899999999999985478e-01 1.443289932012703503e-15 4.211623999999999796e+04 2.403579239883719765e+03 3.804100000000000000e+04 4.970000000000000000e+04
2.554766986187665401e-01 9.899999999999985478e-01 1.443289932012703503e-15 4.152512999999999738e+04 2.173745940329734367e+03 3.699900000000000000e+04 4.701500000000000000e+04
2.810243684806432163e-01 9.899999999999985478e-01 1.443289932012703503e-15 4.109355999999999767e+04 1.844576028902034750e+03 3.699300000000000000e+04 4.533200000000000000e+04
3.091268053287075657e-01 9.899999999999985478e-01 1.443289932012703503e-15 4.064077999999999884e+04 2.210269420591072958e+03 3.692800000000000000e+04 4.872200000000000000e+04
3.400394858615783389e-01 9.899999999999985478e-01 1.443289932012703503e-15 3.986591999999999825e+04 2.125117957573178501e+03 3.590000000000000000e+04 4.566200000000000000e+04
3.740434344477361894e-01 9.899869999999987291e-01 9.127431182978595849e-05 6.390404200000000419e+05 4.194423281741311774e+06 3.624900000000000000e+04 3.000000000000000000e+07
4.114477778925098583e-01 9.899279999999990309e-01 3.010249159122927289e-04 3.035650379999999888e+06 8.988116712672365829e+06 3.603700000000000000e+04 3.000000000000000000e+07
4.525925556817608775e-01 9.891649999999997389e-01 1.061355265686280205e-03 1.681728701000000164e+07 1.487210604481251165e+07 3.603100000000000000e+04 3.000000000000000000e+07
4.978518112499369930e-01 9.876120000000004895e-01 1.435986072355850901e-03 2.760314750000000000e+07 8.128122298728039488e+06 3.697900000000000000e+04 3.000000000000000000e+07
5.476369923749306867e-01 9.851269999999999749e-01 1.546470497617071557e-03 3.000000000000000000e+07 0.000000000000000000e+00 3.000000000000000000e+07 3.000000000000000000e+07
6.024006916124238220e-01 9.823259999999998104e-01 1.705087681029923306e-03 3.000000000000000000e+07 0.000000000000000000e+00 3.000000000000000000e+07 3.000000000000000000e+07
6.626407607736662930e-01 9.798189999999999955e-01 1.708314666564685882e-03 3.000000000000000000e+07 0.000000000000000000e+00 3.000000000000000000e+07 3.000000000000000000e+07
7.289048368510330222e-01 9.774519999999999875e-01 1.977750237011741737e-03 3.000000000000000000e+07 0.000000000000000000e+00 3.000000000000000000e+07 3.000000000000000000e+07
8.017953205361363356e-01 9.757380000000002163e-01 2.187454228092553226e-03 3.000000000000000000e+07 0.000000000000000000e+00 3.000000000000000000e+07 3.000000000000000000e+07
8.819748525897500580e-01 9.740220000000000544e-01 1.941060534862317725e-03 3.000000000000000000e+07 0.000000000000000000e+00 3.000000000000000000e+07 3.000000000000000000e+07
9.701723378487251415e-01 9.734320000000000750e-01 1.900572545313649383e-03 3.000000000000000000e+07 0.000000000000000000e+00 3.000000000000000000e+07 3.000000000000000000e+07
9.801723378487251503e-01 9.730090000000000128e-01 2.178949058606005802e-03 3.000000000000000000e+07 0.000000000000000000e+00 3.000000000000000000e+07 3.000000000000000000e+07
9.901723378487251592e-01 9.733160000000000700e-01 1.952010245874744726e-03 3.000000000000000000e+07 0.000000000000000000e+00 3.000000000000000000e+07 3.000000000000000000e+07
1.000172337848725057e+00 9.733769999999999367e-01 2.098087462428575248e-03 3.000000000000000000e+07 0.000000000000000000e+00 3.000000000000000000e+07 3.000000000000000000e+07
