1.000000000000000021e-02 9.899999999999985478e-01 1.443289932012703503e-15 5.510676000000000204e+04 3.908535802880664505e+03 4.792400000000000000e+04 6.722600000000000000e+04
1.100000000000000110e-02 9.899999999999985478e-01 1.443289932012703503e-15 5.382908000000000175e+04 4.296253180807667377e+03 4.530700000000000000e+04 6.532100000000000000e+04
1.210000000000000138e-02 9.899999999999985478e-01 1.443289932012703503e-15 5.369293000000000029e+04 3.895847636278913342e+03 4.471800000000000000e+04 6.569500000000000000e+04
1.331000000000000238e-02 9.899999999999985478e-01 1.443289932012703503e-15 5.278051999999999680e+04 3.895686592835721513e+03 4.440800000000000000e+04 6.196900000000000000e+04
1.464100000000000297e-02 9.899999999999985478e-01 1.443289932012703503e-15 5.159669000000000233e+04 3.470658631139052432e+03 4.513300000000000000e+04 6.156300000000000000e+04
1.610510000000000413e-02 9.899999999999985478e-01 1.443289932012703503e-15 5.101030999999999767e+04 3.774058432761739368e+03 4.164400000000000000e+04 6.232500000000000000e+04
1.771561000000000663e-02 9.899999999999985478e-01 1.443289932012703503e-15 5.028511000000000058e+04 3.679911862789651423e+03 4.169400000000000000e+04 6.198200000000000000e+04
1.948717100000000799e-02 9.899999999999985478e-01 1.443289932012703503e-15 4.901652999999999884e+04 3.124913174649817392e+03 4.173700000000000000e+04 5.640200000000000000e+04
2.143588810000001191e-02 9.899999999999985478e-01 1.443289932012703503e-15 4.860026999999999680e+04 4.041450716896099948e+03 4.172500000000000000e+04 6.260100000000000000e+04
2.357947691000001483e-02 9.899999999999985478e-01 1.443289932012703503e-15 4.765155999999999767e+04 3.620111463256345814e+03 4.091300000000000000e+04 6.365100000000000000e+04
2.593742460100001770e-02 9.899999999999985478e-01 1.443289932012703503e-15 4.624273999999999796e+04 3.042434090066702083e+03 3.974700000000000000e+04 5.742800000000000000e+04
2.853116706110002052e-02 9.899999999999985478e-01 1.443289932012703503e-15 4.551988999999999942e+04 3.246132199695508461e+03 3.818300000000000000e+04 5.783700000000000000e+04
3.138428376721002361e-02 9.899999999999985478e-01 1.443289932012703503e-15 4.527197000000000116e+04 3.062184545238904775e+03 3.973300000000000000e+04 5.311100000000000000e+04
3.452271214393103083e-02 9.899999999999985478e-01 1.443289932012703503e-15 4.426101000000000204e+04 3.264760813581907314e+03 3.756300000000000000e+04 5.369200000000000000e+04
3.797498335832413807e-02 9.899999999999985478e-01 1.443289932012703503e-15 4.341470999999999913e+04 2.894286341380202884e+03 3.713100000000000000e+04 5.153200000000000000e+04
4.177248169415655188e-02 9.899999999999985478e-01 1.443289932012703503e-15 4.261734999999999854e+04 2.775896638475575855e+03 3.617200000000000000e+04 5.109800000000000000e+04
4.594972986357220845e-02 9.899999999999985478e-01 1.443289932012703503e-15 4.201976999999999680e+04 2.654683151922278284e+03 3.640600000000000000e+04 4.985600000000000000e+04
5.054470284992943624e-02 9.899999999999985478e-01 1.443289932012703503e-15 4.173676000000000204e+04 3.096006860845110623e+03 3.437300000000000000e+04 4.936000000000000000e+04
5.559917313492238750e-02 9.899999999999985478e-01 1.443289932012703503e-15 4.080905999999999767e+04 3.121207249831385980e+03 3.562400000000000000e+04 5.185700000000000000e+04
6.115909044841463110e-02 9.899999999999985478e-01 1.443289932012703503e-15 4.003255999999999767e+04 2.850961596795018522e+03 3.388500000000000000e+04 4.934300000000000000e+04
6.727499949325610462e-02 9.899999999999985478e-01 1.443289932012703503e-15 3.898583000000000175e+04 2.786855977818014253e+03 3.332300000000000000e+04 4.696200000000000000e+04
7.400249944258172063e-02 9.899999999999985478e-01 1.443289932012703503e-15 3.834379000000000087e+04 2.682094585561813801e+03 3.374100000000000000e+04 4.578100000000000000e+04
8.140274938683990380e-02 9.899999999999985478e-01 1.443289932012703503e-15 3.736006999999999971e+04 2.402260453219009378e+03 3.210000000000000000e+04 4.310200000000000000e+04
8.954302432552389834e-02 9.899999999999985478e-01 1.443289932012703503e-15 3.715733999999999651e+04 2.556013811465031722e+03 3.277800000000000000e+04 4.497300000000000000e+04
9.849732675807629234e-02 9.899999999999985478e-01 1.443289932012703503e-15 3.651656999999999971e+04 2.678980243506846818e+03 3.064700000000000000e+04 4.505700000000000000e+04
1.083470594338839244e-01 9.899999999999985478e-01 1.443289932012703503e-15 3.555554000000000087e+04 2.334845041624818805e+03 3.111300000000000000e+04 4.399000000000000000e+04
1.191817653772723196e-01 9.899999999999985478e-01 1.443289932012703503e-15 3.523723999999999796e+04 2.218339185607106629e+03 3.048600000000000000e+04 4.408700000000000000e+04
1.310999419149995737e-01 9.899999999999985478e-01 1.443289932012703503e-15 3.449037999999999738e+04 2.376367458033374533e+03 2.918900000000000000e+04 4.405900000000000000e+04
1.442099361064995422e-01 9.899999999999985478e-01 1.443289932012703503e-15 3.430373999999999796e+04 2.286691074981489237e+03 3.071000000000000000e+04 4.267800000000000000e+04
1.586309297171495103e-01 9.899999999999985478e-01 1.443289932012703503e-15 3.358181999999999971e+04 1.998497437476465848e+03 2.917600000000000000e+04 3.843800000000000000e+04
1.744940226888644641e-01 9.899999999999985478e-01 1.443289932012703503e-15 3.269104000000000087e+04 2.289917998182467727e+03 2.850700000000000000e+04 4.061500000000000000e+04
1.919434249577509355e-01 9.899999999999985478e-01 1.443289932012703503e-15 3.205906000000000131e+04 1.875502177124836408e+03 2.766100000000000000e+04 4.026100000000000000e+04
2.111377674535260540e-01 9.899999999999985478e-01 1.443289932012703503e-15 3.186200999999999840e+04 2.123430943049478628e+03 2.786400000000000000e+04 3.880900000000000000e+04
2.322515441988786677e-01 9.899999999999985478e-01 1.443289932012703503e-15 3.161420999999999913e+04 2.078929822264330596e+03 2.815200000000000000e+04 3.954600000000000000e+04
2.554766986187665401e-01 9.899999999999985478e-01 1.443289932012703503e-15 3.052349000000000160e+04 1.810271844199097131e+03 2.749900000000000000e+04 3.741700000000000000e+04
2.810243684806432163e-01 9.899999999999985478e-01 1.443289932012703503e-15 3.039486999999999898e+04 1.849254761545849988e+03 2.617300000000000000e+04 3.503500000000000000e+04
3.091268053287075657e-01 9.899999999999985478e-01 1.443289932012703503e-15 2.985918000000000029e+04 1.992762827734399480e+03 2.707000000000000000e+04 3.778100000000000000e+04
3.400394858615783389e-01 9.899999999999985478e-01 1.443289932012703503e-15 2.952268999999999869e+04 2.444865958268469058e+03 2.506700000000000000e+04 4.385700000000000000e+04
3.740434344477361894e-01 9.899999999999985478e-01 1.443289932012703503e-15 2.908352999999999884e+04 1.793998202089399911e+03 2.573900000000000000e+04 3.404800000000000000e+04
4.114477778925098583e-01 9.899999999999985478e-01 1.443289932012703503e-15 2.903859999999999854e+04 2.366792694766485056e+03 2.541100000000000000e+04 3.949500000000000000e+04
4.525925556817608775e-01 9.899999999999985478e-01 1.443289932012703503e-15 2.875072999999999956e+04 2.452229046622684109e+03 2.407000000000000000e+04 3.891300000000000000e+04
4.978518112499369930e-01 9.899999999999985478e-01 1.443289932012703503e-15 2.848086999999999898e+04 1.789014872241145213e+03 2.499800000000000000e+04 3.359300000000000000e+04
5.476369923749306867e-01 9.899999999999985478e-01 1.443289932012703503e-15 2.824368000000000029e+04 2.042364442894558124e+03 2.407100000000000000e+04 3.615100000000000000e+04
6.024006916124238220e-01 9.899999999999985478e-01 1.443289932012703503e-15 2.761375000000000000e+04 1.545427386679814163e+03 2.505100000000000000e+04 3.234000000000000000e+04
6.626407607736662930e-01 9.899999999999985478e-01 1.443289932012703503e-15 2.798095000000000073e+04 1.901700030893410712e+03 2.425900000000000000e+04 3.410200000000000000e+04
7.289048368510330222e-01 9.899999999999985478e-01 1.443289932012703503e-15 2.775581000000000131e+04 2.145618054058083999e+03 2.457600000000000000e+04 3.491000000000000000e+04
8.017953205361363356e-01 9.899999999999985478e-01 1.443289932012703503e-15 2.759090999999999985e+04 1.781347484883283641e+03 2.416100000000000000e+04 3.502500000000000000e+04
8.819748525897500580e-01 9.899999999999985478e-01 1.443289932012703503e-15 2.776822999999999956e+04 1.954788033803153667e+03 2.492400000000000000e+04 3.478900000000000000e+04
9.701723378487251415e-01 9.899999999999985478e-01 1.443289932012703503e-15 2.767024000000000160e+04 2.181403434122170893e+03 2.456000000000000000e+04 3.745000000000000000e+04
9.801723378487251503e-01 9.899999999999985478e-01 1.443289932012703503e-15 2.765554000000000087e+04 1.920147991275672894e+03 2.397600000000000000e+04 3.464800000000000000e+04
9.901723378487251592e-01 9.899999999999985478e-01 1.443289932012703503e-15 2.774618000000000029e+04 1.953863001236268701e+03 2.457700000000000000e+04 3.351300000000000000e+04
1.000172337848725057e+00 9.899999999999985478e-01 1.443289932012703503e-15 2.753622000000000116e+04 1.676536898371163034e+03 2.466300000000000000e+04 3.322800000000000000e+04
