1.000000000000000021e-02 9.899999999999985478e-01 1.443289932012703503e-15 4.049730000000000291e+04 3.024279281084999639e+03 3.464300000000000000e+04 4.818900000000000000e+04
1.100000000000000110e-02 9.899999999999985478e-01 1.443289932012703503e-15 4.101475000000000000e+04 2.856573634181342186e+03 3.580800000000000000e+04 4.761700000000000000e+04
1.210000000000000138e-02 9.899999999999985478e-01 1.443289932012703503e-15 3.968040000000000146e+04 3.190081193324081596e+03 3.272700000000000000e+04 4.922500000000000000e+04
1.331000000000000238e-02 9.899999999999985478e-01 1.443289932012703503e-15 3.902070999999999913e+04 2.526755727390362154e+03 3.343700000000000000e+04 4.568100000000000000e+04
1.464100000000000297e-02 9.899999999999985478e-01 1.443289932012703503e-15 3.822338999999999942e+04 2.140522916929412986e+03 3.351800000000000000e+04 4.337400000000000000e+04
1.610510000000000413e-02 9.899999999999985478e-01 1.443289932012703503e-15 3.711959999999999854e+04 2.575463169994865893e+03 3.140400000000000000e+04 4.575400000000000000e+04
1.771561000000000663e-02 9.899999999999985478e-01 1.443289932012703503e-15 3.681604000000000087e+04 2.571511745724681532e+03 3.178100000000000000e+04 4.440600000000000000e+04
1.948717100000000799e-02 9.899999999999985478e-01 1.443289932012703503e-15 3.551040000000000146e+04 2.254375603132716606e+03 3.103700000000000000e+04 4.084100000000000000e+04
2.143588810000001191e-02 9.899999999999985478e-01 1.443289932012703503e-15 3.496408000000000175e+04 2.301832042873676073e+03 2.981700000000000000e+04 3.972200000000000000e+04
2.357947691000001483e-02 9.899999999999985478e-01 1.443289932012703503e-15 3.384233999999999651e+04 2.184168227129036950e+03 2.879300000000000000e+04 4.059100000000000000e+04
2.593742460100001770e-02 9.899999999999985478e-01 1.443289932012703503e-15 3.364904000000000087e+04 2.056619940193131697e+03 2.796700000000000000e+04 3.847100000000000000e+04
2.853116706110002052e-02 9.899999999999985478e-01 1.443289932012703503e-15 3.275438999999999942e+04 2.346109067775835683e+03 2.763400000000000000e+04 3.953200000000000000e+04
3.138428376721002361e-02 9.899999999999985478e-01 1.443289932012703503e-15 3.169645999999999913e+04 2.101253670645217426e+03 2.686200000000000000e+04 3.766300000000000000e+04
3.452271214393103083e-02 9.899999999999985478e-01 1.443289932012703503e-15 3.125681000000000131e+04 2.212909680465969814e+03 2.650400000000000000e+04 3.675500000000000000e+04
3.797498335832413807e-02 9.899999999999985478e-01 1.443289932012703503e-15 3.058475999999999840e+04 1.645061902300335760e+03 2.669800000000000000e+04 3.596900000000000000e+04
4.177248169415655188e-02 9.899999999999985478e-01 1.443289932012703503e-15 2.966884000000000015e+04 1.760501642827975274e+03 2.598500000000000000e+04 3.391000000000000000e+04
4.594972986357220845e-02 9.899999999999985478e-01 1.443289932012703503e-15 2.917054000000000087e+04 1.643145711250222803e+03 2.574400000000000000e+04 3.343700000000000000e+04
5.054470284992943624e-02 9.899999999999985478e-01 1.443289932012703503e-15 2.865118999999999869e+04 1.772755328267271125e+03 2.499800000000000000e+04 3.361000000000000000e+04
5.559917313492238750e-02 9.899999999999985478e-01 1.443289932012703503e-15 2.781165000000000146e+04 1.595294489271495195e+03 2.333300000000000000e+04 3.191800000000000000e+04
6.115909044841463110e-02 9.899999999999985478e-01 1.443289932012703503e-15 2.741640000000000146e+04 1.619814378254496205e+03 2.420200000000000000e+04 3.145900000000000000e+04
6.727499949325610462e-02 9.899999999999985478e-01 1.443289932012703503e-15 2.652231999999999971e+04 1.446711034588455732e+03 2.353400000000000000e+04 3.035300000000000000e+04
7.400249944258172063e-02 9.899999999999985478e-01 1.443289932012703503e-15 2.574111999999999898e+04 1.384179303992080349e+03 2.270600000000000000e+04 2.966200000000000000e+04
8.140274938683990380e-02 9.899999999999985478e-01 1.443289932012703503e-15 2.548947000000000116e+04 1.579117933879543898e+03 2.222200000000000000e+04 2.974300000000000000e+04
8.954302432552389834e-02 9.899999999999985478e-01 1.443289932012703503e-15 2.478077999999999884e+04 1.580935796166308819e+03 2.167500000000000000e+04 2.937300000000000000e+04
9.849732675807629234e-02 9.899999999999985478e-01 1.443289932012703503e-15 2.445363999999999942e+04 1.206671376307567698e+03 2.125600000000000000e+04 2.787200000000000000e+04
1.083470594338839244e-01 9.899999999999985478e-01 1.443289932012703503e-15 2.357116999999999825e+04 1.203580550316429708e+03 2.126700000000000000e+04 2.768700000000000000e+04
1.191817653772723196e-01 9.899999999999985478e-01 1.443289932012703503e-15 2.331938999999999942e+04 1.314515552551585188e+03 1.968300000000000000e+04 2.651200000000000000e+04
1.310999419149995737e-01 9.899999999999985478e-01 1.443289932012703503e-15 2.266931999999999971e+04 1.142458357052894826e+03 2.015100000000000000e+04 2.554500000000000000e+04
1.442099361064995422e-01 9.899999999999985478e-01 1.443289932012703503e-15 2.234629999999999927e+04 1.152435382136456383e+03 1.992100000000000000e+04 2.571800000000000000e+04
1.586309297171495103e-01 9.899999999999985478e-01 1.443289932012703503e-15 2.167318999999999869e+04 8.794222841729678066e+02 1.934100000000000000e+04 2.391300000000000000e+04
1.744940226888644641e-01 9.899999999999985478e-01 1.443289932012703503e-15 2.116109000000000015e+04 9.487531195732638025e+02 1.922600000000000000e+04 2.342500000000000000e+04
1.919434249577509355e-01 9.899999999999985478e-01 1.443289932012703503e-15 2.103020000000000073e+04 1.026857497416267506e+03 1.893700000000000000e+04 2.378900000000000000e+04
2.111377674535260540e-01 9.899999999999985478e-01 1.443289932012703503e-15 2.055713000000000102e+04 1.013794265667349464e+03 1.881900000000000000e+04 2.357400000000000000e+04
2.322515441988786677e-01 9.899999999999985478e-01 1.443289932012703503e-15 2.007238999999999942e+04 9.987612617137290272e+02 1.770900000000000000e+04 2.323700000000000000e+04
2.554766986187665401e-01 9.899999999999985478e-01 1.443289932012703503e-15 1.964397000000000116e+04 9.281238112989019555e+02 1.776400000000000000e+04 2.209000000000000000e+04
2.810243684806432163e-01 9.899999999999985478e-01 1.443289932012703503e-15 1.938479999999999927e+04 1.023597694409282894e+03 1.732400000000000000e+04 2.325600000000000000e+04
3.091268053287075657e-01 9.899999999999985478e-01 1.443289932012703503e-15 1.900493999999999869e+04 8.497263773709745465e+02 1.738400000000000000e+04 2.287200000000000000e+04
3.400394858615783389e-01 9.899999999999985478e-01 1.443289932012703503e-15 1.868120000000000073e+04 7.791609333122393082e+02 1.692600000000000000e+04 2.080500000000000000e+04
3.740434344477361894e-01 9.899999999999985478e-01 1.443289932012703503e-15 1.838981000000000131e+04 6.652403128945207982e+02 1.700400000000000000e+04 2.067500000000000000e+04
4.114477778925098583e-01 9.899999999999985478e-01 1.443289932012703503e-15 1.821286999999999898e+04 7.660482707375562086e+02 1.644000000000000000e+04 2.103700000000000000e+04
4.525925556817608775e-01 9.899999999999985478e-01 1.443289932012703503e-15 1.790206000000000131e+04 6.626265587795285228e+02 1.643500000000000000e+04 1.982100000000000000e+04
4.978518112499369930e-01 9.899999999999985478e-01 1.443289932012703503e-15 1.777784999999999854e+04 8.113163917362944630e+02 1.642600000000000000e+04 1.995600000000000000e+04
5.476369923749306867e-01 9.899999999999985478e-01 1.443289932012703503e-15 1.758331999999999971e+04 6.392965021021153689e+02 1.624000000000000000e+04 1.964400000000000000e+04
6.024006916124238220e-01 9.899999999999985478e-01 1.443289932012703503e-15 1.754331000000000131e+04 7.344807375962966489e+02 1.585500000000000000e+04 1.989200000000000000e+04
6.626407607736662930e-01 9.899999999999985478e-01 1.443289932012703503e-15 1.750565000000000146e+04 6.955306804879279525e+02 1.602800000000000000e+04 1.920900000000000000e+04
7.289048368510330222e-01 9.899999999999985478e-01 1.443289932012703503e-15 1.724245000000000073e+04 7.060201466672181141e+02 1.574900000000000000e+04 2.002800000000000000e+04
8.017953205361363356e-01 9.899999999999985478e-01 1.443289932012703503e-15 1.719911000000000058e+04 7.484067997419585936e+02 1.604100000000000000e+04 2.053700000000000000e+04
8.819748525897500580e-01 9.899999999999985478e-01 1.443289932012703503e-15 1.714391999999999825e+04 7.636852843940363300e+02 1.572900000000000000e+04 1.913600000000000000e+04
9.701723378487251415e-01 9.899999999999985478e-01 1.443289932012703503e-15 1.713156999999999971e+04 6.773536779999059263e+02 1.574800000000000000e+04 1.902400000000000000e+04
9.801723378487251503e-01 9.899999999999985478e-01 1.443289932012703503e-15 1.714825000000000000e+04 6.647138989821110044e+02 1.577500000000000000e+04 1.876600000000000000e+04
9.901723378487251592e-01 9.899999999999985478e-01 1.443289932012703503e-15 1.717806000000000131e+04 6.428303947387677226e+02 1.537700000000000000e+04 1.902600000000000000e+04
1.000172337848725057e+00 9.899999999999985478e-01 1.443289932012703503e-15 1.719088999999999942e+04 7.274123025492488068e+02 1.565000000000000000e+04 2.053900000000000000e+04
