1.000000000000000021e-02 9.899999999999985478e-01 1.443289932012703503e-15 5.859748999999999796e+04 4.174490465901197240e+03 4.743800000000000000e+04 6.973200000000000000e+04
1.100000000000000110e-02 9.899999999999985478e-01 1.443289932012703503e-15 5.709075000000000000e+04 3.491992168877244239e+03 5.027600000000000000e+04 6.812300000000000000e+04
1.210000000000000138e-02 9.899999999999985478e-01 1.443289932012703503e-15 5.611522000000000116e+04 3.235600582828479673e+03 4.791100000000000000e+04 6.412200000000000000e+04
1.331000000000000238e-02 9.899999999999985478e-01 1.443289932012703503e-15 5.514926999999999680e+04 3.441818219647864680e+03 4.516100000000000000e+04 6.313900000000000000e+04
1.464100000000000297e-02 9.899999999999985478e-01 1.443289932012703503e-15 5.461036000000000058e+04 3.535761724211630735e+03 4.564300000000000000e+04 6.451600000000000000e+04
1.610510000000000413e-02 9.899999999999985478e-01 1.443289932012703503e-15 5.413269000000000233e+04 3.588266446893262582e+03 4.722100000000000000e+04 6.423300000000000000e+04
1.771561000000000663e-02 9.899999999999985478e-01 1.443289932012703503e-15 5.304787000000000262e+04 3.802962575821645714e+03 4.525600000000000000e+04 6.930700000000000000e+04
1.948717100000000799e-02 9.899999999999985478e-01 1.443289932012703503e-15 5.243836000000000058e+04 3.505302898523892054e+03 4.468300000000000000e+04 6.210500000000000000e+04
2.143588810000001191e-02 9.899999999999985478e-01 1.443289932012703503e-15 5.079063999999999942e+04 3.458315840174230743e+03 4.310400000000000000e+04 6.299800000000000000e+04
2.357947691000001483e-02 9.899999999999985478e-01 1.443289932012703503e-15 5.093429000000000087e+04 2.688120630831137987e+03 4.496400000000000000e+04 5.893300000000000000e+04
2.593742460100001770e-02 9.899999999999985478e-01 1.443289932012703503e-15 4.958730999999999767e+04 2.814682570717345243e+03 4.162000000000000000e+04 5.762600000000000000e+04
2.853116706110002052e-02 9.899999999999985478e-01 1.443289932012703503e-15 4.930798999999999796e+04 3.245052219903402602e+03 4.317300000000000000e+04 5.809900000000000000e+04
3.138428376721002361e-02 9.899999999999985478e-01 1.443289932012703503e-15 4.848162000000000262e+04 3.133158558962505140e+03 4.071400000000000000e+04 6.009000000000000000e+04
3.452271214393103083e-02 9.899999999999985478e-01 1.443289932012703503e-15 4.719237000000000262e+04 3.328586620939885051e+03 3.975300000000000000e+04 5.677700000000000000e+04
3.797498335832413807e-02 9.899999999999985478e-01 1.443289932012703503e-15 4.658004000000000087e+04 3.093021221782999419e+03 3.931400000000000000e+04 5.663200000000000000e+04
4.177248169415655188e-02 9.899999999999985478e-01 1.443289932012703503e-15 4.533530999999999767e+04 2.834679959695627531e+03 3.967100000000000000e+04 5.442200000000000000e+04
4.594972986357220845e-02 9.899999999999985478e-01 1.443289932012703503e-15 4.510293000000000029e+04 2.531188073830152916e+03 3.932000000000000000e+04 5.195300000000000000e+04
5.054470284992943624e-02 9.899999999999985478e-01 1.443289932012703503e-15 4.386794999999999709e+04 2.673250116898903343e+03 3.868900000000000000e+04 5.198200000000000000e+04
5.559917313492238750e-02 9.899999999999985478e-01 1.443289932012703503e-15 4.397012999999999738e+04 3.012406986630459414e+03 3.748500000000000000e+04 5.224600000000000000e+04
6.115909044841463110e-02 9.899999999999985478e-01 1.443289932012703503e-15 4.280837999999999738e+04 2.474938761989879822e+03 3.631800000000000000e+04 4.983900000000000000e+04
6.727499949325610462e-02 9.899999999999985478e-01 1.443289932012703503e-15 4.204386000000000058e+04 2.600455552475374134e+03 3.716800000000000000e+04 5.005000000000000000e+04
7.400249944258172063e-02 9.899999999999985478e-01 1.443289932012703503e-15 4.188801000000000204e+04 2.785260093761442477e+03 3.568400000000000000e+04 5.024400000000000000e+04
8.140274938683990380e-02 9.899999999999985478e-01 1.443289932012703503e-15 4.083252999999999884e+04 2.724834796661992186e+03 3.523100000000000000e+04 5.489900000000000000e+04
8.954302432552389834e-02 9.899999999999985478e-01 1.443289932012703503e-15 4.032100000000000000e+04 2.755750402340531309e+03 3.512000000000000000e+04 4.889000000000000000e+04
9.849732675807629234e-02 9.899999999999985478e-01 1.443289932012703503e-15 3.966636000000000058e+04 2.356717723954228859e+03 3.440400000000000000e+04 4.521100000000000000e+04
1.083470594338839244e-01 9.899999999999985478e-01 1.443289932012703503e-15 3.891756999999999971e+04 2.425976200439732565e+03 3.277700000000000000e+04 4.715100000000000000e+04
1.191817653772723196e-01 9.899999999999985478e-01 1.443289932012703503e-15 3.828129000000000087e+04 2.247817004540182552e+03 3.441100000000000000e+04 4.761000000000000000e+04
1.310999419149995737e-01 9.899999999999985478e-01 1.443289932012703503e-15 3.738955000000000291e+04 2.375802539669489761e+03 3.309000000000000000e+04 4.950100000000000000e+04
1.442099361064995422e-01 9.899999999999985478e-01 1.443289932012703503e-15 3.698009999999999854e+04 2.312488981595372479e+03 3.324600000000000000e+04 4.445000000000000000e+04
1.586309297171495103e-01 9.899999999999985478e-01 1.443289932012703503e-15 3.637181999999999971e+04 2.134589559517238740e+03 3.305000000000000000e+04 4.320300000000000000e+04
1.744940226888644641e-01 9.899999999999985478e-01 1.443289932012703503e-15 3.546466999999999825e+04 2.310339235069170172e+03 3.153800000000000000e+04 4.387300000000000000e+04
1.919434249577509355e-01 9.899999999999985478e-01 1.443289932012703503e-15 3.518131999999999971e+04 2.175183072203348729e+03 3.035700000000000000e+04 4.453900000000000000e+04
2.111377674535260540e-01 9.899999999999985478e-01 1.443289932012703503e-15 3.482980999999999767e+04 2.261184891577864619e+03 3.098500000000000000e+04 4.507800000000000000e+04
2.322515441988786677e-01 9.899999999999985478e-01 1.443289932012703503e-15 3.446351999999999680e+04 1.987946742143762549e+03 3.095000000000000000e+04 4.282700000000000000e+04
2.554766986187665401e-01 9.899999999999985478e-01 1.443289932012703503e-15 3.358808000000000175e+04 1.707597684936355108e+03 3.014500000000000000e+04 3.822400000000000000e+04
2.810243684806432163e-01 9.899999999999985478e-01 1.443289932012703503e-15 3.319523000000000320e+04 1.794333407452472102e+03 2.964400000000000000e+04 3.811100000000000000e+04
3.091268053287075657e-01 9.899999999999985478e-01 1.443289932012703503e-15 3.311150000000000000e+04 2.228155692495477524e+03 2.902600000000000000e+04 4.004300000000000000e+04
3.400394858615783389e-01 9.899999999999985478e-01 1.443289932012703503e-15 3.258800000000000000e+04 2.077239658777965815e+03 2.771400000000000000e+04 3.923400000000000000e+04
3.740434344477361894e-01 9.899999999999985478e-01 1.443289932012703503e-15 3.186575000000000000e+04 1.622259001361989704e+03 2.903600000000000000e+04 3.925000000000000000e+04
4.114477778925098583e-01 9.899999999999985478e-01 1.443289932012703503e-15 3.156822000000000116e+04 1.728773927267530098e+03 2.762700000000000000e+04 3.651500000000000000e+04
4.525925556817608775e-01 9.899999999999985478e-01 1.443289932012703503e-15 3.162525000000000000e+04 1.960063409050839937e+03 2.773800000000000000e+04 3.742700000000000000e+04
4.978518112499369930e-01 9.899999999999985478e-01 1.443289932012703503e-15 3.119011999999999898e+04 1.751933367911006371e+03 2.753700000000000000e+04 3.657700000000000000e+04
5.476369923749306867e-01 9.899999999999985478e-01 1.443289932012703503e-15 3.090543999999999869e+04 1.717284235762967455e+03 2.796400000000000000e+04 3.620500000000000000e+04
6.024006916124238220e-01 9.899999999999985478e-01 1.443289932012703503e-15 3.079488000000000102e+04 2.106061975726260698e+03 2.749900000000000000e+04 3.979300000000000000e+04
6.626407607736662930e-01 9.899999999999985478e-01 1.443289932012703503e-15 3.070543000000000029e+04 1.766043205898429051e+03 2.719900000000000000e+04 3.578600000000000000e+04
7.289048368510330222e-01 9.899999999999985478e-01 1.443289932012703503e-15 3.102461999999999898e+04 2.054527905773002658e+03 2.765400000000000000e+04 4.186300000000000000e+04
8.017953205361363356e-01 9.899999999999985478e-01 1.443289932012703503e-15 3.035668000000000029e+04 1.688129129421088010e+03 2.763400000000000000e+04 3.727400000000000000e+04
8.819748525897500580e-01 9.899999999999985478e-01 1.443289932012703503e-15 3.029777000000000044e+04 1.882926434330348457e+03 2.707500000000000000e+04 3.707500000000000000e+04
9.701723378487251415e-01 9.899999999999985478e-01 1.443289932012703503e-15 3.029572999999999956e+04 1.851101903488838389e+03 2.732000000000000000e+04 3.699400000000000000e+04
9.801723378487251503e-01 9.899999999999985478e-01 1.443289932012703503e-15 3.076745999999999913e+04 1.901061011225048333e+03 2.717300000000000000e+04 3.871700000000000000e+04
9.901723378487251592e-01 9.899999999999985478e-01 1.443289932012703503e-15 3.047677000000000044e+04 1.925084111694862941e+03 2.718100000000000000e+04 3.688800000000000000e+04
1.000172337848725057e+00 9.899999999999985478e-01 1.443289932012703503e-15 3.072088999999999942e+04 2.083557754875059800e+03 2.752800000000000000e+04 3.945800000000000000e+04
