1.000000000000000021e-02 9.899999999999985478e-01 1.443289932012703503e-15 5.494783000000000175e+04 2.992941289283837705e+03 4.798600000000000000e+04 6.144200000000000000e+04
1.100000000000000110e-02 9.899999999999985478e-01 1.443289932012703503e-15 5.342338999999999942e+04 3.806643820729752406e+03 4.396400000000000000e+04 6.381800000000000000e+04
1.210000000000000138e-02 9.899999999999985478e-01 1.443289932012703503e-15 5.326127999999999884e+04 3.916196351257173319e+03 4.518100000000000000e+04 6.322600000000000000e+04
1.331000000000000238e-02 9.899999999999985478e-01 1.443289932012703503e-15 5.181576999999999680e+04 3.271854959667374715e+03 4.503200000000000000e+04 6.199800000000000000e+04
1.464100000000000297e-02 9.899999999999985478e-01 1.443289932012703503e-15 5.132802999999999884e+04 4.005085271139678753e+03 4.256400000000000000e+04 6.377000000000000000e+04
1.610510000000000413e-02 9.899999999999985478e-01 1.443289932012703503e-15 4.990969999999999709e+04 3.510053214696324176e+03 4.124200000000000000e+04 5.874100000000000000e+04
1.771561000000000663e-02 9.899999999999985478e-01 1.443289932012703503e-15 4.924469000000000233e+04 3.662868569018002745e+03 4.245100000000000000e+04 5.906700000000000000e+04
1.948717100000000799e-02 9.899999999999985478e-01 1.443289932012703503e-15 4.807262999999999738e+04 3.262113629703907918e+03 3.924600000000000000e+04 5.665300000000000000e+04
2.143588810000001191e-02 9.899999999999985478e-01 1.443289932012703503e-15 4.743681999999999971e+04 3.210866146011072487e+03 4.061200000000000000e+04 5.693800000000000000e+04
2.357947691000001483e-02 9.899999999999985478e-01 1.443289932012703503e-15 4.633561000000000058e+04 3.516968219631789452e+03 3.986500000000000000e+04 5.997300000000000000e+04
2.593742460100001770e-02 9.899999999999985478e-01 1.443289932012703503e-15 4.587854000000000087e+04 3.535792042583953389e+03 3.898200000000000000e+04 5.494700000000000000e+04
2.853116706110002052e-02 9.899999999999985478e-01 1.443289932012703503e-15 4.503291999999999825e+04 3.182728680487860402e+03 3.861700000000000000e+04 5.143600000000000000e+04
3.138428376721002361e-02 9.899999999999985478e-01 1.443289932012703503e-15 4.401362000000000262e+04 2.937025617116744797e+03 3.794200000000000000e+04 5.437100000000000000e+04
3.452271214393103083e-02 9.899999999999985478e-01 1.443289932012703503e-15 4.315894999999999709e+04 2.709970130370443712e+03 3.824000000000000000e+04 5.110500000000000000e+04
3.797498335832413807e-02 9.899999999999985478e-01 1.443289932012703503e-15 4.263791999999999825e+04 2.958780169867305176e+03 3.721000000000000000e+04 5.131800000000000000e+04
4.177248169415655188e-02 9.899999999999985478e-01 1.443289932012703503e-15 4.168919999999999709e+04 2.820735099225023077e+03 3.537100000000000000e+04 5.082600000000000000e+04
4.594972986357220845e-02 9.899999999999985478e-01 1.443289932012703503e-15 4.091904000000000087e+04 2.810196430572069858e+03 3.530900000000000000e+04 5.082000000000000000e+04
5.054470284992943624e-02 9.899999999999985478e-01 1.443289932012703503e-15 4.071170999999999913e+04 2.882987097768562762e+03 3.480600000000000000e+04 4.809500000000000000e+04
5.559917313492238750e-02 9.899999999999985478e-01 1.443289932012703503e-15 3.986866999999999825e+04 2.668034557703479550e+03 3.515800000000000000e+04 4.901200000000000000e+04
6.115909044841463110e-02 9.899999999999985478e-01 1.443289932012703503e-15 3.949237000000000262e+04 2.869481108684984065e+03 3.377200000000000000e+04 4.810700000000000000e+04
6.727499949325610462e-02 9.899999999999985478e-01 1.443289932012703503e-15 3.904020999999999913e+04 2.724358160356306598e+03 3.408100000000000000e+04 4.892700000000000000e+04
7.400249944258172063e-02 9.899999999999985478e-01 1.443289932012703503e-15 3.741783999999999651e+04 2.439401257358043040e+03 3.241300000000000000e+04 4.437500000000000000e+04
8.140274938683990380e-02 9.899999999999985478e-01 1.443289932012703503e-15 3.724143000000000029e+04 2.709216367346838069e+03 3.108300000000000000e+04 4.375500000000000000e+04
8.954302432552389834e-02 9.899999999999985478e-01 1.443289932012703503e-15 3.642211000000000058e+04 2.465006709504052651e+03 3.147500000000000000e+04 4.285800000000000000e+04
9.849732675807629234e-02 9.899999999999985478e-01 1.443289932012703503e-15 3.570912999999999738e+04 2.123379305046557420e+03 3.142200000000000000e+04 4.317800000000000000e+04
1.083470594338839244e-01 9.899999999999985478e-01 1.443289932012703503e-15 3.570120999999999913e+04 2.374786905366458541e+03 3.206700000000000000e+04 4.412000000000000000e+04
1.191817653772723196e-01 9.899999999999985478e-01 1.443289932012703503e-15 3.511156999999999971e+04 2.593897917247322766e+03 3.014600000000000000e+04 4.327600000000000000e+04
1.310999419149995737e-01 9.899999999999985478e-01 1.443289932012703503e-15 3.411604000000000087e+04 2.344837158183910560e+03 2.944300000000000000e+04 4.148900000000000000e+04
1.442099361064995422e-01 9.899999999999985478e-01 1.443289932012703503e-15 3.346319000000000233e+04 1.971430575470513759e+03 2.872300000000000000e+04 4.088600000000000000e+04
1.586309297171495103e-01 9.899999999999985478e-01 1.443289932012703503e-15 3.309004000000000087e+04 1.948946966543728649e+03 2.841400000000000000e+04 3.788200000000000000e+04
1.744940226888644641e-01 9.899999999999985478e-01 1.443289932012703503e-15 3.277294000000000233e+04 2.573473706180035151e+03 2.860500000000000000e+04 4.627900000000000000e+04
1.919434249577509355e-01 9.899999999999985478e-01 1.443289932012703503e-15 3.255734000000000015e+04 2.200906673259908530e+03 2.800400000000000000e+04 3.826900000000000000e+04
2.111377674535260540e-01 9.899999999999985478e-01 1.443289932012703503e-15 3.173181000000000131e+04 2.110195278617597523e+03 2.701500000000000000e+04 4.040500000000000000e+04
2.322515441988786677e-01 9.899999999999985478e-01 1.443289932012703503e-15 3.115140000000000146e+04 2.090671332371494373e+03 2.718300000000000000e+04 4.116100000000000000e+04
2.554766986187665401e-01 9.899999999999985478e-01 1.443289932012703503e-15 3.076234999999999854e+04 2.138301813940212014e+03 2.662400000000000000e+04 3.861300000000000000e+04
2.810243684806432163e-01 9.899999999999985478e-01 1.443289932012703503e-15 3.078840000000000146e+04 2.264976980015469962e+03 2.595700000000000000e+04 3.882100000000000000e+04
3.091268053287075657e-01 9.899999999999985478e-01 1.443289932012703503e-15 3.015049000000000160e+04 1.942152082072874236e+03 2.635000000000000000e+04 3.717200000000000000e+04
3.400394858615783389e-01 9.899999999999985478e-01 1.443289932012703503e-15 2.972284999999999854e+04 1.916978181279066803e+03 2.589500000000000000e+04 4.020400000000000000e+04
3.740434344477361894e-01 9.899999999999985478e-01 1.443289932012703503e-15 2.923093999999999869e+04 1.986644335657492775e+03 2.602200000000000000e+04 3.858700000000000000e+04
4.114477778925098583e-01 9.899999999999985478e-01 1.443289932012703503e-15 2.903527000000000044e+04 1.839010466827201299e+03 2.538200000000000000e+04 3.570500000000000000e+04
4.525925556817608775e-01 9.899999999999985478e-01 1.443289932012703503e-15 2.918427999999999884e+04 1.738778094409979303e+03 2.552200000000000000e+04 3.479700000000000000e+04
4.978518112499369930e-01 9.899509999999988041e-01 1.824801359052570201e-04 2.726610390000000130e+06 8.577084412388358265e+06 2.542600000000000000e+04 3.000000000000000000e+07
5.476369923749306867e-01 9.894139999999994606e-01 6.868799021663127323e-04 1.951023723999999836e+07 1.429513708065085858e+07 2.644300000000000000e+04 3.000000000000000000e+07
6.024006916124238220e-01 9.878809999999996760e-01 9.968645845850835491e-04 2.970032289000000060e+07 2.981749596384189092e+06 3.228900000000000000e+04 3.000000000000000000e+07
6.626407607736662930e-01 9.860830000000001538e-01 1.200254556333781768e-03 3.000000000000000000e+07 0.000000000000000000e+00 3.000000000000000000e+07 3.000000000000000000e+07
7.289048368510330222e-01 9.840700000000005554e-01 1.115750868249714735e-03 3.000000000000000000e+07 0.000000000000000000e+00 3.000000000000000000e+07 3.000000000000000000e+07
8.017953205361363356e-01 9.827810000000002377e-01 1.316791175547587633e-03 3.000000000000000000e+07 0.000000000000000000e+00 3.000000000000000000e+07 3.000000000000000000e+07
8.819748525897500580e-01 9.817169999999997287e-01 1.263412442553895005e-03 3.000000000000000000e+07 0.000000000000000000e+00 3.000000000000000000e+07 3.000000000000000000e+07
9.701723378487251415e-01 9.812740000000004237e-01 1.470824258706661695e-03 3.000000000000000000e+07 0.000000000000000000e+00 3.000000000000000000e+07 3.000000000000000000e+07
9.801723378487251503e-01 9.811049999999997828e-01 1.328711782140883958e-03 3.000000000000000000e+07 0.000000000000000000e+00 3.000000000000000000e+07 3.000000000000000000e+07
9.901723378487251592e-01 9.814700000000002866e-01 1.368173965546778687e-03 3.000000000000000000e+07 0.000000000000000000e+00 3.000000000000000000e+07 3.000000000000000000e+07
1.000172337848725057e+00 9.809829999999998273e-01 1.352705067633002333e-03 3.000000000000000000e+07 0.000000000000000000e+00 3.000000000000000000e+07 3.000000000000000000e+07
