1.000000000000000021e-02 9.898959999999986659e-01 3.663113429857138559e-04 3.652061379999999888e+06 9.729622039303427562e+06 5.005300000000000000e+04 3.000000000000000000e+07
1.100000000000000110e-02 9.898689999999986666e-01 4.415189690149219160e-04 3.651244609999999870e+06 9.729923362682783976e+06 4.910600000000000000e+04 3.000000000000000000e+07
1.210000000000000138e-02 9.898279999999988199e-01 5.034044099926021990e-04 5.147477870000000112e+06 1.124749757570808381e+07 4.869500000000000000e+04 3.000000000000000000e+07
1.331000000000000238e-02 9.897479999999987399e-01 7.080225985093914530e-04 5.145593110000000335e+06 1.124835051948348619e+07 4.724100000000000000e+04 3.000000000000000000e+07
1.464100000000000297e-02 9.899059999999987314e-01 3.807413820429769312e-04 2.749452069999999832e+06 8.569901604845395312e+06 4.789400000000000000e+04 3.000000000000000000e+07
1.610510000000000413e-02 9.898989999999989742e-01 3.430728785549773960e-04 3.646960640000000130e+06 9.731505230390483513e+06 4.519600000000000000e+04 3.000000000000000000e+07
1.771561000000000663e-02 9.898499999999985643e-01 5.282991576748904830e-04 2.748144830000000075e+06 8.570312530224354938e+06 4.575300000000000000e+04 3.000000000000000000e+07
1.948717100000000799e-02 9.899469999999985781e-01 2.347147204586921788e-04 1.848873840000000084e+06 7.112258124426783994e+06 4.603500000000000000e+04 3.000000000000000000e+07
2.143588810000001191e-02 9.899439999999987139e-01 2.224050359142085197e-04 2.147509370000000112e+06 7.641376824992983602e+06 4.283400000000000000e+04 3.000000000000000000e+07
2.357947691000001483e-02 9.899269999999985581e-01 3.417177197629605581e-04 2.147133589999999851e+06 7.641480101203152910e+06 4.234700000000000000e+04 3.000000000000000000e+07
2.593742460100001770e-02 9.899279999999986979e-01 2.870818698559636918e-04 2.146113830000000075e+06 7.641759809042833745e+06 4.357700000000000000e+04 3.000000000000000000e+07
2.853116706110002052e-02 9.898249999999986226e-01 6.367691889531026505e-04 2.744742770000000019e+06 8.571382519753597677e+06 4.198200000000000000e+04 3.000000000000000000e+07
3.138428376721002361e-02 9.899779999999986924e-01 1.253634715537185708e-04 1.246154580000000075e+06 5.869354757486582734e+06 4.207200000000000000e+04 3.000000000000000000e+07
3.452271214393103083e-02 9.899379999999986524e-01 2.911288374586109033e-04 1.545325129999999888e+06 6.527950862515166402e+06 4.135100000000000000e+04 3.000000000000000000e+07
3.797498335832413807e-02 9.899619999999985653e-01 1.896206739783408467e-04 1.244947570000000065e+06 5.869601335122142918e+06 3.963000000000000000e+04 3.000000000000000000e+07
4.177248169415655188e-02 9.899289999999986156e-01 2.542813402513041015e-04 2.741601149999999907e+06 8.572370468323243782e+06 3.726000000000000000e+04 3.000000000000000000e+07
4.594972986357220845e-02 9.899999999999985478e-01 1.443289932012703503e-15 4.540206999999999971e+04 2.902973380019182514e+03 3.915800000000000000e+04 5.482900000000000000e+04
5.054470284992943624e-02 9.899299999999985333e-01 4.348562981031783847e-04 1.541938260000000009e+06 6.528727550404661335e+06 3.944600000000000000e+04 3.000000000000000000e+07
5.559917313492238750e-02 9.899499999999986644e-01 2.736786436680816348e-04 1.242283959999999963e+06 5.870144990438367240e+06 3.868000000000000000e+04 3.000000000000000000e+07
6.115909044841463110e-02 9.899649999999988736e-01 2.442846700061198067e-04 9.416224499999999534e+05 5.110297509109524079e+06 3.813500000000000000e+04 3.000000000000000000e+07
6.727499949325610462e-02 9.899789999999986101e-01 1.098134782255817888e-04 1.240813040000000037e+06 5.870444960449883714e+06 3.443000000000000000e+04 3.000000000000000000e+07
7.400249944258172063e-02 9.899649999999985406e-01 1.705139290497976903e-04 1.539508550000000047e+06 6.529284932911824435e+06 3.574700000000000000e+04 3.000000000000000000e+07
8.140274938683990380e-02 9.899579999999987834e-01 2.706215069058569398e-04 9.399962099999999627e+05 5.110583495983590372e+06 3.526500000000000000e+04 3.000000000000000000e+07
8.954302432552389834e-02 9.899329999999986196e-01 3.228172857825258816e-04 2.437008160000000149e+06 8.127883230504749343e+06 3.567200000000000000e+04 3.000000000000000000e+07
9.849732675807629234e-02 9.899109999999987641e-01 4.178265190243439509e-04 2.436745580000000075e+06 8.127960735355042852e+06 3.517200000000000000e+04 3.000000000000000000e+07
1.083470594338839244e-01 9.898769999999984526e-01 5.161114220786037089e-04 3.634439700000000186e+06 9.736128631903195754e+06 3.472900000000000000e+04 3.000000000000000000e+07
1.191817653772723196e-01 9.895999999999989249e-01 9.240129869217149133e-04 7.529431580000000075e+06 1.297338890378182568e+07 3.480300000000000000e+04 3.000000000000000000e+07
1.310999419149995737e-01 9.892729999999997359e-01 1.208375355591135127e-03 1.412051192999999970e+07 1.495365974086991139e+07 3.295900000000000000e+04 3.000000000000000000e+07
1.442099361064995422e-01 9.884019999999996697e-01 1.659757813658361376e-03 2.220987941000000015e+07 1.314236026484695263e+07 3.287700000000000000e+04 3.000000000000000000e+07
1.586309297171495103e-01 9.868030000000003188e-01 1.940899533721414990e-03 2.880145421000000089e+07 5.871651258477537893e+06 3.362200000000000000e+04 3.000000000000000000e+07
1.744940226888644641e-01 9.848720000000003028e-01 1.935101030954194988e-03 3.000000000000000000e+07 0.000000000000000000e+00 3.000000000000000000e+07 3.000000000000000000e+07
1.919434249577509355e-01 9.824189999999995981e-01 2.205388627883985656e-03 3.000000000000000000e+07 0.000000000000000000e+00 3.000000000000000000e+07 3.000000000000000000e+07
2.111377674535260540e-01 9.790060000000001539e-01 2.354519908601325484e-03 3.000000000000000000e+07 0.000000000000000000e+00 3.000000000000000000e+07 3.000000000000000000e+07
2.322515441988786677e-01 9.754080000000000528e-01 2.455714967173510885e-03 3.000000000000000000e+07 0.000000000000000000e+00 3.000000000000000000e+07 3.000000000000000000e+07
2.554766986187665401e-01 9.716450000000002030e-01 2.410119291653424565e-03 3.000000000000000000e+07 0.000000000000000000e+00 3.000000000000000000e+07 3.000000000000000000e+07
2.810243684806432163e-01 9.666759999999996467e-01 2.192264582572095791e-03 3.000000000000000000e+07 0.000000000000000000e+00 3.000000000000000000e+07 3.000000000000000000e+07
3.091268053287075657e-01 9.618039999999998813e-01 2.424331660478825767e-03 3.000000000000000000e+07 0.000000000000000000e+00 3.000000000000000000e+07 3.000000000000000000e+07
3.400394858615783389e-01 9.556709999999998262e-01 2.585934840633078140e-03 3.000000000000000000e+07 0.000000000000000000e+00 3.000000000000000000e+07 3.000000000000000000e+07
3.740434344477361894e-01 9.494289999999998564e-01 2.814295471339140972e-03 3.000000000000000000e+07 0.000000000000000000e+00 3.000000000000000000e+07 3.000000000000000000e+07
4.114477778925098583e-01 9.426049999999999152e-01 3.114269577284528145e-03 3.000000000000000000e+07 0.000000000000000000e+00 3.000000000000000000e+07 3.000000000000000000e+07
4.525925556817608775e-01 9.356029999999997404e-01 2.479050423045083343e-03 3.000000000000000000e+07 0.000000000000000000e+00 3.000000000000000000e+07 3.000000000000000000e+07
4.978518112499369930e-01 9.273650000000003280e-01 3.447125614189312359e-03 3.000000000000000000e+07 0.000000000000000000e+00 3.000000000000000000e+07 3.000000000000000000e+07
5.476369923749306867e-01 9.204329999999998346e-01 3.092088452809849293e-03 3.000000000000000000e+07 0.000000000000000000e+00 3.000000000000000000e+07 3.000000000000000000e+07
6.024006916124238220e-01 9.135789999999999189e-01 3.568789570708811969e-03 3.000000000000000000e+07 0.000000000000000000e+00 3.000000000000000000e+07 3.000000000000000000e+07
6.626407607736662930e-01 9.059989999999999988e-01 3.331651092176370413e-03 3.000000000000000000e+07 0.000000000000000000e+00 3.000000000000000000e+07 3.000000000000000000e+07
7.289048368510330222e-01 9.005380000000003937e-01 3.273004124653676634e-03 3.000000000000000000e+07 0.000000000000000000e+00 3.000000000000000000e+07 3.000000000000000000e+07
8.017953205361363356e-01 8.958699999999999442e-01 2.734282355573396887e-03 3.000000000000000000e+07 0.000000000000000000e+00 3.000000000000000000e+07 3.000000000000000000e+07
8.819748525897500580e-01 8.927589999999996362e-01 3.334699236812814147e-03 3.000000000000000000e+07 0.000000000000000000e+00 3.000000000000000000e+07 3.000000000000000000e+07
9.701723378487251415e-01 8.901210000000001621e-01 3.593224039772648180e-03 3.000000000000000000e+07 0.000000000000000000e+00 3.000000000000000000e+07 3.000000000000000000e+07
9.801723378487251503e-01 8.906239999999996382e-01 3.250942017323597139e-03 3.000000000000000000e+07 0.000000000000000000e+00 3.000000000000000000e+07 3.000000000000000000e+07
9.901723378487251592e-01 8.901759999999999673e-01 3.107414359238243936e-03 3.000000000000000000e+07 0.000000000000000000e+00 3.000000000000000000e+07 3.000000000000000000e+07
1.000172337848725057e+00 8.897290000000002141e-01 3.353365324565760631e-03 3.000000000000000000e+07 0.000000000000000000e+00 3.000000000000000000e+07 3.000000000000000000e+07
