1.000000000000000021e-02 9.899999999999985478e-01 1.443289932012703503e-15 5.963208000000000175e+04 3.994629869412183325e+03 5.044200000000000000e+04 7.686100000000000000e+04
1.100000000000000110e-02 9.899999999999985478e-01 1.443289932012703503e-15 5.927391000000000349e+04 4.143027166444844624e+03 5.086200000000000000e+04 6.963500000000000000e+04
1.210000000000000138e-02 9.899999999999985478e-01 1.443289932012703503e-15 5.764558999999999651e+04 3.713485077646064383e+03 5.022600000000000000e+04 6.874400000000000000e+04
1.331000000000000238e-02 9.899999999999985478e-01 1.443289932012703503e-15 5.719725000000000000e+04 3.723940596666386227e+03 4.861600000000000000e+04 6.591900000000000000e+04
1.464100000000000297e-02 9.899999999999985478e-01 1.443289932012703503e-15 5.603677999999999884e+04 3.958206888428142520e+03 4.869700000000000000e+04 7.274100000000000000e+04
1.610510000000000413e-02 9.899999999999985478e-01 1.443289932012703503e-15 5.532541000000000349e+04 3.524636974484038547e+03 4.790900000000000000e+04 6.699200000000000000e+04
1.771561000000000663e-02 9.899999999999985478e-01 1.443289932012703503e-15 5.450077999999999884e+04 3.434241568614531388e+03 4.700500000000000000e+04 6.431200000000000000e+04
1.948717100000000799e-02 9.899999999999985478e-01 1.443289932012703503e-15 5.386994999999999709e+04 3.227629589574987222e+03 4.635900000000000000e+04 6.278700000000000000e+04
2.143588810000001191e-02 9.899999999999985478e-01 1.443289932012703503e-15 5.256258999999999651e+04 3.178466967250092239e+03 4.645500000000000000e+04 6.149100000000000000e+04
2.357947691000001483e-02 9.899999999999985478e-01 1.443289932012703503e-15 5.218594000000000233e+04 3.152892880578089262e+03 4.431400000000000000e+04 6.366000000000000000e+04
2.593742460100001770e-02 9.899999999999985478e-01 1.443289932012703503e-15 5.071712999999999738e+04 3.061927218779048417e+03 4.359800000000000000e+04 5.889000000000000000e+04
2.853116706110002052e-02 9.899999999999985478e-01 1.443289932012703503e-15 5.050123000000000320e+04 3.049041009415911503e+03 4.435700000000000000e+04 6.258000000000000000e+04
3.138428376721002361e-02 9.899999999999985478e-01 1.443289932012703503e-15 4.943098000000000320e+04 3.058970421498057476e+03 4.374800000000000000e+04 5.781100000000000000e+04
3.452271214393103083e-02 9.899999999999985478e-01 1.443289932012703503e-15 4.844644999999999709e+04 2.899199521850815927e+03 4.175800000000000000e+04 5.680800000000000000e+04
3.797498335832413807e-02 9.899999999999985478e-01 1.443289932012703503e-15 4.803151999999999680e+04 2.793593175392579724e+03 4.207600000000000000e+04 5.474200000000000000e+04
4.177248169415655188e-02 9.899999999999985478e-01 1.443289932012703503e-15 4.719780999999999767e+04 3.102825988337083800e+03 4.010000000000000000e+04 5.520800000000000000e+04
4.594972986357220845e-02 9.899999999999985478e-01 1.443289932012703503e-15 4.635994000000000233e+04 3.205274480664643761e+03 4.095900000000000000e+04 5.687200000000000000e+04
5.054470284992943624e-02 9.899999999999985478e-01 1.443289932012703503e-15 4.516231999999999971e+04 2.597181271609666055e+03 3.993500000000000000e+04 5.476500000000000000e+04
5.559917313492238750e-02 9.899999999999985478e-01 1.443289932012703503e-15 4.527162999999999738e+04 2.786451588149343479e+03 3.859400000000000000e+04 5.430400000000000000e+04
6.115909044841463110e-02 9.899999999999985478e-01 1.443289932012703503e-15 4.390547000000000116e+04 2.417235460003844764e+03 3.909600000000000000e+04 5.089400000000000000e+04
6.727499949325610462e-02 9.899999999999985478e-01 1.443289932012703503e-15 4.356662000000000262e+04 2.546657321981109817e+03 3.883300000000000000e+04 5.113000000000000000e+04
7.400249944258172063e-02 9.899999999999985478e-01 1.443289932012703503e-15 4.248455999999999767e+04 2.417391868605502168e+03 3.749500000000000000e+04 5.307900000000000000e+04
8.140274938683990380e-02 9.899999999999985478e-01 1.443289932012703503e-15 4.195155000000000291e+04 2.337213256744022601e+03 3.693100000000000000e+04 4.768000000000000000e+04
8.954302432552389834e-02 9.899999999999985478e-01 1.443289932012703503e-15 4.148352999999999884e+04 2.440905493684670091e+03 3.675200000000000000e+04 4.690100000000000000e+04
9.849732675807629234e-02 9.899999999999985478e-01 1.443289932012703503e-15 4.108894000000000233e+04 2.592633883987478384e+03 3.621700000000000000e+04 4.789900000000000000e+04
1.083470594338839244e-01 9.899999999999985478e-01 1.443289932012703503e-15 3.991426000000000204e+04 2.178029506779006169e+03 3.531300000000000000e+04 4.739300000000000000e+04
1.191817653772723196e-01 9.899999999999985478e-01 1.443289932012703503e-15 3.992218000000000029e+04 2.576695835289838669e+03 3.531200000000000000e+04 5.116500000000000000e+04
1.310999419149995737e-01 9.899999999999985478e-01 1.443289932012703503e-15 3.926523000000000320e+04 2.213868414585654591e+03 3.487000000000000000e+04 4.509600000000000000e+04
1.442099361064995422e-01 9.899999999999985478e-01 1.443289932012703503e-15 3.870441000000000349e+04 2.532408284992765402e+03 3.379100000000000000e+04 4.732500000000000000e+04
1.586309297171495103e-01 9.899999999999985478e-01 1.443289932012703503e-15 3.788605000000000291e+04 2.453512927925996337e+03 3.349300000000000000e+04 4.422200000000000000e+04
1.744940226888644641e-01 9.899999999999985478e-01 1.443289932012703503e-15 3.729390000000000146e+04 2.248344895695498053e+03 3.307700000000000000e+04 4.410000000000000000e+04
1.919434249577509355e-01 9.899999999999985478e-01 1.443289932012703503e-15 3.684250000000000000e+04 2.071955904453567200e+03 3.323700000000000000e+04 4.278500000000000000e+04
2.111377674535260540e-01 9.899999999999985478e-01 1.443289932012703503e-15 3.618934999999999854e+04 2.035373815174991250e+03 3.228800000000000000e+04 4.310700000000000000e+04
2.322515441988786677e-01 9.899999999999985478e-01 1.443289932012703503e-15 3.616966000000000349e+04 1.868127577121005515e+03 3.292100000000000000e+04 4.226200000000000000e+04
2.554766986187665401e-01 9.899999999999985478e-01 1.443289932012703503e-15 3.541272000000000116e+04 1.928304986665750448e+03 3.162100000000000000e+04 4.114500000000000000e+04
2.810243684806432163e-01 9.899999999999985478e-01 1.443289932012703503e-15 3.510130999999999767e+04 2.295971853899781763e+03 3.179000000000000000e+04 4.714800000000000000e+04
3.091268053287075657e-01 9.899999999999985478e-01 1.443289932012703503e-15 3.496490000000000146e+04 2.085658982192439453e+03 3.109400000000000000e+04 4.510200000000000000e+04
3.400394858615783389e-01 9.899999999999985478e-01 1.443289932012703503e-15 3.465408999999999651e+04 1.952810149988984449e+03 3.076000000000000000e+04 4.149800000000000000e+04
3.740434344477361894e-01 9.899999999999985478e-01 1.443289932012703503e-15 3.437859999999999854e+04 1.949169889978808214e+03 3.089600000000000000e+04 4.109100000000000000e+04
4.114477778925098583e-01 9.899999999999985478e-01 1.443289932012703503e-15 3.467544999999999709e+04 1.898880477412941218e+03 3.123900000000000000e+04 4.002100000000000000e+04
4.525925556817608775e-01 9.899539999999986684e-01 2.151371655479307617e-04 2.431375100000000093e+06 8.129544211504502222e+06 3.079800000000000000e+04 3.000000000000000000e+07
4.978518112499369930e-01 9.889159999999993511e-01 1.054013282648751321e-03 2.131004642000000179e+07 1.359714199396384135e+07 3.206800000000000000e+04 3.000000000000000000e+07
5.476369923749306867e-01 9.871669999999997946e-01 1.361841033307487113e-03 2.910104651000000164e+07 5.111665934962143190e+06 3.259400000000000000e+04 3.000000000000000000e+07
6.024006916124238220e-01 9.848740000000004713e-01 1.297506840059044382e-03 3.000000000000000000e+07 0.000000000000000000e+00 3.000000000000000000e+07 3.000000000000000000e+07
6.626407607736662930e-01 9.827419999999997824e-01 1.579504985747115248e-03 3.000000000000000000e+07 0.000000000000000000e+00 3.000000000000000000e+07 3.000000000000000000e+07
7.289048368510330222e-01 9.802260000000001527e-01 1.615464020026450816e-03 3.000000000000000000e+07 0.000000000000000000e+00 3.000000000000000000e+07 3.000000000000000000e+07
8.017953205361363356e-01 9.785959999999996883e-01 1.462184666859826961e-03 3.000000000000000000e+07 0.000000000000000000e+00 3.000000000000000000e+07 3.000000000000000000e+07
8.819748525897500580e-01 9.770660000000005452e-01 1.734371355852028576e-03 3.000000000000000000e+07 0.000000000000000000e+00 3.000000000000000000e+07 3.000000000000000000e+07
9.701723378487251415e-01 9.767249999999997323e-01 1.715539273814500887e-03 3.000000000000000000e+07 0.000000000000000000e+00 3.000000000000000000e+07 3.000000000000000000e+07
9.801723378487251503e-01 9.766769999999997953e-01 1.951863468585849238e-03 3.000000000000000000e+07 0.000000000000000000e+00 3.000000000000000000e+07 3.000000000000000000e+07
9.901723378487251592e-01 9.764660000000001672e-01 1.661157427819525811e-03 3.000000000000000000e+07 0.000000000000000000e+00 3.000000000000000000e+07 3.000000000000000000e+07
1.000172337848725057e+00 9.766459999999996811e-01 1.752108444132384132e-03 3.000000000000000000e+07 0.000000000000000000e+00 3.000000000000000000e+07 3.000000000000000000e+07
