1.000000000000000021e-02 9.899999999999985478e-01 1.443289932012703503e-15 5.434294000000000233e+04 3.970961417138172692e+03 4.518500000000000000e+04 6.619400000000000000e+04
1.100000000000000110e-02 9.899999999999985478e-01 1.443289932012703503e-15 5.365976999999999680e+04 3.729343995543990331e+03 4.398600000000000000e+04 6.598900000000000000e+04
1.210000000000000138e-02 9.899999999999985478e-01 1.443289932012703503e-15 5.289306999999999971e+04 3.906508562015448661e+03 4.548400000000000000e+04 6.302300000000000000e+04
1.331000000000000238e-02 9.899999999999985478e-01 1.443289932012703503e-15 5.151306999999999971e+04 3.909545588057518216e+03 4.285800000000000000e+04 6.326000000000000000e+04
1.464100000000000297e-02 9.899999999999985478e-01 1.443289932012703503e-15 4.997522000000000116e+04 3.416605229112663892e+03 4.109900000000000000e+04 5.950300000000000000e+04
1.610510000000000413e-02 9.899999999999985478e-01 1.443289932012703503e-15 4.931029000000000087e+04 3.274208247179766204e+03 4.085100000000000000e+04 5.766600000000000000e+04
1.771561000000000663e-02 9.899999999999985478e-01 1.443289932012703503e-15 4.917615000000000146e+04 3.577001298224533457e+03 4.176200000000000000e+04 6.158500000000000000e+04
1.948717100000000799e-02 9.899999999999985478e-01 1.443289932012703503e-15 4.785601000000000204e+04 2.937139480838457075e+03 4.072600000000000000e+04 5.438200000000000000e+04
2.143588810000001191e-02 9.899999999999985478e-01 1.443289932012703503e-15 4.825776999999999680e+04 3.318287603132073400e+03 4.053800000000000000e+04 5.701200000000000000e+04
2.357947691000001483e-02 9.899999999999985478e-01 1.443289932012703503e-15 4.643323999999999796e+04 3.549094284799997695e+03 4.000900000000000000e+04 6.050800000000000000e+04
2.593742460100001770e-02 9.899999999999985478e-01 1.443289932012703503e-15 4.552715000000000146e+04 3.161727880052298588e+03 3.797700000000000000e+04 5.295600000000000000e+04
2.853116706110002052e-02 9.899999999999985478e-01 1.443289932012703503e-15 4.480766999999999825e+04 2.954980331761956222e+03 3.926300000000000000e+04 5.658800000000000000e+04
3.138428376721002361e-02 9.899999999999985478e-01 1.443289932012703503e-15 4.389583000000000175e+04 2.739173788042664455e+03 3.875000000000000000e+04 5.078000000000000000e+04
3.452271214393103083e-02 9.899999999999985478e-01 1.443289932012703503e-15 4.315265000000000146e+04 3.110269690477016411e+03 3.771700000000000000e+04 5.683600000000000000e+04
3.797498335832413807e-02 9.899999999999985478e-01 1.443289932012703503e-15 4.240113999999999942e+04 3.262923603212308990e+03 3.532500000000000000e+04 5.059100000000000000e+04
4.177248169415655188e-02 9.899999999999985478e-01 1.443289932012703503e-15 4.211294000000000233e+04 3.486969486015040729e+03 3.611500000000000000e+04 5.318600000000000000e+04
4.594972986357220845e-02 9.899999999999985478e-01 1.443289932012703503e-15 4.086786000000000058e+04 2.835983621320829116e+03 3.513200000000000000e+04 5.104800000000000000e+04
5.054470284992943624e-02 9.899999999999985478e-01 1.443289932012703503e-15 4.018048000000000320e+04 2.987016620241675810e+03 3.477900000000000000e+04 4.698400000000000000e+04
5.559917313492238750e-02 9.899999999999985478e-01 1.443289932012703503e-15 3.929530999999999767e+04 2.550369395577824889e+03 3.370500000000000000e+04 4.638600000000000000e+04
6.115909044841463110e-02 9.899999999999985478e-01 1.443289932012703503e-15 3.860551000000000204e+04 2.774351518805790874e+03 3.375600000000000000e+04 4.731900000000000000e+04
6.727499949325610462e-02 9.899999999999985478e-01 1.443289932012703503e-15 3.819916999999999825e+04 2.617946409134457554e+03 3.306000000000000000e+04 4.697700000000000000e+04
7.400249944258172063e-02 9.899999999999985478e-01 1.443289932012703503e-15 3.705858999999999651e+04 2.991072567140422507e+03 3.132700000000000000e+04 4.852300000000000000e+04
8.140274938683990380e-02 9.899999999999985478e-01 1.443289932012703503e-15 3.679751000000000204e+04 2.465752057669221358e+03 3.221300000000000000e+04 4.417200000000000000e+04
8.954302432552389834e-02 9.899999999999985478e-01 1.443289932012703503e-15 3.616705000000000291e+04 2.276550629241528441e+03 3.164100000000000000e+04 4.340800000000000000e+04
9.849732675807629234e-02 9.899999999999985478e-01 1.443289932012703503e-15 3.530266999999999825e+04 2.180006087399758144e+03 3.120600000000000000e+04 4.262900000000000000e+04
1.083470594338839244e-01 9.899999999999985478e-01 1.443289932012703503e-15 3.453844999999999709e+04 2.336072757321569043e+03 3.051100000000000000e+04 4.126500000000000000e+04
1.191817653772723196e-01 9.899999999999985478e-01 1.443289932012703503e-15 3.462752999999999884e+04 2.394247908864075725e+03 3.022500000000000000e+04 4.225500000000000000e+04
1.310999419149995737e-01 9.899999999999985478e-01 1.443289932012703503e-15 3.361770999999999913e+04 2.370758314527231960e+03 2.946500000000000000e+04 4.441100000000000000e+04
1.442099361064995422e-01 9.899999999999985478e-01 1.443289932012703503e-15 3.328016999999999825e+04 2.407223866012465351e+03 2.851700000000000000e+04 4.049100000000000000e+04
1.586309297171495103e-01 9.899999999999985478e-01 1.443289932012703503e-15 3.254815000000000146e+04 1.974910465692052639e+03 2.861500000000000000e+04 3.922400000000000000e+04
1.744940226888644641e-01 9.899999999999985478e-01 1.443289932012703503e-15 3.190886999999999898e+04 2.240119356887038975e+03 2.760000000000000000e+04 3.860300000000000000e+04
1.919434249577509355e-01 9.899999999999985478e-01 1.443289932012703503e-15 3.187997999999999956e+04 2.209304211646734529e+03 2.807900000000000000e+04 4.129900000000000000e+04
2.111377674535260540e-01 9.899999999999985478e-01 1.443289932012703503e-15 3.109250000000000000e+04 2.165284653342373076e+03 2.710700000000000000e+04 3.819700000000000000e+04
2.322515441988786677e-01 9.899999999999985478e-01 1.443289932012703503e-15 3.094131999999999971e+04 2.187203570223860424e+03 2.686300000000000000e+04 3.697700000000000000e+04
2.554766986187665401e-01 9.899999999999985478e-01 1.443289932012703503e-15 3.066900999999999840e+04 2.372442798024853801e+03 2.580100000000000000e+04 3.885600000000000000e+04
2.810243684806432163e-01 9.899999999999985478e-01 1.443289932012703503e-15 2.996574000000000160e+04 1.893218928808815917e+03 2.623100000000000000e+04 3.791800000000000000e+04
3.091268053287075657e-01 9.899999999999985478e-01 1.443289932012703503e-15 2.963422000000000116e+04 2.021958167618706739e+03 2.573000000000000000e+04 3.438800000000000000e+04
3.400394858615783389e-01 9.899999999999985478e-01 1.443289932012703503e-15 2.928170000000000073e+04 2.250031282004762943e+03 2.457800000000000000e+04 3.426900000000000000e+04
3.740434344477361894e-01 9.899999999999985478e-01 1.443289932012703503e-15 2.876675999999999840e+04 1.948836268751174202e+03 2.552200000000000000e+04 3.540100000000000000e+04
4.114477778925098583e-01 9.899999999999985478e-01 1.443289932012703503e-15 2.843168000000000029e+04 1.962680314671750466e+03 2.476000000000000000e+04 3.508000000000000000e+04
4.525925556817608775e-01 9.899999999999985478e-01 1.443289932012703503e-15 2.816654000000000087e+04 2.053878333397574806e+03 2.439600000000000000e+04 3.598700000000000000e+04
4.978518112499369930e-01 9.899999999999985478e-01 1.443289932012703503e-15 2.779809000000000015e+04 1.635856070044060971e+03 2.513600000000000000e+04 3.380300000000000000e+04
5.476369923749306867e-01 9.899999999999985478e-01 1.443289932012703503e-15 2.761911000000000058e+04 1.874049924068193832e+03 2.450100000000000000e+04 3.437800000000000000e+04
6.024006916124238220e-01 9.899999999999985478e-01 1.443289932012703503e-15 2.724558000000000175e+04 1.646229243939008711e+03 2.417700000000000000e+04 3.310800000000000000e+04
6.626407607736662930e-01 9.899999999999985478e-01 1.443289932012703503e-15 2.725431000000000131e+04 1.804472214776386863e+03 2.438100000000000000e+04 3.278000000000000000e+04
7.289048368510330222e-01 9.899999999999985478e-01 1.443289932012703503e-15 2.735384999999999854e+04 2.162897290094932032e+03 2.406800000000000000e+04 3.721700000000000000e+04
8.017953205361363356e-01 9.899999999999985478e-01 1.443289932012703503e-15 2.734499000000000160e+04 1.883019487392523160e+03 2.436800000000000000e+04 3.396100000000000000e+04
8.819748525897500580e-01 9.899999999999985478e-01 1.443289932012703503e-15 2.701415999999999985e+04 1.979583151676130228e+03 2.348000000000000000e+04 3.572400000000000000e+04
9.701723378487251415e-01 9.899999999999985478e-01 1.443289932012703503e-15 2.723397000000000116e+04 1.875499088002977260e+03 2.401900000000000000e+04 3.496200000000000000e+04
9.801723378487251503e-01 9.899999999999985478e-01 1.443289932012703503e-15 2.701245999999999913e+04 1.842371327501597989e+03 2.423800000000000000e+04 3.360700000000000000e+04
9.901723378487251592e-01 9.899999999999985478e-01 1.443289932012703503e-15 2.689736999999999898e+04 1.895450577857413236e+03 2.396700000000000000e+04 3.384100000000000000e+04
1.000172337848725057e+00 9.899999999999985478e-01 1.443289932012703503e-15 2.715870000000000073e+04 2.010517294131040444e+03 2.403500000000000000e+04 3.366700000000000000e+04
