1.000000000000000021e-02 9.899999999999985478e-01 1.443289932012703503e-15 7.626463000000000466e+04 4.363622239963032371e+03 6.829700000000000000e+04 9.143400000000000000e+04
1.100000000000000110e-02 9.899999999999985478e-01 1.443289932012703503e-15 7.536227000000000407e+04 4.189092390613986026e+03 6.158700000000000000e+04 8.748900000000000000e+04
1.210000000000000138e-02 9.899999999999985478e-01 1.443289932012703503e-15 7.354319999999999709e+04 4.048157321547669653e+03 6.314900000000000000e+04 8.335000000000000000e+04
1.331000000000000238e-02 9.899999999999985478e-01 1.443289932012703503e-15 7.333799000000000524e+04 3.810296945108083946e+03 6.589800000000000000e+04 8.302600000000000000e+04
1.464100000000000297e-02 9.899999999999985478e-01 1.443289932012703503e-15 7.257825999999999476e+04 3.506492725274074019e+03 6.366900000000000000e+04 8.007300000000000000e+04
1.610510000000000413e-02 9.899999999999985478e-01 1.443289932012703503e-15 7.152205999999999767e+04 4.233464323270010027e+03 6.154300000000000000e+04 8.464800000000000000e+04
1.771561000000000663e-02 9.899999999999985478e-01 1.443289932012703503e-15 7.049775000000000000e+04 3.636501558847459364e+03 6.186900000000000000e+04 8.083400000000000000e+04
1.948717100000000799e-02 9.899999999999985478e-01 1.443289932012703503e-15 6.960382000000000698e+04 3.368124318905108339e+03 6.198600000000000000e+04 8.004000000000000000e+04
2.143588810000001191e-02 9.899999999999985478e-01 1.443289932012703503e-15 6.905619999999999709e+04 3.296059504924023713e+03 6.228800000000000000e+04 7.739400000000000000e+04
2.357947691000001483e-02 9.899999999999985478e-01 1.443289932012703503e-15 6.786180000000000291e+04 3.455866151921975415e+03 6.076200000000000000e+04 7.758900000000000000e+04
2.593742460100001770e-02 9.899999999999985478e-01 1.443289932012703503e-15 6.746772000000000116e+04 3.576289784343544852e+03 5.894200000000000000e+04 7.541700000000000000e+04
2.853116706110002052e-02 9.899999999999985478e-01 1.443289932012703503e-15 6.670436000000000058e+04 3.631136440620208759e+03 5.859700000000000000e+04 7.873800000000000000e+04
3.138428376721002361e-02 9.899999999999985478e-01 1.443289932012703503e-15 6.556947000000000116e+04 3.318145751635994657e+03 5.819300000000000000e+04 7.611100000000000000e+04
3.452271214393103083e-02 9.899999999999985478e-01 1.443289932012703503e-15 6.477936000000000058e+04 2.995392169716679746e+03 5.849800000000000000e+04 7.561100000000000000e+04
3.797498335832413807e-02 9.899999999999985478e-01 1.443289932012703503e-15 6.381462000000000262e+04 3.391803266051850187e+03 5.636700000000000000e+04 7.331900000000000000e+04
4.177248169415655188e-02 9.899999999999985478e-01 1.443289932012703503e-15 6.330308999999999651e+04 2.954611213324013534e+03 5.616800000000000000e+04 7.284100000000000000e+04
4.594972986357220845e-02 9.899999999999985478e-01 1.443289932012703503e-15 6.211034999999999854e+04 3.268941441430237774e+03 5.483100000000000000e+04 6.979200000000000000e+04
5.054470284992943624e-02 9.899999999999985478e-01 1.443289932012703503e-15 6.135830000000000291e+04 2.716815634157018394e+03 5.548800000000000000e+04 7.134000000000000000e+04
5.559917313492238750e-02 9.899999999999985478e-01 1.443289932012703503e-15 6.070694000000000233e+04 3.227628667675387987e+03 5.315300000000000000e+04 6.981200000000000000e+04
6.115909044841463110e-02 9.899999999999985478e-01 1.443289932012703503e-15 5.948566999999999825e+04 2.882519932472280743e+03 5.347800000000000000e+04 6.699600000000000000e+04
6.727499949325610462e-02 9.899999999999985478e-01 1.443289932012703503e-15 5.868827999999999884e+04 2.666918236766924565e+03 5.332400000000000000e+04 6.583900000000000000e+04
7.400249944258172063e-02 9.899999999999985478e-01 1.443289932012703503e-15 5.741433999999999651e+04 2.490602048581828058e+03 5.255500000000000000e+04 6.454400000000000000e+04
8.140274938683990380e-02 9.899999999999985478e-01 1.443289932012703503e-15 5.695966000000000349e+04 2.844724852142997861e+03 5.077000000000000000e+04 6.437700000000000000e+04
8.954302432552389834e-02 9.899999999999985478e-01 1.443289932012703503e-15 5.611358999999999651e+04 2.561505421017101526e+03 5.091900000000000000e+04 6.452300000000000000e+04
9.849732675807629234e-02 9.899999999999985478e-01 1.443289932012703503e-15 5.479687000000000262e+04 2.383339424651889203e+03 4.629200000000000000e+04 5.984400000000000000e+04
1.083470594338839244e-01 9.899999999999985478e-01 1.443289932012703503e-15 5.471123000000000320e+04 2.855729552513682393e+03 4.967700000000000000e+04 6.788600000000000000e+04
1.191817653772723196e-01 9.899999999999985478e-01 1.443289932012703503e-15 5.337393000000000029e+04 2.737360265858332696e+03 4.796800000000000000e+04 6.363500000000000000e+04
1.310999419149995737e-01 9.899999999999985478e-01 1.443289932012703503e-15 5.268252999999999884e+04 2.392078942907193778e+03 4.702000000000000000e+04 5.834200000000000000e+04
1.442099361064995422e-01 9.899999999999985478e-01 1.443289932012703503e-15 5.197279000000000087e+04 2.605711658242331396e+03 4.756400000000000000e+04 6.288000000000000000e+04
1.586309297171495103e-01 9.899999999999985478e-01 1.443289932012703503e-15 5.156733000000000175e+04 2.709423156522436329e+03 4.432900000000000000e+04 5.862900000000000000e+04
1.744940226888644641e-01 9.899999999999985478e-01 1.443289932012703503e-15 5.033512000000000262e+04 2.207214336125968657e+03 4.610300000000000000e+04 5.665400000000000000e+04
1.919434249577509355e-01 9.899999999999985478e-01 1.443289932012703503e-15 4.922283999999999651e+04 2.625040516715885587e+03 4.332500000000000000e+04 6.325400000000000000e+04
2.111377674535260540e-01 9.899999999999985478e-01 1.443289932012703503e-15 4.839416999999999825e+04 2.197198443723279070e+03 4.336500000000000000e+04 5.452700000000000000e+04
2.322515441988786677e-01 9.899999999999985478e-01 1.443289932012703503e-15 4.804997000000000116e+04 2.440269068996286478e+03 4.337600000000000000e+04 5.504400000000000000e+04
2.554766986187665401e-01 9.899999999999985478e-01 1.443289932012703503e-15 4.688426999999999680e+04 2.104463588922365034e+03 4.197200000000000000e+04 5.538900000000000000e+04
2.810243684806432163e-01 9.899999999999985478e-01 1.443289932012703503e-15 4.611441000000000349e+04 2.232585335860647319e+03 4.281600000000000000e+04 5.509700000000000000e+04
3.091268053287075657e-01 9.899999999999985478e-01 1.443289932012703503e-15 4.560343000000000029e+04 2.047426102475984408e+03 4.119900000000000000e+04 5.034700000000000000e+04
3.400394858615783389e-01 9.899999999999985478e-01 1.443289932012703503e-15 4.522575000000000000e+04 2.263200615831482082e+03 3.991800000000000000e+04 5.501700000000000000e+04
3.740434344477361894e-01 9.899999999999985478e-01 1.443289932012703503e-15 4.405280000000000291e+04 2.083838381449003009e+03 4.070400000000000000e+04 5.228800000000000000e+04
4.114477778925098583e-01 9.899999999999985478e-01 1.443289932012703503e-15 4.418683000000000175e+04 2.637740400627020790e+03 3.932000000000000000e+04 5.381300000000000000e+04
4.525925556817608775e-01 9.899999999999985478e-01 1.443289932012703503e-15 4.340965000000000146e+04 2.590618062837515026e+03 3.964600000000000000e+04 5.841100000000000000e+04
4.978518112499369930e-01 9.899999999999985478e-01 1.443289932012703503e-15 4.277720999999999913e+04 2.043810574857660413e+03 3.848100000000000000e+04 5.008600000000000000e+04
5.476369923749306867e-01 9.899999999999985478e-01 1.443289932012703503e-15 4.243340000000000146e+04 2.271135773132024951e+03 3.861100000000000000e+04 5.179000000000000000e+04
6.024006916124238220e-01 9.899999999999985478e-01 1.443289932012703503e-15 4.206179000000000087e+04 1.822214451128077144e+03 3.829700000000000000e+04 4.744000000000000000e+04
6.626407607736662930e-01 9.899999999999985478e-01 1.443289932012703503e-15 4.219204000000000087e+04 2.238999432425118357e+03 3.767800000000000000e+04 5.055200000000000000e+04
7.289048368510330222e-01 9.899999999999985478e-01 1.443289932012703503e-15 4.199794000000000233e+04 2.455818913600919586e+03 3.773800000000000000e+04 5.112800000000000000e+04
8.017953205361363356e-01 9.899999999999985478e-01 1.443289932012703503e-15 4.160118000000000029e+04 2.225210306375557138e+03 3.732800000000000000e+04 5.201700000000000000e+04
8.819748525897500580e-01 9.899999999999985478e-01 1.443289932012703503e-15 4.144612999999999738e+04 2.067790360046202295e+03 3.769200000000000000e+04 5.010700000000000000e+04
9.701723378487251415e-01 9.899999999999985478e-01 1.443289932012703503e-15 4.136634999999999854e+04 2.232530995865455225e+03 3.746400000000000000e+04 5.168100000000000000e+04
9.801723378487251503e-01 9.899999999999985478e-01 1.443289932012703503e-15 4.167848999999999796e+04 2.049891033664960105e+03 3.727300000000000000e+04 4.957900000000000000e+04
9.901723378487251592e-01 9.899999999999985478e-01 1.443289932012703503e-15 4.157895999999999913e+04 1.834054006402210689e+03 3.796800000000000000e+04 4.744600000000000000e+04
1.000172337848725057e+00 9.899999999999985478e-01 1.443289932012703503e-15 4.133770999999999913e+04 1.994109431776500969e+03 3.746700000000000000e+04 4.728400000000000000e+04
