1.000000000000000021e-02 8.950000000000124306e-04 2.598076211353030575e-05 3.000000000000000000e+07 0.000000000000000000e+00 3.000000000000000000e+07 3.000000000000000000e+07
1.100000000000000110e-02 9.010000000000118175e-04 2.998332870112661741e-05 3.000000000000000000e+07 0.000000000000000000e+00 3.000000000000000000e+07 3.000000000000000000e+07
1.210000000000000138e-02 8.980000000000120698e-04 3.736308338453474509e-05 3.000000000000000000e+07 0.000000000000000000e+00 3.000000000000000000e+07 3.000000000000000000e+07
1.331000000000000238e-02 9.010000000000118175e-04 3.315116890849791455e-05 3.000000000000000000e+07 0.000000000000000000e+00 3.000000000000000000e+07 3.000000000000000000e+07
1.464100000000000297e-02 9.010000000000118175e-04 3.315116890849791455e-05 3.000000000000000000e+07 0.000000000000000000e+00 3.000000000000000000e+07 3.000000000000000000e+07
1.610510000000000413e-02 9.010000000000118175e-04 3.315116890849791455e-05 3.000000000000000000e+07 0.000000000000000000e+00 3.000000000000000000e+07 3.000000000000000000e+07
1.771561000000000663e-02 8.950000000000124306e-04 4.330127018921718190e-05 3.000000000000000000e+07 0.000000000000000000e+00 3.000000000000000000e+07 3.000000000000000000e+07
1.948717100000000799e-02 8.960000000000123465e-04 5.276362383308586576e-05 3.000000000000000000e+07 0.000000000000000000e+00 3.000000000000000000e+07 3.000000000000000000e+07
2.143588810000001191e-02 9.020000000000117334e-04 3.458323293157737117e-05 3.000000000000000000e+07 0.000000000000000000e+00 3.000000000000000000e+07 3.000000000000000000e+07
2.357947691000001483e-02 9.020000000000117334e-04 5.095095681142238809e-05 3.000000000000000000e+07 0.000000000000000000e+00 3.000000000000000000e+07 3.000000000000000000e+07
2.593742460100001770e-02 8.950000000000124306e-04 4.330127018921716835e-05 3.000000000000000000e+07 0.000000000000000000e+00 3.000000000000000000e+07 3.000000000000000000e+07
2.853116706110002052e-02 9.010000000000118175e-04 5.195190083143640060e-05 3.000000000000000000e+07 0.000000000000000000e+00 3.000000000000000000e+07 3.000000000000000000e+07
3.138428376721002361e-02 9.000000000000119016e-04 4.472135954999086234e-05 3.000000000000000000e+07 0.000000000000000000e+00 3.000000000000000000e+07 3.000000000000000000e+07
3.452271214393103083e-02 8.910000000000128755e-04 4.710626285325032763e-05 3.000000000000000000e+07 0.000000000000000000e+00 3.000000000000000000e+07 3.000000000000000000e+07
3.797498335832413807e-02 8.960000000000123465e-04 5.642694391865736656e-05 3.000000000000000000e+07 0.000000000000000000e+00 3.000000000000000000e+07 3.000000000000000000e+07
4.177248169415655188e-02 8.990000000000119857e-04 5.195190083143642093e-05 3.000000000000000000e+07 0.000000000000000000e+00 3.000000000000000000e+07 3.000000000000000000e+07
4.594972986357220845e-02 9.070000000000110960e-04 6.205642593639390612e-05 3.000000000000000000e+07 0.000000000000000000e+00 3.000000000000000000e+07 3.000000000000000000e+07
5.054470284992943624e-02 9.000000000000119016e-04 6.164414002968296620e-05 3.000000000000000000e+07 0.000000000000000000e+00 3.000000000000000000e+07 3.000000000000000000e+07
5.559917313492238750e-02 9.010000000000118175e-04 5.566866263886095361e-05 3.000000000000000000e+07 0.000000000000000000e+00 3.000000000000000000e+07 3.000000000000000000e+07
6.115909044841463110e-02 9.000000000000119016e-04 7.071067811864696130e-05 3.000000000000000000e+07 0.000000000000000000e+00 3.000000000000000000e+07 3.000000000000000000e+07
6.727499949325610462e-02 8.940000000000125147e-04 6.755738301621069765e-05 3.000000000000000000e+07 0.000000000000000000e+00 3.000000000000000000e+07 3.000000000000000000e+07
7.400249944258172063e-02 8.960000000000123465e-04 7.199999999999208715e-05 3.000000000000000000e+07 0.000000000000000000e+00 3.000000000000000000e+07 3.000000000000000000e+07
8.140274938683990380e-02 8.950000000000124306e-04 7.533259586658853652e-05 3.000000000000000000e+07 0.000000000000000000e+00 3.000000000000000000e+07 3.000000000000000000e+07
8.954302432552389834e-02 9.070000000000110960e-04 8.277076778669193976e-05 3.000000000000000000e+07 0.000000000000000000e+00 3.000000000000000000e+07 3.000000000000000000e+07
9.849732675807629234e-02 9.050000000000113726e-04 8.529361054615047300e-05 3.000000000000000000e+07 0.000000000000000000e+00 3.000000000000000000e+07 3.000000000000000000e+07
1.083470594338839244e-01 9.030000000000115408e-04 7.410128204018329612e-05 3.000000000000000000e+07 0.000000000000000000e+00 3.000000000000000000e+07 3.000000000000000000e+07
1.191817653772723196e-01 9.090000000000109277e-04 9.283856957104688308e-05 3.000000000000000000e+07 0.000000000000000000e+00 3.000000000000000000e+07 3.000000000000000000e+07
1.310999419149995737e-01 8.950000000000124306e-04 9.733961166964814329e-05 3.000000000000000000e+07 0.000000000000000000e+00 3.000000000000000000e+07 3.000000000000000000e+07
1.442099361064995422e-01 8.990000000000119857e-04 1.043982758478204282e-04 3.000000000000000000e+07 0.000000000000000000e+00 3.000000000000000000e+07 3.000000000000000000e+07
1.586309297171495103e-01 9.030000000000115408e-04 1.187055179846198465e-04 3.000000000000000000e+07 0.000000000000000000e+00 3.000000000000000000e+07 3.000000000000000000e+07
1.744940226888644641e-01 8.950000000000124306e-04 9.836157786451912323e-05 3.000000000000000000e+07 0.000000000000000000e+00 3.000000000000000000e+07 3.000000000000000000e+07
1.919434249577509355e-01 8.930000000000127072e-04 1.133622512126377855e-04 3.000000000000000000e+07 0.000000000000000000e+00 3.000000000000000000e+07 3.000000000000000000e+07
2.111377674535260540e-01 9.090000000000109277e-04 1.241732660438494044e-04 3.000000000000000000e+07 0.000000000000000000e+00 3.000000000000000000e+07 3.000000000000000000e+07
2.322515441988786677e-01 9.210000000000095931e-04 1.416297991243211816e-04 3.000000000000000000e+07 0.000000000000000000e+00 3.000000000000000000e+07 3.000000000000000000e+07
2.554766986187665401e-01 8.940000000000125147e-04 1.302459212413051347e-04 3.000000000000000000e+07 0.000000000000000000e+00 3.000000000000000000e+07 3.000000000000000000e+07
2.810243684806432163e-01 8.920000000000127913e-04 1.270275560655893690e-04 3.000000000000000000e+07 0.000000000000000000e+00 3.000000000000000000e+07 3.000000000000000000e+07
3.091268053287075657e-01 8.820000000000138493e-04 1.381158933649410665e-04 3.000000000000000000e+07 0.000000000000000000e+00 3.000000000000000000e+07 3.000000000000000000e+07
3.400394858615783389e-01 9.070000000000110960e-04 1.443987534572075771e-04 3.000000000000000000e+07 0.000000000000000000e+00 3.000000000000000000e+07 3.000000000000000000e+07
3.740434344477361894e-01 8.890000000000131521e-04 1.340857934309075785e-04 3.000000000000000000e+07 0.000000000000000000e+00 3.000000000000000000e+07 3.000000000000000000e+07
4.114477778925098583e-01 9.090000000000109277e-04 1.606829175736932866e-04 3.000000000000000000e+07 0.000000000000000000e+00 3.000000000000000000e+07 3.000000000000000000e+07
4.525925556817608775e-01 9.020000000000105407e-04 1.483104851316859301e-04 3.000000000000000000e+07 0.000000000000000000e+00 3.000000000000000000e+07 3.000000000000000000e+07
4.978518112499369930e-01 8.920000000000105145e-04 1.831283702761381867e-04 3.000000000000000000e+07 0.000000000000000000e+00 3.000000000000000000e+07 3.000000000000000000e+07
5.476369923749306867e-01 9.080000000000099276e-04 1.616663230236747915e-04 3.000000000000000000e+07 0.000000000000000000e+00 3.000000000000000000e+07 3.000000000000000000e+07
6.024006916124238220e-01 8.850000000000124043e-04 1.768473918382569056e-04 3.000000000000000000e+07 0.000000000000000000e+00 3.000000000000000000e+07 3.000000000000000000e+07
6.626407607736662930e-01 9.230000000000082323e-04 1.837688765814099500e-04 3.000000000000000000e+07 0.000000000000000000e+00 3.000000000000000000e+07 3.000000000000000000e+07
7.289048368510330222e-01 9.280000000000087875e-04 1.965095417530510961e-04 3.000000000000000000e+07 0.000000000000000000e+00 3.000000000000000000e+07 3.000000000000000000e+07
8.017953205361363356e-01 9.210000000000095931e-04 1.919869787250997185e-04 3.000000000000000000e+07 0.000000000000000000e+00 3.000000000000000000e+07 3.000000000000000000e+07
8.819748525897500580e-01 8.860000000000112360e-04 1.876272901259140678e-04 3.000000000000000000e+07 0.000000000000000000e+00 3.000000000000000000e+07 3.000000000000000000e+07
9.701723378487251415e-01 9.090000000000075667e-04 2.044969437424274154e-04 3.000000000000000000e+07 0.000000000000000000e+00 3.000000000000000000e+07 3.000000000000000000e+07
9.801723378487251503e-01 8.960000000000112623e-04 1.827128895288822157e-04 3.000000000000000000e+07 0.000000000000000000e+00 3.000000000000000000e+07 3.000000000000000000e+07
9.901723378487251592e-01 8.830000000000126810e-04 1.838776767310088651e-04 3.000000000000000000e+07 0.000000000000000000e+00 3.000000000000000000e+07 3.000000000000000000e+07
1.000172337848725057e+00 8.920000000000072619e-04 1.942575609853991730e-04 3.000000000000000000e+07 0.000000000000000000e+00 3.000000000000000000e+07 3.000000000000000000e+07
