1.000000000000000021e-02 9.899999999999985478e-01 1.443289932012703503e-15 6.247544999999999709e+04 4.171790762670150798e+03 5.417900000000000000e+04 7.675600000000000000e+04
1.100000000000000110e-02 9.899999999999985478e-01 1.443289932012703503e-15 6.141604000000000087e+04 3.816436151490026532e+03 5.453900000000000000e+04 7.278000000000000000e+04
1.210000000000000138e-02 9.899999999999985478e-01 1.443289932012703503e-15 6.101815000000000146e+04 4.429995389105952199e+03 5.246000000000000000e+04 7.342600000000000000e+04
1.331000000000000238e-02 9.899999999999985478e-01 1.443289932012703503e-15 5.975558000000000175e+04 3.349502775577294869e+03 5.302300000000000000e+04 7.317200000000000000e+04
1.464100000000000297e-02 9.899999999999985478e-01 1.443289932012703503e-15 5.888827999999999884e+04 4.228742711681569745e+03 4.923700000000000000e+04 7.128700000000000000e+04
1.610510000000000413e-02 9.899999999999985478e-01 1.443289932012703503e-15 5.778512000000000262e+04 3.445953236130751066e+03 4.939600000000000000e+04 7.005600000000000000e+04
1.771561000000000663e-02 9.899999999999985478e-01 1.443289932012703503e-15 5.768536000000000058e+04 3.597420783061108978e+03 4.887200000000000000e+04 6.792500000000000000e+04
1.948717100000000799e-02 9.899999999999985478e-01 1.443289932012703503e-15 5.600702999999999884e+04 3.554384640004510857e+03 4.779900000000000000e+04 7.083200000000000000e+04
2.143588810000001191e-02 9.899999999999985478e-01 1.443289932012703503e-15 5.508768000000000029e+04 3.441685612835663505e+03 4.800000000000000000e+04 6.368800000000000000e+04
2.357947691000001483e-02 9.899999999999985478e-01 1.443289932012703503e-15 5.449672000000000116e+04 3.358653819851042044e+03 4.704300000000000000e+04 6.270700000000000000e+04
2.593742460100001770e-02 9.899999999999985478e-01 1.443289932012703503e-15 5.292093000000000029e+04 3.284885898338023253e+03 4.712400000000000000e+04 6.643900000000000000e+04
2.853116706110002052e-02 9.899999999999985478e-01 1.443289932012703503e-15 5.340862999999999738e+04 2.906239321373929670e+03 4.528100000000000000e+04 6.140000000000000000e+04
3.138428376721002361e-02 9.899999999999985478e-01 1.443289932012703503e-15 5.106766999999999825e+04 3.024067582098653929e+03 4.589100000000000000e+04 6.093300000000000000e+04
3.452271214393103083e-02 9.899999999999985478e-01 1.443289932012703503e-15 5.117108000000000175e+04 3.275151574141264518e+03 4.415900000000000000e+04 6.114700000000000000e+04
3.797498335832413807e-02 9.899999999999985478e-01 1.443289932012703503e-15 5.065195999999999913e+04 3.172358012330890688e+03 4.388500000000000000e+04 6.433700000000000000e+04
4.177248169415655188e-02 9.899999999999985478e-01 1.443289932012703503e-15 4.930434999999999854e+04 3.039227705766713370e+03 4.203300000000000000e+04 6.023800000000000000e+04
4.594972986357220845e-02 9.899999999999985478e-01 1.443289932012703503e-15 4.901255000000000291e+04 2.879065502467770784e+03 4.227600000000000000e+04 5.636200000000000000e+04
5.054470284992943624e-02 9.899999999999985478e-01 1.443289932012703503e-15 4.800919000000000233e+04 2.582122079588802535e+03 4.178400000000000000e+04 5.472700000000000000e+04
5.559917313492238750e-02 9.899999999999985478e-01 1.443289932012703503e-15 4.761548000000000320e+04 2.755530538680346581e+03 4.112300000000000000e+04 5.605900000000000000e+04
6.115909044841463110e-02 9.899999999999985478e-01 1.443289932012703503e-15 4.685741000000000349e+04 3.403000012033499843e+03 4.141600000000000000e+04 6.568200000000000000e+04
6.727499949325610462e-02 9.899999999999985478e-01 1.443289932012703503e-15 4.590787000000000262e+04 2.856678461622869236e+03 4.105800000000000000e+04 5.764300000000000000e+04
7.400249944258172063e-02 9.899999999999985478e-01 1.443289932012703503e-15 4.551348999999999796e+04 2.938277912298291085e+03 3.847300000000000000e+04 5.482700000000000000e+04
8.140274938683990380e-02 9.899999999999985478e-01 1.443289932012703503e-15 4.437350000000000000e+04 2.777030516577014623e+03 3.972400000000000000e+04 5.526100000000000000e+04
8.954302432552389834e-02 9.899999999999985478e-01 1.443289932012703503e-15 4.394416999999999825e+04 2.379939751569354485e+03 3.984400000000000000e+04 5.117300000000000000e+04
9.849732675807629234e-02 9.899999999999985478e-01 1.443289932012703503e-15 4.303019000000000233e+04 2.497193787814634561e+03 3.860700000000000000e+04 4.978800000000000000e+04
1.083470594338839244e-01 9.899999999999985478e-01 1.443289932012703503e-15 4.220143000000000029e+04 2.335743548658541840e+03 3.774000000000000000e+04 4.873100000000000000e+04
1.191817653772723196e-01 9.899999999999985478e-01 1.443289932012703503e-15 4.148256999999999971e+04 2.574702076959584701e+03 3.779400000000000000e+04 5.616500000000000000e+04
1.310999419149995737e-01 9.899999999999985478e-01 1.443289932012703503e-15 4.105377999999999884e+04 2.135276340804627580e+03 3.656000000000000000e+04 4.627800000000000000e+04
1.442099361064995422e-01 9.899999999999985478e-01 1.443289932012703503e-15 4.057665000000000146e+04 2.722323468565040912e+03 3.575000000000000000e+04 5.036800000000000000e+04
1.586309297171495103e-01 9.899999999999985478e-01 1.443289932012703503e-15 4.021973000000000320e+04 2.248940976793299797e+03 3.612600000000000000e+04 4.565100000000000000e+04
1.744940226888644641e-01 9.899999999999985478e-01 1.443289932012703503e-15 3.988741000000000349e+04 2.466898279601329705e+03 3.433400000000000000e+04 4.898800000000000000e+04
1.919434249577509355e-01 9.899999999999985478e-01 1.443289932012703503e-15 3.931327999999999884e+04 2.364810009620223354e+03 3.510300000000000000e+04 5.000000000000000000e+04
2.111377674535260540e-01 9.899999999999985478e-01 1.443289932012703503e-15 3.858900000000000000e+04 2.125743437012096365e+03 3.494600000000000000e+04 4.563400000000000000e+04
2.322515441988786677e-01 9.899999999999985478e-01 1.443289932012703503e-15 3.788838999999999942e+04 1.983584744320241725e+03 3.433000000000000000e+04 4.453900000000000000e+04
2.554766986187665401e-01 9.899999999999985478e-01 1.443289932012703503e-15 3.710095999999999913e+04 1.735623829751136100e+03 3.261200000000000000e+04 4.165400000000000000e+04
2.810243684806432163e-01 9.899999999999985478e-01 1.443289932012703503e-15 3.680019000000000233e+04 1.859351648801269221e+03 3.277700000000000000e+04 4.443500000000000000e+04
3.091268053287075657e-01 9.899999999999985478e-01 1.443289932012703503e-15 3.649448999999999796e+04 2.083795217841714930e+03 3.275100000000000000e+04 4.533600000000000000e+04
3.400394858615783389e-01 9.899999999999985478e-01 1.443289932012703503e-15 3.679369000000000233e+04 2.421429208938390275e+03 3.186400000000000000e+04 4.553000000000000000e+04
3.740434344477361894e-01 9.899999999999985478e-01 1.443289932012703503e-15 3.614870999999999913e+04 2.003696006359247804e+03 3.279100000000000000e+04 4.119900000000000000e+04
4.114477778925098583e-01 9.899789999999987211e-01 1.898920746108178942e-04 6.355497700000000186e+05 4.194922132154424675e+06 3.192100000000000000e+04 3.000000000000000000e+07
4.525925556817608775e-01 9.897549999999991632e-01 5.666348030257219778e-04 8.126369660000000149e+06 1.330274675082797743e+07 3.278800000000000000e+04 3.000000000000000000e+07
4.978518112499369930e-01 9.884739999999996307e-01 1.201717104812940595e-03 2.640428983999999985e+07 9.737229159122968093e+06 3.418000000000000000e+04 3.000000000000000000e+07
5.476369923749306867e-01 9.862780000000005431e-01 1.430075522481240617e-03 3.000000000000000000e+07 0.000000000000000000e+00 3.000000000000000000e+07 3.000000000000000000e+07
6.024006916124238220e-01 9.841440000000002408e-01 1.657728566442647150e-03 3.000000000000000000e+07 0.000000000000000000e+00 3.000000000000000000e+07 3.000000000000000000e+07
6.626407607736662930e-01 9.814539999999998265e-01 1.838663645151014138e-03 3.000000000000000000e+07 0.000000000000000000e+00 3.000000000000000000e+07 3.000000000000000000e+07
7.289048368510330222e-01 9.791939999999997868e-01 1.678143021318506635e-03 3.000000000000000000e+07 0.000000000000000000e+00 3.000000000000000000e+07 3.000000000000000000e+07
8.017953205361363356e-01 9.775790000000003088e-01 1.819521640431902331e-03 3.000000000000000000e+07 0.000000000000000000e+00 3.000000000000000000e+07 3.000000000000000000e+07
8.819748525897500580e-01 9.759430000000000049e-01 1.853281144349122524e-03 3.000000000000000000e+07 0.000000000000000000e+00 3.000000000000000000e+07 3.000000000000000000e+07
9.701723378487251415e-01 9.752640000000005749e-01 1.836982308025853329e-03 3.000000000000000000e+07 0.000000000000000000e+00 3.000000000000000000e+07 3.000000000000000000e+07
9.801723378487251503e-01 9.755230000000000290e-01 1.787560068920756575e-03 3.000000000000000000e+07 0.000000000000000000e+00 3.000000000000000000e+07 3.000000000000000000e+07
9.901723378487251592e-01 9.753910000000000080e-01 1.960616994723851994e-03 3.000000000000000000e+07 0.000000000000000000e+00 3.000000000000000000e+07 3.000000000000000000e+07
1.000172337848725057e+00 9.749070000000004121e-01 1.832771398729250104e-03 3.000000000000000000e+07 0.000000000000000000e+00 3.000000000000000000e+07 3.000000000000000000e+07
