1.000000000000000021e-02 9.899999999999985478e-01 1.443289932012703503e-15 6.035833999999999651e+04 4.507888246662731945e+03 5.175400000000000000e+04 7.390600000000000000e+04
1.100000000000000110e-02 9.899999999999985478e-01 1.443289932012703503e-15 5.911787999999999738e+04 3.810055562009562436e+03 5.014100000000000000e+04 6.857300000000000000e+04
1.210000000000000138e-02 9.899999999999985478e-01 1.443289932012703503e-15 5.807865000000000146e+04 3.432767118157012192e+03 5.010000000000000000e+04 6.687700000000000000e+04
1.331000000000000238e-02 9.899999999999985478e-01 1.443289932012703503e-15 5.765444999999999709e+04 3.655505479068523073e+03 4.780400000000000000e+04 7.073900000000000000e+04
1.464100000000000297e-02 9.899999999999985478e-01 1.443289932012703503e-15 5.625852999999999884e+04 3.520907040678579961e+03 4.972000000000000000e+04 6.540400000000000000e+04
1.610510000000000413e-02 9.899999999999985478e-01 1.443289932012703503e-15 5.567861000000000058e+04 3.760643391482366042e+03 4.871400000000000000e+04 6.741000000000000000e+04
1.771561000000000663e-02 9.899999999999985478e-01 1.443289932012703503e-15 5.413269000000000233e+04 3.250343836257942257e+03 4.723300000000000000e+04 6.235400000000000000e+04
1.948717100000000799e-02 9.899999999999985478e-01 1.443289932012703503e-15 5.360405999999999767e+04 3.532376233698783381e+03 4.430500000000000000e+04 6.306200000000000000e+04
2.143588810000001191e-02 9.899999999999985478e-01 1.443289932012703503e-15 5.252448999999999796e+04 3.312525672338254026e+03 4.608700000000000000e+04 6.075200000000000000e+04
2.357947691000001483e-02 9.899999999999985478e-01 1.443289932012703503e-15 5.182091999999999825e+04 3.124127784454406537e+03 4.468300000000000000e+04 5.869400000000000000e+04
2.593742460100001770e-02 9.899999999999985478e-01 1.443289932012703503e-15 5.081851000000000204e+04 2.963708597332065438e+03 4.467100000000000000e+04 5.993100000000000000e+04
2.853116706110002052e-02 9.899999999999985478e-01 1.443289932012703503e-15 5.049080000000000291e+04 3.295594237766536025e+03 4.130600000000000000e+04 6.050000000000000000e+04
3.138428376721002361e-02 9.899999999999985478e-01 1.443289932012703503e-15 4.894769000000000233e+04 3.156004080146284650e+03 4.176100000000000000e+04 5.755700000000000000e+04
3.452271214393103083e-02 9.899999999999985478e-01 1.443289932012703503e-15 4.870987999999999738e+04 2.933162614926080096e+03 4.213400000000000000e+04 5.888700000000000000e+04
3.797498335832413807e-02 9.899999999999985478e-01 1.443289932012703503e-15 4.774438999999999942e+04 2.963472014023415340e+03 4.121700000000000000e+04 5.761800000000000000e+04
4.177248169415655188e-02 9.899999999999985478e-01 1.443289932012703503e-15 4.770783999999999651e+04 3.371924624661708094e+03 3.897200000000000000e+04 5.625300000000000000e+04
4.594972986357220845e-02 9.899999999999985478e-01 1.443289932012703503e-15 4.625580999999999767e+04 2.992594411860718992e+03 3.968100000000000000e+04 5.637700000000000000e+04
5.054470284992943624e-02 9.899999999999985478e-01 1.443289932012703503e-15 4.571190000000000146e+04 2.873889460295924891e+03 4.001000000000000000e+04 5.649500000000000000e+04
5.559917313492238750e-02 9.899999999999985478e-01 1.443289932012703503e-15 4.453061000000000058e+04 2.674147400181972444e+03 3.950000000000000000e+04 5.178400000000000000e+04
6.115909044841463110e-02 9.899999999999985478e-01 1.443289932012703503e-15 4.420256999999999971e+04 2.370158852292393931e+03 3.719700000000000000e+04 5.057500000000000000e+04
6.727499949325610462e-02 9.899999999999985478e-01 1.443289932012703503e-15 4.307855000000000291e+04 2.429315493611316924e+03 3.780300000000000000e+04 5.392300000000000000e+04
7.400249944258172063e-02 9.899999999999985478e-01 1.443289932012703503e-15 4.310987000000000262e+04 2.659616907206750057e+03 3.773000000000000000e+04 5.446100000000000000e+04
8.140274938683990380e-02 9.899999999999985478e-01 1.443289932012703503e-15 4.207940000000000146e+04 2.496300078115610177e+03 3.525400000000000000e+04 4.793300000000000000e+04
8.954302432552389834e-02 9.899999999999985478e-01 1.443289932012703503e-15 4.126511000000000058e+04 2.510706999611862102e+03 3.580400000000000000e+04 4.811700000000000000e+04
9.849732675807629234e-02 9.899999999999985478e-01 1.443289932012703503e-15 4.082880999999999767e+04 2.300282924750779330e+03 3.602400000000000000e+04 4.657500000000000000e+04
1.083470594338839244e-01 9.899999999999985478e-01 1.443289932012703503e-15 4.047226000000000204e+04 2.879080779068207903e+03 3.475100000000000000e+04 4.817600000000000000e+04
1.191817653772723196e-01 9.899999999999985478e-01 1.443289932012703503e-15 3.950844999999999709e+04 1.902581343201914024e+03 3.505200000000000000e+04 4.519200000000000000e+04
1.310999419149995737e-01 9.899999999999985478e-01 1.443289932012703503e-15 3.920201999999999680e+04 2.754373681910281903e+03 3.389000000000000000e+04 4.674500000000000000e+04
1.442099361064995422e-01 9.899999999999985478e-01 1.443289932012703503e-15 3.823683000000000175e+04 2.237333234254566833e+03 3.415800000000000000e+04 4.523400000000000000e+04
1.586309297171495103e-01 9.899999999999985478e-01 1.443289932012703503e-15 3.807941000000000349e+04 2.110230528141415562e+03 3.325500000000000000e+04 4.324800000000000000e+04
1.744940226888644641e-01 9.899999999999985478e-01 1.443289932012703503e-15 3.789681999999999971e+04 2.605355032927374396e+03 3.376900000000000000e+04 4.773900000000000000e+04
1.919434249577509355e-01 9.899999999999985478e-01 1.443289932012703503e-15 3.702908000000000175e+04 2.163745575061910586e+03 3.287400000000000000e+04 4.380400000000000000e+04
2.111377674535260540e-01 9.899999999999985478e-01 1.443289932012703503e-15 3.645443000000000029e+04 2.043473436357810442e+03 3.281500000000000000e+04 4.513300000000000000e+04
2.322515441988786677e-01 9.899999999999985478e-01 1.443289932012703503e-15 3.598531999999999971e+04 1.978443832308615129e+03 3.231400000000000000e+04 4.192100000000000000e+04
2.554766986187665401e-01 9.899999999999985478e-01 1.443289932012703503e-15 3.545244000000000233e+04 2.004243419946789345e+03 3.173700000000000000e+04 4.202900000000000000e+04
2.810243684806432163e-01 9.899999999999985478e-01 1.443289932012703503e-15 3.523859999999999854e+04 1.615146810664590930e+03 3.227700000000000000e+04 4.219000000000000000e+04
3.091268053287075657e-01 9.899999999999985478e-01 1.443289932012703503e-15 3.479930000000000291e+04 1.871331624806249692e+03 3.194600000000000000e+04 3.983600000000000000e+04
3.400394858615783389e-01 9.899999999999985478e-01 1.443289932012703503e-15 3.459026999999999680e+04 2.002467646954626389e+03 3.094700000000000000e+04 4.172000000000000000e+04
3.740434344477361894e-01 9.899999999999985478e-01 1.443289932012703503e-15 3.435361000000000058e+04 1.790967408385758517e+03 3.105500000000000000e+04 3.958300000000000000e+04
4.114477778925098583e-01 9.899999999999985478e-01 1.443289932012703503e-15 3.438008999999999651e+04 1.873228763899380283e+03 3.064700000000000000e+04 4.133200000000000000e+04
4.525925556817608775e-01 9.899069999999988712e-01 3.166243831419182533e-04 4.229178889999999665e+06 1.039783814545747824e+07 3.091700000000000000e+04 3.000000000000000000e+07
4.978518112499369930e-01 9.890980000000000327e-01 9.835629110534751737e-04 2.101011001999999955e+07 1.373228380011481233e+07 3.112000000000000000e+04 3.000000000000000000e+07
5.476369923749306867e-01 9.872729999999999562e-01 1.249068052589601824e-03 2.970035342000000179e+07 2.981445826719644014e+06 3.534200000000000000e+04 3.000000000000000000e+07
6.024006916124238220e-01 9.851759999999991635e-01 1.340083579483014251e-03 3.000000000000000000e+07 0.000000000000000000e+00 3.000000000000000000e+07 3.000000000000000000e+07
6.626407607736662930e-01 9.824460000000000415e-01 1.513500578130050215e-03 3.000000000000000000e+07 0.000000000000000000e+00 3.000000000000000000e+07 3.000000000000000000e+07
7.289048368510330222e-01 9.803189999999998294e-01 1.485509676844956476e-03 3.000000000000000000e+07 0.000000000000000000e+00 3.000000000000000000e+07 3.000000000000000000e+07
8.017953205361363356e-01 9.785209999999996411e-01 1.753812703797078118e-03 3.000000000000000000e+07 0.000000000000000000e+00 3.000000000000000000e+07 3.000000000000000000e+07
8.819748525897500580e-01 9.772219999999998130e-01 1.856748771374308257e-03 3.000000000000000000e+07 0.000000000000000000e+00 3.000000000000000000e+07 3.000000000000000000e+07
9.701723378487251415e-01 9.765670000000001849e-01 1.690151176670297729e-03 3.000000000000000000e+07 0.000000000000000000e+00 3.000000000000000000e+07 3.000000000000000000e+07
9.801723378487251503e-01 9.765089999999999604e-01 1.591923050904154886e-03 3.000000000000000000e+07 0.000000000000000000e+00 3.000000000000000000e+07 3.000000000000000000e+07
9.901723378487251592e-01 9.766900000000000581e-01 1.838015233886813697e-03 3.000000000000000000e+07 0.000000000000000000e+00 3.000000000000000000e+07 3.000000000000000000e+07
1.000172337848725057e+00 9.766320000000000556e-01 1.662160040429313309e-03 3.000000000000000000e+07 0.000000000000000000e+00 3.000000000000000000e+07 3.000000000000000000e+07
