1.000000000000000021e-02 9.892669999999990083e-01 1.452036845262542333e-03 1.203537052999999933e+07 1.466805880775960349e+07 5.214100000000000000e+04 3.000000000000000000e+07
1.100000000000000110e-02 9.892939999999993406e-01 1.637487099185819034e-03 8.740453189999999478e+06 1.358700823262326606e+07 5.050000000000000000e+04 3.000000000000000000e+07
1.210000000000000138e-02 9.894449999999989087e-01 1.069988317693229161e-03 9.938248570000000298e+06 1.407953862021185644e+07 4.907800000000000000e+04 3.000000000000000000e+07
1.331000000000000238e-02 9.893459999999989485e-01 1.205024481079117367e-03 9.937137849999999627e+06 1.408031826239863597e+07 4.648400000000000000e+04 3.000000000000000000e+07
1.464100000000000297e-02 9.896669999999987422e-01 9.115980473871095448e-04 6.642551990000000224e+06 1.240479076174745150e+07 4.798500000000000000e+04 3.000000000000000000e+07
1.610510000000000413e-02 9.896059999999987644e-01 8.487425993786279878e-04 8.139821379999999888e+06 1.329456630512635969e+07 4.737500000000000000e+04 3.000000000000000000e+07
1.771561000000000663e-02 9.898029999999988782e-01 5.699921052084811011e-04 5.443881519999999553e+06 1.150506458525453880e+07 4.723600000000000000e+04 3.000000000000000000e+07
1.948717100000000799e-02 9.895159999999988409e-01 1.030506671497077821e-03 6.940753669999999925e+06 1.260270235568014905e+07 4.548500000000000000e+04 3.000000000000000000e+07
2.143588810000001191e-02 9.895309999999989392e-01 1.208279355116189746e-03 7.538608669999999925e+06 1.296809080570968054e+07 4.349200000000000000e+04 3.000000000000000000e+07
2.357947691000001483e-02 9.898589999999987121e-01 4.789770349400872327e-04 3.344875700000000186e+06 9.370916735404599458e+06 4.182300000000000000e+04 3.000000000000000000e+07
2.593742460100001770e-02 9.897249999999988557e-01 8.579481336304655044e-04 5.141234059999999590e+06 1.125032318592352420e+07 4.394000000000000000e+04 3.000000000000000000e+07
2.853116706110002052e-02 9.897449999999988757e-01 9.604556210465918986e-04 4.242562429999999702e+06 1.039243862858715840e+07 4.278500000000000000e+04 3.000000000000000000e+07
3.138428376721002361e-02 9.898499999999988974e-01 4.885693400122413481e-04 3.342963629999999888e+06 9.371588840391216800e+06 4.174200000000000000e+04 3.000000000000000000e+07
3.452271214393103083e-02 9.898219999999986474e-01 6.281050867490206233e-04 3.642092629999999888e+06 9.733302729335630313e+06 4.194500000000000000e+04 3.000000000000000000e+07
3.797498335832413807e-02 9.899189999999985501e-01 2.982264240472292023e-04 3.640794979999999981e+06 9.733781806011209264e+06 4.152800000000000000e+04 3.000000000000000000e+07
4.177248169415655188e-02 9.897819999999988294e-01 7.183842982693899523e-04 4.539020259999999776e+06 1.069575127655056305e+07 3.977600000000000000e+04 3.000000000000000000e+07
4.594972986357220845e-02 9.898309999999986841e-01 5.390166973294951633e-04 4.838059110000000335e+06 1.098157158529948443e+07 3.926400000000000000e+04 3.000000000000000000e+07
5.054470284992943624e-02 9.898389999999985811e-01 5.937836306265080076e-04 3.040008779999999795e+06 8.986664022859858349e+06 3.966900000000000000e+04 3.000000000000000000e+07
5.559917313492238750e-02 9.898159999999986969e-01 7.456165234220578104e-04 3.039042479999999981e+06 8.986986174065161496e+06 3.853700000000000000e+04 3.000000000000000000e+07
6.115909044841463110e-02 9.898099999999988574e-01 6.303173803727718299e-04 3.637870200000000186e+06 9.734861967454120517e+06 3.684600000000000000e+04 3.000000000000000000e+07
6.727499949325610462e-02 9.898479999999989509e-01 7.170048814338656016e-04 3.038463649999999907e+06 8.987179114630369470e+06 3.731300000000000000e+04 3.000000000000000000e+07
7.400249944258172063e-02 9.898149999999987791e-01 5.419178904594222851e-04 4.236265589999999851e+06 1.039497900803056359e+07 3.666800000000000000e+04 3.000000000000000000e+07
8.140274938683990380e-02 9.899149999999988792e-01 3.953163290328406271e-04 3.935798549999999814e+06 1.007526518555074744e+07 3.645000000000000000e+04 3.000000000000000000e+07
8.954302432552389834e-02 9.898419999999987784e-01 4.055070899503459376e-04 4.834217509999999776e+06 1.098324818453926221e+07 3.538600000000000000e+04 3.000000000000000000e+07
9.849732675807629234e-02 9.897509999999988262e-01 5.918606254854240226e-04 6.930869839999999851e+06 1.260810390477347374e+07 3.596300000000000000e+04 3.000000000000000000e+07
1.083470594338839244e-01 9.894849999999988377e-01 1.037147530489269248e-03 9.926490109999999404e+06 1.408779066948539019e+07 3.463100000000000000e+04 3.000000000000000000e+07
1.191817653772723196e-01 9.892459999999989595e-01 1.232430119722818752e-03 1.382100210999999940e+07 1.493253893758850172e+07 3.581000000000000000e+04 3.000000000000000000e+07
1.310999419149995737e-01 9.887679999999996472e-01 1.310944697536850848e-03 2.011265400000000000e+07 1.408835105071840994e+07 3.428000000000000000e+04 3.000000000000000000e+07
1.442099361064995422e-01 9.878119999999996903e-01 1.919754150926616552e-03 2.460687421000000089e+07 1.151095151095169410e+07 3.497300000000000000e+04 3.000000000000000000e+07
1.586309297171495103e-01 9.856450000000006595e-01 1.875546586998045077e-03 2.970035633999999985e+07 2.981416773086478468e+06 3.563400000000000000e+04 3.000000000000000000e+07
1.744940226888644641e-01 9.842680000000000318e-01 2.135690988883924384e-03 3.000000000000000000e+07 0.000000000000000000e+00 3.000000000000000000e+07 3.000000000000000000e+07
1.919434249577509355e-01 9.813429999999998543e-01 2.253408751203385234e-03 3.000000000000000000e+07 0.000000000000000000e+00 3.000000000000000000e+07 3.000000000000000000e+07
2.111377674535260540e-01 9.782749999999996726e-01 2.285361021808156919e-03 3.000000000000000000e+07 0.000000000000000000e+00 3.000000000000000000e+07 3.000000000000000000e+07
2.322515441988786677e-01 9.751479999999993487e-01 2.500699102251205223e-03 3.000000000000000000e+07 0.000000000000000000e+00 3.000000000000000000e+07 3.000000000000000000e+07
2.554766986187665401e-01 9.710720000000000462e-01 2.405122865884404965e-03 3.000000000000000000e+07 0.000000000000000000e+00 3.000000000000000000e+07 3.000000000000000000e+07
2.810243684806432163e-01 9.662439999999999918e-01 2.380685615531793944e-03 3.000000000000000000e+07 0.000000000000000000e+00 3.000000000000000000e+07 3.000000000000000000e+07
3.091268053287075657e-01 9.608550000000000146e-01 2.760955450564171309e-03 3.000000000000000000e+07 0.000000000000000000e+00 3.000000000000000000e+07 3.000000000000000000e+07
3.400394858615783389e-01 9.544289999999999718e-01 2.582568295321534951e-03 3.000000000000000000e+07 0.000000000000000000e+00 3.000000000000000000e+07 3.000000000000000000e+07
3.740434344477361894e-01 9.477110000000000811e-01 2.934855873803685761e-03 3.000000000000000000e+07 0.000000000000000000e+00 3.000000000000000000e+07 3.000000000000000000e+07
4.114477778925098583e-01 9.408099999999995910e-01 3.298044875376922400e-03 3.000000000000000000e+07 0.000000000000000000e+00 3.000000000000000000e+07 3.000000000000000000e+07
4.525925556817608775e-01 9.336979999999998059e-01 2.685404252621940470e-03 3.000000000000000000e+07 0.000000000000000000e+00 3.000000000000000000e+07 3.000000000000000000e+07
4.978518112499369930e-01 9.267930000000000890e-01 2.975239654212746224e-03 3.000000000000000000e+07 0.000000000000000000e+00 3.000000000000000000e+07 3.000000000000000000e+07
5.476369923749306867e-01 9.196180000000004906e-01 3.121293962445699337e-03 3.000000000000000000e+07 0.000000000000000000e+00 3.000000000000000000e+07 3.000000000000000000e+07
6.024006916124238220e-01 9.114860000000004625e-01 3.160506921365622245e-03 3.000000000000000000e+07 0.000000000000000000e+00 3.000000000000000000e+07 3.000000000000000000e+07
6.626407607736662930e-01 9.048679999999998946e-01 3.134162727109101893e-03 3.000000000000000000e+07 0.000000000000000000e+00 3.000000000000000000e+07 3.000000000000000000e+07
7.289048368510330222e-01 8.993029999999997415e-01 3.290363353795438400e-03 3.000000000000000000e+07 0.000000000000000000e+00 3.000000000000000000e+07 3.000000000000000000e+07
8.017953205361363356e-01 8.944190000000001861e-01 2.706979682228880142e-03 3.000000000000000000e+07 0.000000000000000000e+00 3.000000000000000000e+07 3.000000000000000000e+07
8.819748525897500580e-01 8.910049999999998249e-01 3.109192017228919452e-03 3.000000000000000000e+07 0.000000000000000000e+00 3.000000000000000000e+07 3.000000000000000000e+07
9.701723378487251415e-01 8.891909999999999537e-01 3.285942634922286217e-03 3.000000000000000000e+07 0.000000000000000000e+00 3.000000000000000000e+07 3.000000000000000000e+07
9.801723378487251503e-01 8.889070000000002247e-01 3.563937569599112763e-03 3.000000000000000000e+07 0.000000000000000000e+00 3.000000000000000000e+07 3.000000000000000000e+07
9.901723378487251592e-01 8.880840000000002066e-01 3.096602008654002810e-03 3.000000000000000000e+07 0.000000000000000000e+00 3.000000000000000000e+07 3.000000000000000000e+07
1.000172337848725057e+00 8.889099999999997559e-01 3.494953504697885342e-03 3.000000000000000000e+07 0.000000000000000000e+00 3.000000000000000000e+07 3.000000000000000000e+07
