1.000000000000000021e-02 9.899999999999985478e-01 1.443289932012703503e-15 5.565279000000000087e+04 4.464969523513010245e+03 4.644400000000000000e+04 7.103900000000000000e+04
1.100000000000000110e-02 9.899999999999985478e-01 1.443289932012703503e-15 5.412466999999999825e+04 4.001752951032833153e+03 4.534300000000000000e+04 6.685900000000000000e+04
1.210000000000000138e-02 9.899999999999985478e-01 1.443289932012703503e-15 5.242293000000000029e+04 3.839549854488153414e+03 4.347000000000000000e+04 6.341000000000000000e+04
1.331000000000000238e-02 9.899999999999985478e-01 1.443289932012703503e-15 5.251600000000000000e+04 4.198311972686165063e+03 4.406300000000000000e+04 6.412500000000000000e+04
1.464100000000000297e-02 9.899999999999985478e-01 1.443289932012703503e-15 5.092141000000000349e+04 3.917928646861756988e+03 4.076300000000000000e+04 6.092300000000000000e+04
1.610510000000000413e-02 9.899999999999985478e-01 1.443289932012703503e-15 4.984586000000000058e+04 3.676583555476469883e+03 4.253100000000000000e+04 6.319000000000000000e+04
1.771561000000000663e-02 9.899999999999985478e-01 1.443289932012703503e-15 4.925869999999999709e+04 3.630802535253053520e+03 4.013700000000000000e+04 5.902800000000000000e+04
1.948717100000000799e-02 9.899999999999985478e-01 1.443289932012703503e-15 4.832044999999999709e+04 3.532781593518059253e+03 4.159800000000000000e+04 5.890800000000000000e+04
2.143588810000001191e-02 9.899999999999985478e-01 1.443289932012703503e-15 4.821875000000000000e+04 3.460774989435170028e+03 4.068700000000000000e+04 5.800000000000000000e+04
2.357947691000001483e-02 9.899999999999985478e-01 1.443289932012703503e-15 4.672955999999999767e+04 3.149013465579339481e+03 4.106000000000000000e+04 5.748600000000000000e+04
2.593742460100001770e-02 9.899999999999985478e-01 1.443289932012703503e-15 4.606070999999999913e+04 3.008296113400408103e+03 3.965400000000000000e+04 5.420700000000000000e+04
2.853116706110002052e-02 9.899999999999985478e-01 1.443289932012703503e-15 4.525505999999999767e+04 2.814047220001824826e+03 3.879700000000000000e+04 5.298700000000000000e+04
3.138428376721002361e-02 9.899999999999985478e-01 1.443289932012703503e-15 4.411255999999999767e+04 2.855928032426587379e+03 3.917900000000000000e+04 5.587900000000000000e+04
3.452271214393103083e-02 9.899999999999985478e-01 1.443289932012703503e-15 4.401279000000000087e+04 3.196562920685278641e+03 3.645500000000000000e+04 5.154800000000000000e+04
3.797498335832413807e-02 9.899999999999985478e-01 1.443289932012703503e-15 4.302800000000000000e+04 3.744929395863158334e+03 3.673800000000000000e+04 5.926200000000000000e+04
4.177248169415655188e-02 9.899999999999985478e-01 1.443289932012703503e-15 4.193131999999999971e+04 3.120133657008942009e+03 3.575000000000000000e+04 5.079300000000000000e+04
4.594972986357220845e-02 9.899999999999985478e-01 1.443289932012703503e-15 4.128975000000000000e+04 2.752607318071359259e+03 3.341100000000000000e+04 4.917000000000000000e+04
5.054470284992943624e-02 9.899999999999985478e-01 1.443289932012703503e-15 4.081855999999999767e+04 2.528881991394615852e+03 3.537700000000000000e+04 4.940600000000000000e+04
5.559917313492238750e-02 9.899999999999985478e-01 1.443289932012703503e-15 3.975316000000000349e+04 2.759318842468192088e+03 3.336100000000000000e+04 4.828400000000000000e+04
6.115909044841463110e-02 9.899999999999985478e-01 1.443289932012703503e-15 3.959469000000000233e+04 2.935808531546291761e+03 3.290600000000000000e+04 4.738400000000000000e+04
6.727499949325610462e-02 9.899999999999985478e-01 1.443289932012703503e-15 3.835955000000000291e+04 2.775893392675589894e+03 3.339900000000000000e+04 4.743700000000000000e+04
7.400249944258172063e-02 9.899999999999985478e-01 1.443289932012703503e-15 3.789216000000000349e+04 2.908022842826376746e+03 3.239700000000000000e+04 4.733300000000000000e+04
8.140274938683990380e-02 9.899999999999985478e-01 1.443289932012703503e-15 3.736919999999999709e+04 2.387521040744981292e+03 3.270600000000000000e+04 4.474900000000000000e+04
8.954302432552389834e-02 9.899999999999985478e-01 1.443289932012703503e-15 3.629984999999999854e+04 2.546958155820389948e+03 3.105700000000000000e+04 4.294500000000000000e+04
9.849732675807629234e-02 9.899999999999985478e-01 1.443289932012703503e-15 3.540740000000000146e+04 2.249826304406631607e+03 3.098800000000000000e+04 4.219100000000000000e+04
1.083470594338839244e-01 9.899999999999985478e-01 1.443289932012703503e-15 3.503094000000000233e+04 2.384052653864843251e+03 2.982500000000000000e+04 4.440100000000000000e+04
1.191817653772723196e-01 9.899999999999985478e-01 1.443289932012703503e-15 3.505829000000000087e+04 2.570157424341940441e+03 3.070500000000000000e+04 4.420500000000000000e+04
1.310999419149995737e-01 9.899999999999985478e-01 1.443289932012703503e-15 3.435701999999999680e+04 2.179274668232528711e+03 2.982000000000000000e+04 4.172400000000000000e+04
1.442099361064995422e-01 9.899999999999985478e-01 1.443289932012703503e-15 3.373141999999999825e+04 2.254929698150255263e+03 3.012400000000000000e+04 3.969300000000000000e+04
1.586309297171495103e-01 9.899999999999985478e-01 1.443289932012703503e-15 3.299216000000000349e+04 2.228020712291517611e+03 2.915200000000000000e+04 4.007800000000000000e+04
1.744940226888644641e-01 9.899999999999985478e-01 1.443289932012703503e-15 3.280048000000000320e+04 2.266808847168194461e+03 2.867100000000000000e+04 4.017500000000000000e+04
1.919434249577509355e-01 9.899999999999985478e-01 1.443289932012703503e-15 3.208088000000000102e+04 2.450267880375531149e+03 2.822600000000000000e+04 3.952600000000000000e+04
2.111377674535260540e-01 9.899999999999985478e-01 1.443289932012703503e-15 3.162300999999999840e+04 2.119208382840158265e+03 2.835700000000000000e+04 4.118800000000000000e+04
2.322515441988786677e-01 9.899999999999985478e-01 1.443289932012703503e-15 3.107495999999999913e+04 1.891818960260203767e+03 2.703300000000000000e+04 3.714900000000000000e+04
2.554766986187665401e-01 9.899999999999985478e-01 1.443289932012703503e-15 3.078618999999999869e+04 1.993871719519587941e+03 2.715400000000000000e+04 3.726500000000000000e+04
2.810243684806432163e-01 9.899999999999985478e-01 1.443289932012703503e-15 3.085466999999999825e+04 2.432839768891490166e+03 2.674700000000000000e+04 4.439900000000000000e+04
3.091268053287075657e-01 9.899999999999985478e-01 1.443289932012703503e-15 2.983206000000000131e+04 2.027715718832400398e+03 2.652500000000000000e+04 3.739600000000000000e+04
3.400394858615783389e-01 9.899999999999985478e-01 1.443289932012703503e-15 2.984988000000000102e+04 2.392649181472286273e+03 2.663900000000000000e+04 4.077300000000000000e+04
3.740434344477361894e-01 9.899999999999985478e-01 1.443289932012703503e-15 2.962379999999999927e+04 1.896987184985707927e+03 2.648200000000000000e+04 3.517000000000000000e+04
4.114477778925098583e-01 9.899999999999985478e-01 1.443289932012703503e-15 2.953756999999999971e+04 2.206367028646865947e+03 2.455200000000000000e+04 3.826200000000000000e+04
4.525925556817608775e-01 9.899999999999985478e-01 1.443289932012703503e-15 2.896756999999999971e+04 2.089095791269514848e+03 2.560000000000000000e+04 3.805800000000000000e+04
4.978518112499369930e-01 9.899529999999985286e-01 2.422622545919983950e-04 1.827236580000000075e+06 7.117724321821651421e+06 2.530600000000000000e+04 3.000000000000000000e+07
5.476369923749306867e-01 9.894469999999988552e-01 7.547787755362450352e-04 1.591393439000000060e+07 1.495817865667434409e+07 2.650000000000000000e+04 3.000000000000000000e+07
6.024006916124238220e-01 9.878590000000003757e-01 9.990090089683875858e-04 2.910087605000000075e+07 5.112635217251238413e+06 2.679200000000000000e+04 3.000000000000000000e+07
6.626407607736662930e-01 9.861320000000002306e-01 1.197069755695124573e-03 3.000000000000000000e+07 0.000000000000000000e+00 3.000000000000000000e+07 3.000000000000000000e+07
7.289048368510330222e-01 9.845959999999994716e-01 1.209952065166221844e-03 3.000000000000000000e+07 0.000000000000000000e+00 3.000000000000000000e+07 3.000000000000000000e+07
8.017953205361363356e-01 9.826140000000003205e-01 1.231504770595718114e-03 3.000000000000000000e+07 0.000000000000000000e+00 3.000000000000000000e+07 3.000000000000000000e+07
8.819748525897500580e-01 9.818019999999998415e-01 1.402496345806284253e-03 3.000000000000000000e+07 0.000000000000000000e+00 3.000000000000000000e+07 3.000000000000000000e+07
9.701723378487251415e-01 9.813270000000001714e-01 1.353133770179431802e-03 3.000000000000000000e+07 0.000000000000000000e+00 3.000000000000000000e+07 3.000000000000000000e+07
9.801723378487251503e-01 9.813420000000000476e-01 1.437858129302054064e-03 3.000000000000000000e+07 0.000000000000000000e+00 3.000000000000000000e+07 3.000000000000000000e+07
9.901723378487251592e-01 9.811399999999997901e-01 1.240644993541667072e-03 3.000000000000000000e+07 0.000000000000000000e+00 3.000000000000000000e+07 3.000000000000000000e+07
1.000172337848725057e+00 9.811850000000000849e-01 1.417206759791950991e-03 3.000000000000000000e+07 0.000000000000000000e+00 3.000000000000000000e+07 3.000000000000000000e+07
