1.000000000000000021e-02 9.899999999999985478e-01 1.443289932012703503e-15 4.175883000000000175e+04 3.001056054308216062e+03 3.444100000000000000e+04 5.049900000000000000e+04
1.100000000000000110e-02 9.899999999999985478e-01 1.443289932012703503e-15 4.092987000000000262e+04 3.254699871432080727e+03 3.255300000000000000e+04 4.919400000000000000e+04
1.210000000000000138e-02 9.899999999999985478e-01 1.443289932012703503e-15 3.973775000000000000e+04 2.568964228536473911e+03 3.430600000000000000e+04 4.735200000000000000e+04
1.331000000000000238e-02 9.899999999999985478e-01 1.443289932012703503e-15 3.895263999999999942e+04 2.594473335842941196e+03 3.082200000000000000e+04 4.738800000000000000e+04
1.464100000000000297e-02 9.899999999999985478e-01 1.443289932012703503e-15 3.832366000000000349e+04 2.642961691814695769e+03 3.182700000000000000e+04 4.801200000000000000e+04
1.610510000000000413e-02 9.899999999999985478e-01 1.443289932012703503e-15 3.728083000000000175e+04 2.660979688216353225e+03 3.169400000000000000e+04 4.490700000000000000e+04
1.771561000000000663e-02 9.899999999999985478e-01 1.443289932012703503e-15 3.679383999999999651e+04 2.723713923010270719e+03 3.043800000000000000e+04 4.435400000000000000e+04
1.948717100000000799e-02 9.899999999999985478e-01 1.443289932012703503e-15 3.549440000000000146e+04 2.619237606632891584e+03 2.968100000000000000e+04 4.125500000000000000e+04
2.143588810000001191e-02 9.899999999999985478e-01 1.443289932012703503e-15 3.521954000000000087e+04 2.091020910560197535e+03 2.961600000000000000e+04 4.114700000000000000e+04
2.357947691000001483e-02 9.899999999999985478e-01 1.443289932012703503e-15 3.359194999999999709e+04 2.191173878883188536e+03 2.884600000000000000e+04 4.067700000000000000e+04
2.593742460100001770e-02 9.899999999999985478e-01 1.443289932012703503e-15 3.351433000000000175e+04 1.976735561753265529e+03 2.903600000000000000e+04 3.818600000000000000e+04
2.853116706110002052e-02 9.899999999999985478e-01 1.443289932012703503e-15 3.248422999999999956e+04 2.359169476129258783e+03 2.689100000000000000e+04 3.895400000000000000e+04
3.138428376721002361e-02 9.899999999999985478e-01 1.443289932012703503e-15 3.209354000000000087e+04 2.134487322145531380e+03 2.769200000000000000e+04 3.731300000000000000e+04
3.452271214393103083e-02 9.899999999999985478e-01 1.443289932012703503e-15 3.107415999999999985e+04 1.736978582021090915e+03 2.665500000000000000e+04 3.589800000000000000e+04
3.797498335832413807e-02 9.899999999999985478e-01 1.443289932012703503e-15 3.022409000000000015e+04 2.108914503221977611e+03 2.657800000000000000e+04 3.561200000000000000e+04
4.177248169415655188e-02 9.899999999999985478e-01 1.443289932012703503e-15 2.987681000000000131e+04 1.763254937296363096e+03 2.617300000000000000e+04 3.516000000000000000e+04
4.594972986357220845e-02 9.899999999999985478e-01 1.443289932012703503e-15 2.915341999999999825e+04 1.772206095125507773e+03 2.434800000000000000e+04 3.364500000000000000e+04
5.054470284992943624e-02 9.899999999999985478e-01 1.443289932012703503e-15 2.885036999999999898e+04 1.850040689579556101e+03 2.458800000000000000e+04 3.376500000000000000e+04
5.559917313492238750e-02 9.899999999999985478e-01 1.443289932012703503e-15 2.790104999999999927e+04 1.710952105554097216e+03 2.418700000000000000e+04 3.197000000000000000e+04
6.115909044841463110e-02 9.899999999999985478e-01 1.443289932012703503e-15 2.714588999999999942e+04 1.635986319594391261e+03 2.384400000000000000e+04 3.160900000000000000e+04
6.727499949325610462e-02 9.899999999999985478e-01 1.443289932012703503e-15 2.671329999999999927e+04 1.568455963678929493e+03 2.373000000000000000e+04 3.194300000000000000e+04
7.400249944258172063e-02 9.899999999999985478e-01 1.443289932012703503e-15 2.621641999999999825e+04 1.522864427189761273e+03 2.333300000000000000e+04 2.983200000000000000e+04
8.140274938683990380e-02 9.899999999999985478e-01 1.443289932012703503e-15 2.546554000000000087e+04 1.491177671640774179e+03 2.197000000000000000e+04 3.101900000000000000e+04
8.954302432552389834e-02 9.899999999999985478e-01 1.443289932012703503e-15 2.478634000000000015e+04 1.509581426886274357e+03 2.175900000000000000e+04 2.945100000000000000e+04
9.849732675807629234e-02 9.899999999999985478e-01 1.443289932012703503e-15 2.451765999999999985e+04 1.266025862453054287e+03 2.170600000000000000e+04 2.764000000000000000e+04
1.083470594338839244e-01 9.899999999999985478e-01 1.443289932012703503e-15 2.406211999999999898e+04 1.311432417473351961e+03 2.112000000000000000e+04 2.760200000000000000e+04
1.191817653772723196e-01 9.899999999999985478e-01 1.443289932012703503e-15 2.320315999999999985e+04 1.080971847181969906e+03 2.089400000000000000e+04 2.557100000000000000e+04
1.310999419149995737e-01 9.899999999999985478e-01 1.443289932012703503e-15 2.284595999999999913e+04 1.287641145040030324e+03 2.037200000000000000e+04 2.680300000000000000e+04
1.442099361064995422e-01 9.899999999999985478e-01 1.443289932012703503e-15 2.209645000000000073e+04 1.104275603053875329e+03 1.934900000000000000e+04 2.467500000000000000e+04
1.586309297171495103e-01 9.899999999999985478e-01 1.443289932012703503e-15 2.179968999999999869e+04 1.026236655893756279e+03 1.893900000000000000e+04 2.415000000000000000e+04
1.744940226888644641e-01 9.899999999999985478e-01 1.443289932012703503e-15 2.120983000000000175e+04 1.101738027436649872e+03 1.893800000000000000e+04 2.487300000000000000e+04
1.919434249577509355e-01 9.899999999999985478e-01 1.443289932012703503e-15 2.091161000000000058e+04 8.739063095664203047e+02 1.925200000000000000e+04 2.301000000000000000e+04
2.111377674535260540e-01 9.899999999999985478e-01 1.443289932012703503e-15 2.055433000000000175e+04 1.079505906005150109e+03 1.799200000000000000e+04 2.435100000000000000e+04
2.322515441988786677e-01 9.899999999999985478e-01 1.443289932012703503e-15 2.025284000000000015e+04 9.432267142103216884e+02 1.763200000000000000e+04 2.337300000000000000e+04
2.554766986187665401e-01 9.899999999999985478e-01 1.443289932012703503e-15 1.989268999999999869e+04 9.513549568378775803e+02 1.808200000000000000e+04 2.231200000000000000e+04
2.810243684806432163e-01 9.899999999999985478e-01 1.443289932012703503e-15 1.948804000000000087e+04 8.457655812339493195e+02 1.766000000000000000e+04 2.156400000000000000e+04
3.091268053287075657e-01 9.899999999999985478e-01 1.443289932012703503e-15 1.907097999999999956e+04 7.982696784921746485e+02 1.720200000000000000e+04 2.078700000000000000e+04
3.400394858615783389e-01 9.899999999999985478e-01 1.443289932012703503e-15 1.884193999999999869e+04 9.890351037248374269e+02 1.683300000000000000e+04 2.178300000000000000e+04
3.740434344477361894e-01 9.899999999999985478e-01 1.443289932012703503e-15 1.852056000000000131e+04 8.032532766195230352e+02 1.628400000000000000e+04 2.070100000000000000e+04
4.114477778925098583e-01 9.899999999999985478e-01 1.443289932012703503e-15 1.818718999999999869e+04 7.548437943707293698e+02 1.688800000000000000e+04 2.163000000000000000e+04
4.525925556817608775e-01 9.899999999999985478e-01 1.443289932012703503e-15 1.797470000000000073e+04 7.196365957898473198e+02 1.651100000000000000e+04 2.032500000000000000e+04
4.978518112499369930e-01 9.899999999999985478e-01 1.443289932012703503e-15 1.777959999999999854e+04 6.987470643945491702e+02 1.626800000000000000e+04 1.943300000000000000e+04
5.476369923749306867e-01 9.899999999999985478e-01 1.443289932012703503e-15 1.757327000000000044e+04 6.766278571711335417e+02 1.631700000000000000e+04 1.934100000000000000e+04
6.024006916124238220e-01 9.899999999999985478e-01 1.443289932012703503e-15 1.749163000000000102e+04 6.704381500929074491e+02 1.609500000000000000e+04 1.922100000000000000e+04
6.626407607736662930e-01 9.899999999999985478e-01 1.443289932012703503e-15 1.748193999999999869e+04 6.942637945334612368e+02 1.590500000000000000e+04 1.911100000000000000e+04
7.289048368510330222e-01 9.899999999999985478e-01 1.443289932012703503e-15 1.720927999999999884e+04 6.962555289547078701e+02 1.561900000000000000e+04 1.943100000000000000e+04
8.017953205361363356e-01 9.899999999999985478e-01 1.443289932012703503e-15 1.716625000000000000e+04 7.345103726292775264e+02 1.546300000000000000e+04 1.892900000000000000e+04
8.819748525897500580e-01 9.899999999999985478e-01 1.443289932012703503e-15 1.720006000000000131e+04 6.591852974695354987e+02 1.594500000000000000e+04 2.078700000000000000e+04
9.701723378487251415e-01 9.899999999999985478e-01 1.443289932012703503e-15 1.729800000000000000e+04 7.448685118864939341e+02 1.598100000000000000e+04 2.018000000000000000e+04
9.801723378487251503e-01 9.899999999999985478e-01 1.443289932012703503e-15 1.722570999999999913e+04 7.434444874366881777e+02 1.565300000000000000e+04 1.917600000000000000e+04
9.901723378487251592e-01 9.899999999999985478e-01 1.443289932012703503e-15 1.722095000000000073e+04 6.450108429321168160e+02 1.600000000000000000e+04 1.889700000000000000e+04
1.000172337848725057e+00 9.899999999999985478e-01 1.443289932012703503e-15 1.721918000000000029e+04 6.251041733983224731e+02 1.596100000000000000e+04 1.961700000000000000e+04
