1.000000000000000021e-02 9.899999999999985478e-01 1.443289932012703503e-15 6.203488999999999942e+04 3.782118784213420440e+03 5.345900000000000000e+04 7.624600000000000000e+04
1.100000000000000110e-02 9.899999999999985478e-01 1.443289932012703503e-15 6.050277999999999884e+04 3.457422582155672899e+03 5.180400000000000000e+04 6.827700000000000000e+04
1.210000000000000138e-02 9.899999999999985478e-01 1.443289932012703503e-15 5.967155000000000291e+04 3.830190581093844230e+03 5.002900000000000000e+04 6.955200000000000000e+04
1.331000000000000238e-02 9.899999999999985478e-01 1.443289932012703503e-15 5.919527999999999884e+04 3.696390823708985863e+03 5.291800000000000000e+04 7.334600000000000000e+04
1.464100000000000297e-02 9.899999999999985478e-01 1.443289932012703503e-15 5.794925000000000000e+04 3.271547164186999908e+03 5.114400000000000000e+04 6.640900000000000000e+04
1.610510000000000413e-02 9.899999999999985478e-01 1.443289932012703503e-15 5.694041999999999825e+04 3.702526378515080523e+03 4.804100000000000000e+04 6.741100000000000000e+04
1.771561000000000663e-02 9.899999999999985478e-01 1.443289932012703503e-15 5.596954000000000087e+04 3.948962391363078495e+03 4.942200000000000000e+04 6.777000000000000000e+04
1.948717100000000799e-02 9.899999999999985478e-01 1.443289932012703503e-15 5.539587000000000262e+04 3.347899869037304597e+03 4.776400000000000000e+04 6.455200000000000000e+04
2.143588810000001191e-02 9.899999999999985478e-01 1.443289932012703503e-15 5.494733999999999651e+04 3.263784007007817763e+03 4.637500000000000000e+04 6.318700000000000000e+04
2.357947691000001483e-02 9.899999999999985478e-01 1.443289932012703503e-15 5.357872000000000116e+04 3.247583227817264742e+03 4.741600000000000000e+04 6.423800000000000000e+04
2.593742460100001770e-02 9.899999999999985478e-01 1.443289932012703503e-15 5.322708999999999651e+04 2.975427499015897411e+03 4.673600000000000000e+04 6.128400000000000000e+04
2.853116706110002052e-02 9.899999999999985478e-01 1.443289932012703503e-15 5.206262999999999738e+04 2.963875266116979674e+03 4.445400000000000000e+04 5.816700000000000000e+04
3.138428376721002361e-02 9.899999999999985478e-01 1.443289932012703503e-15 5.174865000000000146e+04 3.291623166083870274e+03 4.491700000000000000e+04 6.149200000000000000e+04
3.452271214393103083e-02 9.899999999999985478e-01 1.443289932012703503e-15 5.060297000000000116e+04 3.206822553416387564e+03 4.388100000000000000e+04 6.210600000000000000e+04
3.797498335832413807e-02 9.899999999999985478e-01 1.443289932012703503e-15 4.980330999999999767e+04 2.877401389083560389e+03 4.412400000000000000e+04 6.064200000000000000e+04
4.177248169415655188e-02 9.899999999999985478e-01 1.443289932012703503e-15 4.911726999999999680e+04 3.197028792034878734e+03 4.256000000000000000e+04 5.895900000000000000e+04
4.594972986357220845e-02 9.899999999999985478e-01 1.443289932012703503e-15 4.801683999999999651e+04 3.199847686125075143e+03 4.213100000000000000e+04 5.838900000000000000e+04
5.054470284992943624e-02 9.899999999999985478e-01 1.443289932012703503e-15 4.708587000000000262e+04 2.663349690352358266e+03 4.125900000000000000e+04 5.711400000000000000e+04
5.559917313492238750e-02 9.899999999999985478e-01 1.443289932012703503e-15 4.691655999999999767e+04 2.728347534021280353e+03 4.041200000000000000e+04 5.709300000000000000e+04
6.115909044841463110e-02 9.899999999999985478e-01 1.443289932012703503e-15 4.592330999999999767e+04 2.830545412795915581e+03 3.859700000000000000e+04 5.568100000000000000e+04
6.727499949325610462e-02 9.899999999999985478e-01 1.443289932012703503e-15 4.527576000000000204e+04 2.495758594576006089e+03 3.992500000000000000e+04 5.176400000000000000e+04
7.400249944258172063e-02 9.899999999999985478e-01 1.443289932012703503e-15 4.423301000000000204e+04 2.359411445657582135e+03 3.976200000000000000e+04 4.917100000000000000e+04
8.140274938683990380e-02 9.899999999999985478e-01 1.443289932012703503e-15 4.382975000000000000e+04 2.472738908073393759e+03 3.759300000000000000e+04 5.192700000000000000e+04
8.954302432552389834e-02 9.899999999999985478e-01 1.443289932012703503e-15 4.390233999999999651e+04 3.039515356829111170e+03 3.898200000000000000e+04 5.206100000000000000e+04
9.849732675807629234e-02 9.899999999999985478e-01 1.443289932012703503e-15 4.181565000000000146e+04 2.203517353573599394e+03 3.773200000000000000e+04 4.793900000000000000e+04
1.083470594338839244e-01 9.899999999999985478e-01 1.443289932012703503e-15 4.169812000000000262e+04 2.411277077732876478e+03 3.686900000000000000e+04 4.992400000000000000e+04
1.191817653772723196e-01 9.899999999999985478e-01 1.443289932012703503e-15 4.094283000000000175e+04 2.321391268420729375e+03 3.486900000000000000e+04 4.842000000000000000e+04
1.310999419149995737e-01 9.899999999999985478e-01 1.443289932012703503e-15 4.055405000000000291e+04 2.463579429914935190e+03 3.647200000000000000e+04 5.012600000000000000e+04
1.442099361064995422e-01 9.899999999999985478e-01 1.443289932012703503e-15 4.009044999999999709e+04 2.452508419455476087e+03 3.393700000000000000e+04 4.980400000000000000e+04
1.586309297171495103e-01 9.899999999999985478e-01 1.443289932012703503e-15 3.928848000000000320e+04 2.543430107079807385e+03 3.464000000000000000e+04 4.978700000000000000e+04
1.744940226888644641e-01 9.899999999999985478e-01 1.443289932012703503e-15 3.893162999999999738e+04 2.303132678136455525e+03 3.456700000000000000e+04 4.594500000000000000e+04
1.919434249577509355e-01 9.899999999999985478e-01 1.443289932012703503e-15 3.812565000000000146e+04 1.892792869676976125e+03 3.449800000000000000e+04 4.347400000000000000e+04
2.111377674535260540e-01 9.899999999999985478e-01 1.443289932012703503e-15 3.760580999999999767e+04 2.123811609794992819e+03 3.394000000000000000e+04 4.362200000000000000e+04
2.322515441988786677e-01 9.899999999999985478e-01 1.443289932012703503e-15 3.677030999999999767e+04 2.000346488461437275e+03 3.280000000000000000e+04 4.586200000000000000e+04
2.554766986187665401e-01 9.899999999999985478e-01 1.443289932012703503e-15 3.650976000000000204e+04 2.123935616349986958e+03 3.333700000000000000e+04 4.363900000000000000e+04
2.810243684806432163e-01 9.899999999999985478e-01 1.443289932012703503e-15 3.601159999999999854e+04 1.930924105189015563e+03 3.215900000000000000e+04 4.229200000000000000e+04
3.091268053287075657e-01 9.899999999999985478e-01 1.443289932012703503e-15 3.523469000000000233e+04 1.858727288738184370e+03 3.219600000000000000e+04 4.102500000000000000e+04
3.400394858615783389e-01 9.899999999999985478e-01 1.443289932012703503e-15 3.520387999999999738e+04 1.935962599225511667e+03 3.215800000000000000e+04 4.263000000000000000e+04
3.740434344477361894e-01 9.899999999999985478e-01 1.443289932012703503e-15 3.466969000000000233e+04 1.688422261728386957e+03 3.075200000000000000e+04 3.963300000000000000e+04
4.114477778925098583e-01 9.899999999999985478e-01 1.443289932012703503e-15 3.454490000000000146e+04 1.947491101391736720e+03 3.135900000000000000e+04 4.107000000000000000e+04
4.525925556817608775e-01 9.899999999999985478e-01 1.443289932012703503e-15 3.404791999999999825e+04 2.184977430913188982e+03 3.023200000000000000e+04 4.349900000000000000e+04
4.978518112499369930e-01 9.899999999999985478e-01 1.443289932012703503e-15 3.387172000000000116e+04 1.856341526120665321e+03 3.053600000000000000e+04 4.036000000000000000e+04
5.476369923749306867e-01 9.899999999999985478e-01 1.443289932012703503e-15 3.364244000000000233e+04 1.999182769633632006e+03 2.978600000000000000e+04 4.182600000000000000e+04
6.024006916124238220e-01 9.899999999999985478e-01 1.443289932012703503e-15 3.354198999999999796e+04 1.832610375911911888e+03 3.016800000000000000e+04 4.120000000000000000e+04
6.626407607736662930e-01 9.899999999999985478e-01 1.443289932012703503e-15 3.358952999999999884e+04 1.775673362164337050e+03 3.038900000000000000e+04 4.036100000000000000e+04
7.289048368510330222e-01 9.899999999999985478e-01 1.443289932012703503e-15 3.382519999999999709e+04 2.223942571200974271e+03 3.012300000000000000e+04 4.682000000000000000e+04
8.017953205361363356e-01 9.899999999999985478e-01 1.443289932012703503e-15 3.374075000000000000e+04 2.236196638826737853e+03 2.942800000000000000e+04 4.215000000000000000e+04
8.819748525897500580e-01 9.899999999999985478e-01 1.443289932012703503e-15 3.329676999999999680e+04 2.011363153958031262e+03 3.013600000000000000e+04 4.000400000000000000e+04
9.701723378487251415e-01 9.899999999999985478e-01 1.443289932012703503e-15 3.351844000000000233e+04 2.085558334451472092e+03 2.993300000000000000e+04 4.246700000000000000e+04
9.801723378487251503e-01 9.899999999999985478e-01 1.443289932012703503e-15 3.353826999999999680e+04 1.900732679021434706e+03 3.050300000000000000e+04 4.136900000000000000e+04
9.901723378487251592e-01 9.899999999999985478e-01 1.443289932012703503e-15 3.320158000000000175e+04 1.606557202093968044e+03 3.012400000000000000e+04 3.791200000000000000e+04
1.000172337848725057e+00 9.899999999999985478e-01 1.443289932012703503e-15 3.314518000000000029e+04 1.789005457677533059e+03 3.027500000000000000e+04 4.066300000000000000e+04
