1.000000000000000021e-02 9.899889999999986756e-01 1.094486180817272786e-04 3.679374199999999837e+05 2.978137794137433171e+06 5.944700000000000000e+04 3.000000000000000000e+07
1.100000000000000110e-02 9.899999999999985478e-01 1.443289932012703503e-15 6.740341000000000349e+04 3.616314333945543694e+03 5.960700000000000000e+04 7.595200000000000000e+04
1.210000000000000138e-02 9.899999999999985478e-01 1.443289932012703503e-15 6.696021000000000640e+04 4.137002239049432319e+03 5.605500000000000000e+04 7.711600000000000000e+04
1.331000000000000238e-02 9.899789999999987211e-01 1.601842688905466658e-04 6.641628900000000140e+05 4.190835484319437761e+06 5.639800000000000000e+04 3.000000000000000000e+07
1.464100000000000297e-02 9.899999999999985478e-01 1.443289932012703503e-15 6.446130999999999767e+04 3.692688136561222109e+03 5.704600000000000000e+04 7.867800000000000000e+04
1.610510000000000413e-02 9.899769999999985526e-01 2.288471105345198640e-04 3.636766699999999837e+05 2.978565802614573855e+06 5.274200000000000000e+04 3.000000000000000000e+07
1.771561000000000663e-02 9.899769999999986636e-01 2.288471105345199995e-04 3.621141199999999953e+05 2.978722128449984360e+06 5.583700000000000000e+04 3.000000000000000000e+07
1.948717100000000799e-02 9.899959999999985438e-01 3.979949748426042753e-05 3.610344299999999930e+05 2.978830081185716670e+06 5.467300000000000000e+04 3.000000000000000000e+07
2.143588810000001191e-02 9.899749999999986061e-01 2.487468592766495018e-04 3.604223099999999977e+05 2.978891516019916162e+06 5.234000000000000000e+04 3.000000000000000000e+07
2.357947691000001483e-02 9.899869999999986181e-01 1.293483668238574720e-04 3.595520100000000093e+05 2.978979198897130787e+06 5.279200000000000000e+04 3.000000000000000000e+07
2.593742460100001770e-02 9.899899999999987044e-01 9.949874371066167367e-05 3.587103200000000070e+05 2.979063666244267020e+06 5.340200000000000000e+04 3.000000000000000000e+07
2.853116706110002052e-02 9.899539999999986684e-01 3.576087247257773104e-04 6.572882199999999721e+05 4.191817127207632642e+06 5.204700000000000000e+04 3.000000000000000000e+07
3.138428376721002361e-02 9.899669999999987091e-01 2.015217109891563271e-04 9.556961400000000140e+05 5.107822856665883213e+06 5.060900000000000000e+04 3.000000000000000000e+07
3.452271214393103083e-02 9.899359999999985948e-01 5.298150620735472523e-04 6.559255699999999488e+05 4.192011768503246829e+06 5.063400000000000000e+04 3.000000000000000000e+07
3.797498335832413807e-02 9.899869999999986181e-01 1.293483668238574449e-04 3.550327299999999814e+05 2.979433083270831965e+06 4.926400000000000000e+04 3.000000000000000000e+07
4.177248169415655188e-02 9.899009999999985876e-01 5.175896057688976568e-04 1.553007939999999944e+06 6.526188186825074255e+06 4.951700000000000000e+04 3.000000000000000000e+07
4.594972986357220845e-02 9.899909999999987331e-01 6.647555941848349074e-05 6.538765100000000093e+05 4.192304439906403888e+06 4.931700000000000000e+04 3.000000000000000000e+07
5.054470284992943624e-02 9.899819999999986964e-01 1.790977386791939535e-04 3.532194299999999930e+05 2.979615263077403884e+06 4.865000000000000000e+04 3.000000000000000000e+07
5.559917313492238750e-02 9.899849999999986716e-01 1.052378258992502032e-04 6.520587900000000373e+05 4.192564030181741808e+06 4.744800000000000000e+04 3.000000000000000000e+07
6.115909044841463110e-02 9.899969999999985726e-01 2.215851980615792565e-05 6.507826300000000047e+05 4.192746502093587536e+06 4.484000000000000000e+04 3.000000000000000000e+07
6.727499949325610462e-02 9.899559999999987259e-01 3.235181602321560092e-04 6.508759799999999814e+05 4.192732992007622961e+06 4.584700000000000000e+04 3.000000000000000000e+07
7.400249944258172063e-02 9.899879999999987579e-01 8.518215775618700493e-05 6.498206099999999860e+05 4.192883506555904634e+06 4.604200000000000000e+04 3.000000000000000000e+07
8.140274938683990380e-02 9.899999999999985478e-01 1.443289932012703503e-15 5.012200000000000000e+04 2.706770987726889416e+03 4.441100000000000000e+04 5.800300000000000000e+04
8.954302432552389834e-02 9.899629999999988161e-01 2.780845195259925413e-04 9.472596300000000047e+05 5.109305917319838889e+06 4.429700000000000000e+04 3.000000000000000000e+07
9.849732675807629234e-02 9.899369999999986236e-01 3.713906299302697643e-04 9.463996899999999441e+05 5.109457052228407003e+06 4.300500000000000000e+04 3.000000000000000000e+07
1.083470594338839244e-01 9.899849999999986716e-01 1.306713434537164860e-04 6.464030500000000466e+05 4.193371747290070169e+06 4.281300000000000000e+04 3.000000000000000000e+07
1.191817653772723196e-01 9.899999999999985478e-01 1.443289932012703503e-15 4.680569000000000233e+04 2.126637066802889876e+03 4.024000000000000000e+04 5.288500000000000000e+04
1.310999419149995737e-01 9.899999999999985478e-01 1.443289932012703503e-15 4.638188999999999942e+04 2.432626571814917497e+03 4.123400000000000000e+04 5.658900000000000000e+04
1.442099361064995422e-01 9.899999999999985478e-01 1.443289932012703503e-15 4.514176000000000204e+04 2.578807492311126225e+03 4.066400000000000000e+04 5.345800000000000000e+04
1.586309297171495103e-01 9.899999999999985478e-01 1.443289932012703503e-15 4.467573000000000320e+04 2.334956525740896723e+03 4.011900000000000000e+04 5.215600000000000000e+04
1.744940226888644641e-01 9.899999999999985478e-01 1.443289932012703503e-15 4.389652999999999884e+04 1.971184270711391264e+03 3.980500000000000000e+04 5.053800000000000000e+04
1.919434249577509355e-01 9.899999999999985478e-01 1.443289932012703503e-15 4.288862000000000262e+04 2.235775484166511887e+03 3.767800000000000000e+04 4.741100000000000000e+04
2.111377674535260540e-01 9.899999999999985478e-01 1.443289932012703503e-15 4.236283999999999651e+04 2.196662913239079899e+03 3.686300000000000000e+04 4.745200000000000000e+04
2.322515441988786677e-01 9.899999999999985478e-01 1.443289932012703503e-15 4.208830999999999767e+04 2.009502110946888251e+03 3.777900000000000000e+04 4.742600000000000000e+04
2.554766986187665401e-01 9.899999999999985478e-01 1.443289932012703503e-15 4.125387999999999738e+04 2.170881057451098968e+03 3.753100000000000000e+04 4.735100000000000000e+04
2.810243684806432163e-01 9.899999999999985478e-01 1.443289932012703503e-15 4.090363999999999942e+04 2.075266978101853965e+03 3.651200000000000000e+04 4.888400000000000000e+04
3.091268053287075657e-01 9.899999999999985478e-01 1.443289932012703503e-15 4.032954000000000087e+04 1.836453677172392190e+03 3.717300000000000000e+04 4.541700000000000000e+04
3.400394858615783389e-01 9.899969999999985726e-01 2.984962311319529015e-05 3.397272500000000000e+05 2.980970275385651272e+06 3.651400000000000000e+04 3.000000000000000000e+07
3.740434344477361894e-01 9.899979999999986013e-01 1.989974874213019682e-05 3.396034299999999930e+05 2.980983282061190344e+06 3.600400000000000000e+04 3.000000000000000000e+07
4.114477778925098583e-01 9.899549999999988081e-01 1.835074930350216803e-04 2.436130859999999870e+06 8.128141740870300680e+06 3.630800000000000000e+04 3.000000000000000000e+07
4.525925556817608775e-01 9.891239999999997812e-01 1.031030552408609795e-03 1.861503492000000179e+07 1.454238878692742996e+07 3.652200000000000000e+04 3.000000000000000000e+07
4.978518112499369930e-01 9.872699999999997589e-01 1.556887921463836295e-03 2.910116789000000060e+07 5.110975735508098267e+06 3.736000000000000000e+04 3.000000000000000000e+07
5.476369923749306867e-01 9.850880000000001857e-01 1.567436123100399191e-03 3.000000000000000000e+07 0.000000000000000000e+00 3.000000000000000000e+07 3.000000000000000000e+07
6.024006916124238220e-01 9.824110000000003673e-01 1.620240414259565241e-03 3.000000000000000000e+07 0.000000000000000000e+00 3.000000000000000000e+07 3.000000000000000000e+07
6.626407607736662930e-01 9.798509999999999165e-01 1.736519219588428774e-03 3.000000000000000000e+07 0.000000000000000000e+00 3.000000000000000000e+07 3.000000000000000000e+07
7.289048368510330222e-01 9.772399999999997755e-01 1.873552774810469373e-03 3.000000000000000000e+07 0.000000000000000000e+00 3.000000000000000000e+07 3.000000000000000000e+07
8.017953205361363356e-01 9.755120000000002678e-01 2.040062744133124949e-03 3.000000000000000000e+07 0.000000000000000000e+00 3.000000000000000000e+07 3.000000000000000000e+07
8.819748525897500580e-01 9.739470000000000072e-01 2.013824967567938960e-03 3.000000000000000000e+07 0.000000000000000000e+00 3.000000000000000000e+07 3.000000000000000000e+07
9.701723378487251415e-01 9.733180000000000165e-01 1.899914734928912809e-03 3.000000000000000000e+07 0.000000000000000000e+00 3.000000000000000000e+07 3.000000000000000000e+07
9.801723378487251503e-01 9.734639999999995519e-01 1.847783537106009819e-03 3.000000000000000000e+07 0.000000000000000000e+00 3.000000000000000000e+07 3.000000000000000000e+07
9.901723378487251592e-01 9.732769999999999477e-01 1.823614816785606475e-03 3.000000000000000000e+07 0.000000000000000000e+00 3.000000000000000000e+07 3.000000000000000000e+07
1.000172337848725057e+00 9.731589999999999963e-01 1.764374960148774700e-03 3.000000000000000000e+07 0.000000000000000000e+00 3.000000000000000000e+07 3.000000000000000000e+07
