1.000000000000000021e-02 9.899999999999985478e-01 1.443289932012703503e-15 5.304526000000000204e+04 4.484011685131964441e+03 4.539400000000000000e+04 6.544800000000000000e+04
1.100000000000000110e-02 9.899999999999985478e-01 1.443289932012703503e-15 5.189315000000000146e+04 3.601346016075100579e+03 4.298200000000000000e+04 6.013000000000000000e+04
1.210000000000000138e-02 9.899999999999985478e-01 1.443289932012703503e-15 5.137312999999999738e+04 3.650060354720179475e+03 4.351000000000000000e+04 6.393200000000000000e+04
1.331000000000000238e-02 9.899999999999985478e-01 1.443289932012703503e-15 4.933300000000000000e+04 3.531960727414731537e+03 4.086300000000000000e+04 5.879400000000000000e+04
1.464100000000000297e-02 9.899999999999985478e-01 1.443289932012703503e-15 4.938595999999999913e+04 4.039743934756261751e+03 4.092200000000000000e+04 6.197300000000000000e+04
1.610510000000000413e-02 9.899999999999985478e-01 1.443289932012703503e-15 4.826351000000000204e+04 3.526166316256225855e+03 4.064500000000000000e+04 5.842000000000000000e+04
1.771561000000000663e-02 9.899999999999985478e-01 1.443289932012703503e-15 4.774420999999999913e+04 3.378547324798041245e+03 4.073900000000000000e+04 5.579200000000000000e+04
1.948717100000000799e-02 9.899999999999985478e-01 1.443289932012703503e-15 4.654126999999999680e+04 3.292809511207716696e+03 4.030800000000000000e+04 5.658300000000000000e+04
2.143588810000001191e-02 9.899999999999985478e-01 1.443289932012703503e-15 4.556255999999999767e+04 3.361845464384107800e+03 3.730900000000000000e+04 5.524800000000000000e+04
2.357947691000001483e-02 9.899999999999985478e-01 1.443289932012703503e-15 4.497883999999999651e+04 3.727961536067667566e+03 3.720900000000000000e+04 5.560900000000000000e+04
2.593742460100001770e-02 9.899999999999985478e-01 1.443289932012703503e-15 4.357730999999999767e+04 3.062830239157893629e+03 3.701500000000000000e+04 5.184300000000000000e+04
2.853116706110002052e-02 9.899999999999985478e-01 1.443289932012703503e-15 4.301591999999999825e+04 3.122292823166974813e+03 3.740000000000000000e+04 5.169200000000000000e+04
3.138428376721002361e-02 9.899999999999985478e-01 1.443289932012703503e-15 4.271501999999999680e+04 3.361932929075176617e+03 3.425500000000000000e+04 5.102100000000000000e+04
3.452271214393103083e-02 9.899999999999985478e-01 1.443289932012703503e-15 4.145855999999999767e+04 3.178415338875647649e+03 3.549400000000000000e+04 4.978200000000000000e+04
3.797498335832413807e-02 9.899999999999985478e-01 1.443289932012703503e-15 4.116656999999999971e+04 3.043508400694830016e+03 3.198300000000000000e+04 5.087900000000000000e+04
4.177248169415655188e-02 9.899999999999985478e-01 1.443289932012703503e-15 3.986093000000000029e+04 3.250205735811196064e+03 3.471100000000000000e+04 4.886500000000000000e+04
4.594972986357220845e-02 9.899999999999985478e-01 1.443289932012703503e-15 3.898252999999999884e+04 2.556490913165935126e+03 3.436900000000000000e+04 4.750100000000000000e+04
5.054470284992943624e-02 9.899999999999985478e-01 1.443289932012703503e-15 3.866501999999999680e+04 2.567741793794695695e+03 3.348100000000000000e+04 4.691200000000000000e+04
5.559917313492238750e-02 9.899999999999985478e-01 1.443289932012703503e-15 3.836129000000000087e+04 3.200386002640932020e+03 3.204800000000000000e+04 5.217000000000000000e+04
6.115909044841463110e-02 9.899999999999985478e-01 1.443289932012703503e-15 3.715454000000000087e+04 2.803116452878831296e+03 3.086700000000000000e+04 4.475100000000000000e+04
6.727499949325610462e-02 9.899999999999985478e-01 1.443289932012703503e-15 3.697069999999999709e+04 2.893771665145679890e+03 3.119700000000000000e+04 4.594800000000000000e+04
7.400249944258172063e-02 9.899999999999985478e-01 1.443289932012703503e-15 3.576056999999999971e+04 2.366547199001109220e+03 3.076800000000000000e+04 4.254400000000000000e+04
8.140274938683990380e-02 9.899999999999985478e-01 1.443289932012703503e-15 3.541655000000000291e+04 2.468705856820532972e+03 3.122300000000000000e+04 4.347800000000000000e+04
8.954302432552389834e-02 9.899999999999985478e-01 1.443289932012703503e-15 3.445801999999999680e+04 2.288461251496297336e+03 2.939900000000000000e+04 4.006600000000000000e+04
9.849732675807629234e-02 9.899999999999985478e-01 1.443289932012703503e-15 3.394911000000000058e+04 2.428304593311967437e+03 2.973200000000000000e+04 4.086800000000000000e+04
1.083470594338839244e-01 9.899999999999985478e-01 1.443289932012703503e-15 3.356959999999999854e+04 2.201590806666851677e+03 2.873600000000000000e+04 3.831200000000000000e+04
1.191817653772723196e-01 9.899999999999985478e-01 1.443289932012703503e-15 3.261322999999999956e+04 2.483145057603361693e+03 2.798400000000000000e+04 4.229000000000000000e+04
1.310999419149995737e-01 9.899999999999985478e-01 1.443289932012703503e-15 3.257290999999999985e+04 2.349466752669634843e+03 2.733000000000000000e+04 4.050300000000000000e+04
1.442099361064995422e-01 9.899999999999985478e-01 1.443289932012703503e-15 3.157679999999999927e+04 2.296603526950178548e+03 2.676600000000000000e+04 3.847200000000000000e+04
1.586309297171495103e-01 9.899999999999985478e-01 1.443289932012703503e-15 3.102799000000000160e+04 2.332814010996161869e+03 2.744600000000000000e+04 3.898500000000000000e+04
1.744940226888644641e-01 9.899999999999985478e-01 1.443289932012703503e-15 3.077847999999999956e+04 2.547650405687562397e+03 2.619400000000000000e+04 4.029100000000000000e+04
1.919434249577509355e-01 9.899999999999985478e-01 1.443289932012703503e-15 3.017084000000000015e+04 2.160590422639145345e+03 2.564800000000000000e+04 3.707200000000000000e+04
2.111377674535260540e-01 9.899999999999985478e-01 1.443289932012703503e-15 2.934211000000000058e+04 2.099618783946266831e+03 2.582100000000000000e+04 3.785400000000000000e+04
2.322515441988786677e-01 9.899999999999985478e-01 1.443289932012703503e-15 2.941686000000000058e+04 2.448277414918497470e+03 2.521400000000000000e+04 3.614800000000000000e+04
2.554766986187665401e-01 9.899999999999985478e-01 1.443289932012703503e-15 2.898884999999999854e+04 2.136596514904018477e+03 2.556100000000000000e+04 3.775000000000000000e+04
2.810243684806432163e-01 9.899999999999985478e-01 1.443289932012703503e-15 2.816068999999999869e+04 1.906436501407796413e+03 2.498600000000000000e+04 3.547900000000000000e+04
3.091268053287075657e-01 9.899999999999985478e-01 1.443289932012703503e-15 2.777529000000000087e+04 1.775201297289972445e+03 2.436800000000000000e+04 3.179700000000000000e+04
3.400394858615783389e-01 9.899999999999985478e-01 1.443289932012703503e-15 2.758961000000000058e+04 1.866132175892158330e+03 2.363300000000000000e+04 3.405000000000000000e+04
3.740434344477361894e-01 9.899999999999985478e-01 1.443289932012703503e-15 2.731584000000000015e+04 2.067859921367982224e+03 2.262600000000000000e+04 3.387900000000000000e+04
4.114477778925098583e-01 9.899999999999985478e-01 1.443289932012703503e-15 2.687250999999999840e+04 2.066741839200048616e+03 2.329300000000000000e+04 3.480700000000000000e+04
4.525925556817608775e-01 9.899999999999985478e-01 1.443289932012703503e-15 2.657125999999999840e+04 1.925049997376691863e+03 2.237200000000000000e+04 3.213600000000000000e+04
4.978518112499369930e-01 9.899999999999985478e-01 1.443289932012703503e-15 2.657086999999999898e+04 2.115160313806024533e+03 2.306800000000000000e+04 3.318300000000000000e+04
5.476369923749306867e-01 9.899999999999985478e-01 1.443289932012703503e-15 2.593815999999999985e+04 2.007363154588625775e+03 2.289800000000000000e+04 3.581800000000000000e+04
6.024006916124238220e-01 9.899999999999985478e-01 1.443289932012703503e-15 2.572765000000000146e+04 1.429872521415807796e+03 2.258900000000000000e+04 3.135400000000000000e+04
6.626407607736662930e-01 9.899999999999985478e-01 1.443289932012703503e-15 2.596177999999999884e+04 1.930173762022476694e+03 2.307800000000000000e+04 3.252800000000000000e+04
7.289048368510330222e-01 9.899999999999985478e-01 1.443289932012703503e-15 2.573572000000000116e+04 2.214424941514162128e+03 2.216600000000000000e+04 3.364000000000000000e+04
8.017953205361363356e-01 9.899999999999985478e-01 1.443289932012703503e-15 2.586040000000000146e+04 2.147196018066352735e+03 2.286100000000000000e+04 3.260300000000000000e+04
8.819748525897500580e-01 9.899999999999985478e-01 1.443289932012703503e-15 2.555809000000000015e+04 1.977718362634072946e+03 2.233900000000000000e+04 3.306800000000000000e+04
9.701723378487251415e-01 9.899999999999985478e-01 1.443289932012703503e-15 2.561765000000000146e+04 1.925488646421993508e+03 2.242900000000000000e+04 3.213100000000000000e+04
9.801723378487251503e-01 9.899999999999985478e-01 1.443289932012703503e-15 2.595720000000000073e+04 1.874487684675468699e+03 2.255600000000000000e+04 3.181400000000000000e+04
9.901723378487251592e-01 9.899999999999985478e-01 1.443289932012703503e-15 2.576422999999999956e+04 1.946457484020650554e+03 2.240200000000000000e+04 3.176900000000000000e+04
1.000172337848725057e+00 9.899999999999985478e-01 1.443289932012703503e-15 2.585138000000000102e+04 2.019395126170211142e+03 2.286100000000000000e+04 3.295100000000000000e+04
