1.000000000000000021e-02 9.899999999999985478e-01 1.443289932012703503e-15 4.168412000000000262e+04 3.078238620640056524e+03 3.509600000000000000e+04 4.909400000000000000e+04
1.100000000000000110e-02 9.899999999999985478e-01 1.443289932012703503e-15 4.060937000000000262e+04 2.754643521964321735e+03 3.438300000000000000e+04 4.784300000000000000e+04
1.210000000000000138e-02 9.899999999999985478e-01 1.443289932012703503e-15 3.976475000000000000e+04 2.669614449222958683e+03 3.401800000000000000e+04 4.702700000000000000e+04
1.331000000000000238e-02 9.899999999999985478e-01 1.443289932012703503e-15 3.861145999999999913e+04 2.252254086110179742e+03 3.367100000000000000e+04 4.422700000000000000e+04
1.464100000000000297e-02 9.899999999999985478e-01 1.443289932012703503e-15 3.834088999999999942e+04 2.628297368620986617e+03 3.238900000000000000e+04 4.515300000000000000e+04
1.610510000000000413e-02 9.899999999999985478e-01 1.443289932012703503e-15 3.706818000000000029e+04 2.323625702990910213e+03 3.225700000000000000e+04 4.421400000000000000e+04
1.771561000000000663e-02 9.899999999999985478e-01 1.443289932012703503e-15 3.665200000000000000e+04 2.581579930972504371e+03 3.134300000000000000e+04 4.445000000000000000e+04
1.948717100000000799e-02 9.899999999999985478e-01 1.443289932012703503e-15 3.530047000000000116e+04 2.207201039574781589e+03 3.025000000000000000e+04 4.184700000000000000e+04
2.143588810000001191e-02 9.899999999999985478e-01 1.443289932012703503e-15 3.482300000000000000e+04 2.456291244946331517e+03 2.849600000000000000e+04 4.226900000000000000e+04
2.357947691000001483e-02 9.899999999999985478e-01 1.443289932012703503e-15 3.389880999999999767e+04 2.280359180896728958e+03 2.851000000000000000e+04 4.048100000000000000e+04
2.593742460100001770e-02 9.899999999999985478e-01 1.443289932012703503e-15 3.356769000000000233e+04 2.280238288841760550e+03 2.864600000000000000e+04 4.034500000000000000e+04
2.853116706110002052e-02 9.899999999999985478e-01 1.443289932012703503e-15 3.240731000000000131e+04 2.113028199977463373e+03 2.816900000000000000e+04 3.825500000000000000e+04
3.138428376721002361e-02 9.899999999999985478e-01 1.443289932012703503e-15 3.192263000000000102e+04 2.185418059113633717e+03 2.736100000000000000e+04 3.993800000000000000e+04
3.452271214393103083e-02 9.899999999999985478e-01 1.443289932012703503e-15 3.128225000000000000e+04 1.733687476882728106e+03 2.582900000000000000e+04 3.559400000000000000e+04
3.797498335832413807e-02 9.899999999999985478e-01 1.443289932012703503e-15 3.039988999999999942e+04 2.089030229053662879e+03 2.617200000000000000e+04 3.655200000000000000e+04
4.177248169415655188e-02 9.899999999999985478e-01 1.443289932012703503e-15 2.975674000000000160e+04 1.571886545651434744e+03 2.618500000000000000e+04 3.269900000000000000e+04
4.594972986357220845e-02 9.899999999999985478e-01 1.443289932012703503e-15 2.901427000000000044e+04 1.631444457252529219e+03 2.578800000000000000e+04 3.335900000000000000e+04
5.054470284992943624e-02 9.899999999999985478e-01 1.443289932012703503e-15 2.861613000000000102e+04 1.952391331956787781e+03 2.466700000000000000e+04 3.355800000000000000e+04
5.559917313492238750e-02 9.899999999999985478e-01 1.443289932012703503e-15 2.786184999999999854e+04 1.619522999991047072e+03 2.411500000000000000e+04 3.197100000000000000e+04
6.115909044841463110e-02 9.899999999999985478e-01 1.443289932012703503e-15 2.729724000000000160e+04 1.668787572580764390e+03 2.293200000000000000e+04 3.135600000000000000e+04
6.727499949325610462e-02 9.899999999999985478e-01 1.443289932012703503e-15 2.694370999999999913e+04 1.696424618395995822e+03 2.284600000000000000e+04 3.142700000000000000e+04
7.400249944258172063e-02 9.899999999999985478e-01 1.443289932012703503e-15 2.590475000000000000e+04 1.588620598978875250e+03 2.257900000000000000e+04 3.135600000000000000e+04
8.140274938683990380e-02 9.899999999999985478e-01 1.443289932012703503e-15 2.558659999999999854e+04 1.419708801127893366e+03 2.246700000000000000e+04 3.065400000000000000e+04
8.954302432552389834e-02 9.899999999999985478e-01 1.443289932012703503e-15 2.482538999999999942e+04 1.419088544770903582e+03 2.140800000000000000e+04 2.966400000000000000e+04
9.849732675807629234e-02 9.899999999999985478e-01 1.443289932012703503e-15 2.413347999999999956e+04 1.300675005372210762e+03 2.108400000000000000e+04 2.736900000000000000e+04
1.083470594338839244e-01 9.899999999999985478e-01 1.443289932012703503e-15 2.415550000000000000e+04 1.458207121776601298e+03 2.086900000000000000e+04 2.903300000000000000e+04
1.191817653772723196e-01 9.899999999999985478e-01 1.443289932012703503e-15 2.309240000000000146e+04 1.208804822955302598e+03 2.092500000000000000e+04 2.650400000000000000e+04
1.310999419149995737e-01 9.899999999999985478e-01 1.443289932012703503e-15 2.262356999999999971e+04 1.258016710978037963e+03 2.027800000000000000e+04 2.648600000000000000e+04
1.442099361064995422e-01 9.899999999999985478e-01 1.443289932012703503e-15 2.226950000000000000e+04 1.187832526074277894e+03 1.993800000000000000e+04 2.576800000000000000e+04
1.586309297171495103e-01 9.899999999999985478e-01 1.443289932012703503e-15 2.169466999999999825e+04 9.695433363702726410e+02 1.950000000000000000e+04 2.355300000000000000e+04
1.744940226888644641e-01 9.899999999999985478e-01 1.443289932012703503e-15 2.133475999999999840e+04 1.021039236464495616e+03 1.919300000000000000e+04 2.427100000000000000e+04
1.919434249577509355e-01 9.899999999999985478e-01 1.443289932012703503e-15 2.091570999999999913e+04 1.012443522326060247e+03 1.868800000000000000e+04 2.394400000000000000e+04
2.111377674535260540e-01 9.899999999999985478e-01 1.443289932012703503e-15 2.048208000000000175e+04 9.236205246745006434e+02 1.848600000000000000e+04 2.341200000000000000e+04
2.322515441988786677e-01 9.899999999999985478e-01 1.443289932012703503e-15 2.044011999999999898e+04 9.455155025698943518e+02 1.833300000000000000e+04 2.293900000000000000e+04
2.554766986187665401e-01 9.899999999999985478e-01 1.443289932012703503e-15 1.979393000000000029e+04 7.995596569987757221e+02 1.797400000000000000e+04 2.163400000000000000e+04
2.810243684806432163e-01 9.899999999999985478e-01 1.443289932012703503e-15 1.928675999999999840e+04 8.012583867891806904e+02 1.761400000000000000e+04 2.160600000000000000e+04
3.091268053287075657e-01 9.899999999999985478e-01 1.443289932012703503e-15 1.902409999999999854e+04 8.888938013058702836e+02 1.736400000000000000e+04 2.201200000000000000e+04
3.400394858615783389e-01 9.899999999999985478e-01 1.443289932012703503e-15 1.860493999999999869e+04 7.875447266028767217e+02 1.734000000000000000e+04 2.135200000000000000e+04
3.740434344477361894e-01 9.899999999999985478e-01 1.443289932012703503e-15 1.837193999999999869e+04 8.281977640636323486e+02 1.697500000000000000e+04 2.242200000000000000e+04
4.114477778925098583e-01 9.899999999999985478e-01 1.443289932012703503e-15 1.820884000000000015e+04 7.538339435180670307e+02 1.661400000000000000e+04 2.029200000000000000e+04
4.525925556817608775e-01 9.899999999999985478e-01 1.443289932012703503e-15 1.794365000000000146e+04 7.552303539318318144e+02 1.638200000000000000e+04 2.029600000000000000e+04
4.978518112499369930e-01 9.899999999999985478e-01 1.443289932012703503e-15 1.789093999999999869e+04 6.867071401987896024e+02 1.640800000000000000e+04 1.979600000000000000e+04
5.476369923749306867e-01 9.899999999999985478e-01 1.443289932012703503e-15 1.766850999999999840e+04 6.889096384142117131e+02 1.633500000000000000e+04 1.967400000000000000e+04
6.024006916124238220e-01 9.899999999999985478e-01 1.443289932012703503e-15 1.744125999999999840e+04 7.237278303340283401e+02 1.580100000000000000e+04 1.974100000000000000e+04
6.626407607736662930e-01 9.899999999999985478e-01 1.443289932012703503e-15 1.727909000000000015e+04 7.362739584556824184e+02 1.607800000000000000e+04 1.993400000000000000e+04
7.289048368510330222e-01 9.899999999999985478e-01 1.443289932012703503e-15 1.729377999999999884e+04 6.719942794399370314e+02 1.591600000000000000e+04 1.962100000000000000e+04
8.017953205361363356e-01 9.899999999999985478e-01 1.443289932012703503e-15 1.726461000000000058e+04 7.680597489128042525e+02 1.590500000000000000e+04 2.010300000000000000e+04
8.819748525897500580e-01 9.899999999999985478e-01 1.443289932012703503e-15 1.717688999999999942e+04 7.254254874899284005e+02 1.563200000000000000e+04 1.968700000000000000e+04
9.701723378487251415e-01 9.899999999999985478e-01 1.443289932012703503e-15 1.715768999999999869e+04 7.899842997806981657e+02 1.556600000000000000e+04 1.914600000000000000e+04
9.801723378487251503e-01 9.899999999999985478e-01 1.443289932012703503e-15 1.708066999999999825e+04 6.525112727761874112e+02 1.550400000000000000e+04 1.909200000000000000e+04
9.901723378487251592e-01 9.899999999999985478e-01 1.443289932012703503e-15 1.713363000000000102e+04 6.796917044513637620e+02 1.581000000000000000e+04 1.874200000000000000e+04
1.000172337848725057e+00 9.899999999999985478e-01 1.443289932012703503e-15 1.721288999999999942e+04 7.073791613413557116e+02 1.569700000000000000e+04 1.950300000000000000e+04
