1.000000000000000021e-02 9.899999999999985478e-01 1.443289932012703503e-15 5.287186000000000058e+04 3.770750156189083555e+03 4.465400000000000000e+04 6.438900000000000000e+04
1.100000000000000110e-02 9.899999999999985478e-01 1.443289932012703503e-15 5.155987999999999738e+04 3.617427561900860383e+03 4.213200000000000000e+04 6.269400000000000000e+04
1.210000000000000138e-02 9.899999999999985478e-01 1.443289932012703503e-15 5.109927999999999884e+04 3.752259767340209692e+03 4.498800000000000000e+04 6.237500000000000000e+04
1.331000000000000238e-02 9.899999999999985478e-01 1.443289932012703503e-15 5.011630999999999767e+04 2.901676224856935733e+03 4.262000000000000000e+04 5.830200000000000000e+04
1.464100000000000297e-02 9.899999999999985478e-01 1.443289932012703503e-15 4.903805000000000291e+04 4.330264900384270732e+03 4.113200000000000000e+04 6.232700000000000000e+04
1.610510000000000413e-02 9.899999999999985478e-01 1.443289932012703503e-15 4.806216999999999825e+04 2.825118263205984476e+03 4.303900000000000000e+04 5.570000000000000000e+04
1.771561000000000663e-02 9.899999999999985478e-01 1.443289932012703503e-15 4.785750000000000000e+04 3.165238690841498283e+03 3.905700000000000000e+04 5.553100000000000000e+04
1.948717100000000799e-02 9.899999999999985478e-01 1.443289932012703503e-15 4.663809999999999854e+04 3.361065460534798603e+03 4.041600000000000000e+04 5.395900000000000000e+04
2.143588810000001191e-02 9.899999999999985478e-01 1.443289932012703503e-15 4.571762999999999738e+04 3.064632890429129475e+03 3.993800000000000000e+04 5.482300000000000000e+04
2.357947691000001483e-02 9.899999999999985478e-01 1.443289932012703503e-15 4.460944999999999709e+04 3.659805413884733298e+03 3.779700000000000000e+04 5.475700000000000000e+04
2.593742460100001770e-02 9.899999999999985478e-01 1.443289932012703503e-15 4.395001999999999680e+04 3.041279003906086928e+03 3.685900000000000000e+04 5.420100000000000000e+04
2.853116706110002052e-02 9.899999999999985478e-01 1.443289932012703503e-15 4.346704000000000087e+04 2.783002741356895967e+03 3.693500000000000000e+04 5.042500000000000000e+04
3.138428376721002361e-02 9.899999999999985478e-01 1.443289932012703503e-15 4.231965000000000146e+04 3.032700487601768145e+03 3.622500000000000000e+04 5.152500000000000000e+04
3.452271214393103083e-02 9.899999999999985478e-01 1.443289932012703503e-15 4.150881999999999971e+04 3.053630479871459556e+03 3.452600000000000000e+04 4.833700000000000000e+04
3.797498335832413807e-02 9.899999999999985478e-01 1.443289932012703503e-15 4.125345999999999913e+04 3.128672691158344605e+03 3.509200000000000000e+04 5.244500000000000000e+04
4.177248169415655188e-02 9.899999999999985478e-01 1.443289932012703503e-15 4.046781999999999971e+04 3.049224082877478850e+03 3.377000000000000000e+04 5.155000000000000000e+04
4.594972986357220845e-02 9.899999999999985478e-01 1.443289932012703503e-15 3.919855999999999767e+04 2.626232020671441205e+03 3.384800000000000000e+04 4.818500000000000000e+04
5.054470284992943624e-02 9.899999999999985478e-01 1.443289932012703503e-15 3.838655999999999767e+04 2.837218653258856648e+03 3.271000000000000000e+04 4.720800000000000000e+04
5.559917313492238750e-02 9.899999999999985478e-01 1.443289932012703503e-15 3.880469999999999709e+04 2.996980822427797648e+03 3.362900000000000000e+04 4.727400000000000000e+04
6.115909044841463110e-02 9.899999999999985478e-01 1.443289932012703503e-15 3.718598000000000320e+04 2.773923776818677652e+03 3.163200000000000000e+04 4.450100000000000000e+04
6.727499949325610462e-02 9.899999999999985478e-01 1.443289932012703503e-15 3.671766999999999825e+04 2.625455484501689625e+03 3.011300000000000000e+04 4.389300000000000000e+04
7.400249944258172063e-02 9.899999999999985478e-01 1.443289932012703503e-15 3.585412999999999738e+04 2.436923477071038178e+03 3.056900000000000000e+04 4.243300000000000000e+04
8.140274938683990380e-02 9.899999999999985478e-01 1.443289932012703503e-15 3.547056999999999971e+04 2.578098808249986178e+03 2.947800000000000000e+04 4.205400000000000000e+04
8.954302432552389834e-02 9.899999999999985478e-01 1.443289932012703503e-15 3.465248000000000320e+04 2.062180304823029019e+03 3.063800000000000000e+04 4.017700000000000000e+04
9.849732675807629234e-02 9.899999999999985478e-01 1.443289932012703503e-15 3.458919999999999709e+04 2.548851251054089516e+03 3.027500000000000000e+04 4.211600000000000000e+04
1.083470594338839244e-01 9.899999999999985478e-01 1.443289932012703503e-15 3.310219999999999709e+04 2.187683733998130265e+03 2.894600000000000000e+04 4.091300000000000000e+04
1.191817653772723196e-01 9.899999999999985478e-01 1.443289932012703503e-15 3.243472000000000116e+04 2.247310468448896245e+03 2.717300000000000000e+04 3.820300000000000000e+04
1.310999419149995737e-01 9.899999999999985478e-01 1.443289932012703503e-15 3.196493000000000029e+04 2.489749522562459788e+03 2.687000000000000000e+04 3.867800000000000000e+04
1.442099361064995422e-01 9.899999999999985478e-01 1.443289932012703503e-15 3.155961000000000058e+04 2.323446878648186157e+03 2.750100000000000000e+04 3.807000000000000000e+04
1.586309297171495103e-01 9.899999999999985478e-01 1.443289932012703503e-15 3.118283000000000175e+04 2.661804745111857756e+03 2.706100000000000000e+04 3.915000000000000000e+04
1.744940226888644641e-01 9.899999999999985478e-01 1.443289932012703503e-15 3.057659999999999854e+04 1.805252447720262808e+03 2.713900000000000000e+04 3.670500000000000000e+04
1.919434249577509355e-01 9.899999999999985478e-01 1.443289932012703503e-15 3.033541999999999825e+04 2.121872956517425791e+03 2.605900000000000000e+04 3.731000000000000000e+04
2.111377674535260540e-01 9.899999999999985478e-01 1.443289932012703503e-15 2.973129999999999927e+04 2.390402599981852745e+03 2.595600000000000000e+04 3.909900000000000000e+04
2.322515441988786677e-01 9.899999999999985478e-01 1.443289932012703503e-15 2.918138999999999942e+04 1.905228641895769670e+03 2.588100000000000000e+04 3.450000000000000000e+04
2.554766986187665401e-01 9.899999999999985478e-01 1.443289932012703503e-15 2.883704999999999927e+04 2.208988439874685810e+03 2.485200000000000000e+04 3.443900000000000000e+04
2.810243684806432163e-01 9.899999999999985478e-01 1.443289932012703503e-15 2.804452000000000044e+04 1.877515318073330491e+03 2.477000000000000000e+04 3.442600000000000000e+04
3.091268053287075657e-01 9.899999999999985478e-01 1.443289932012703503e-15 2.796431999999999971e+04 2.224498392357251760e+03 2.356600000000000000e+04 3.445900000000000000e+04
3.400394858615783389e-01 9.899999999999985478e-01 1.443289932012703503e-15 2.733293000000000029e+04 1.826198982887681268e+03 2.384000000000000000e+04 3.387700000000000000e+04
3.740434344477361894e-01 9.899999999999985478e-01 1.443289932012703503e-15 2.716836999999999898e+04 1.979110338788618719e+03 2.366900000000000000e+04 3.312200000000000000e+04
4.114477778925098583e-01 9.899999999999985478e-01 1.443289932012703503e-15 2.678704000000000087e+04 2.001163616099393039e+03 2.242900000000000000e+04 3.313600000000000000e+04
4.525925556817608775e-01 9.899999999999985478e-01 1.443289932012703503e-15 2.659720999999999913e+04 1.994357471944284953e+03 2.310900000000000000e+04 3.571700000000000000e+04
4.978518112499369930e-01 9.899999999999985478e-01 1.443289932012703503e-15 2.647127999999999884e+04 2.029465378270838755e+03 2.260600000000000000e+04 3.308800000000000000e+04
5.476369923749306867e-01 9.899999999999985478e-01 1.443289932012703503e-15 2.585070000000000073e+04 1.747634838860795753e+03 2.232600000000000000e+04 3.079500000000000000e+04
6.024006916124238220e-01 9.899999999999985478e-01 1.443289932012703503e-15 2.615215999999999985e+04 1.959775817383202593e+03 2.321700000000000000e+04 3.205300000000000000e+04
6.626407607736662930e-01 9.899999999999985478e-01 1.443289932012703503e-15 2.595386000000000058e+04 1.917698798143233262e+03 2.268300000000000000e+04 3.262900000000000000e+04
7.289048368510330222e-01 9.899999999999985478e-01 1.443289932012703503e-15 2.569052999999999884e+04 1.508678941690378679e+03 2.261200000000000000e+04 2.977000000000000000e+04
8.017953205361363356e-01 9.899999999999985478e-01 1.443289932012703503e-15 2.589591999999999825e+04 2.196182267845726528e+03 2.264100000000000000e+04 3.303000000000000000e+04
8.819748525897500580e-01 9.899999999999985478e-01 1.443289932012703503e-15 2.551479000000000087e+04 1.910618754723191842e+03 2.185200000000000000e+04 3.270500000000000000e+04
9.701723378487251415e-01 9.899999999999985478e-01 1.443289932012703503e-15 2.548411000000000058e+04 1.656070976105794443e+03 2.144700000000000000e+04 3.072500000000000000e+04
9.801723378487251503e-01 9.899999999999985478e-01 1.443289932012703503e-15 2.553625000000000000e+04 1.848383934008300230e+03 2.217000000000000000e+04 3.279600000000000000e+04
9.901723378487251592e-01 9.899999999999985478e-01 1.443289932012703503e-15 2.565150000000000000e+04 1.938777834100648079e+03 2.225600000000000000e+04 3.197600000000000000e+04
1.000172337848725057e+00 9.899999999999985478e-01 1.443289932012703503e-15 2.577747999999999956e+04 1.885237648043344052e+03 2.218800000000000000e+04 3.579100000000000000e+04
