1.000000000000000021e-02 9.899999999999985478e-01 1.443289932012703503e-15 5.294480999999999767e+04 4.010256402513435205e+03 4.381700000000000000e+04 6.421400000000000000e+04
1.100000000000000110e-02 9.899999999999985478e-01 1.443289932012703503e-15 5.161238999999999942e+04 3.644357202292333113e+03 4.347500000000000000e+04 6.118700000000000000e+04
1.210000000000000138e-02 9.899999999999985478e-01 1.443289932012703503e-15 5.105405000000000291e+04 3.917505304080647420e+03 4.332400000000000000e+04 6.477100000000000000e+04
1.331000000000000238e-02 9.899999999999985478e-01 1.443289932012703503e-15 5.077823999999999796e+04 3.543205554635520002e+03 4.236600000000000000e+04 6.230700000000000000e+04
1.464100000000000297e-02 9.899999999999985478e-01 1.443289932012703503e-15 4.961075000000000000e+04 3.781891115235868256e+03 4.187900000000000000e+04 6.432200000000000000e+04
1.610510000000000413e-02 9.899999999999985478e-01 1.443289932012703503e-15 4.872618000000000029e+04 3.462886043114904624e+03 4.097500000000000000e+04 5.752200000000000000e+04
1.771561000000000663e-02 9.899999999999985478e-01 1.443289932012703503e-15 4.901458999999999651e+04 3.761211610890831707e+03 4.275600000000000000e+04 5.885200000000000000e+04
1.948717100000000799e-02 9.899999999999985478e-01 1.443289932012703503e-15 4.724387999999999738e+04 3.971992032418998406e+03 3.869700000000000000e+04 5.909800000000000000e+04
2.143588810000001191e-02 9.899999999999985478e-01 1.443289932012703503e-15 4.603065000000000146e+04 3.097008519119700395e+03 3.758000000000000000e+04 5.373600000000000000e+04
2.357947691000001483e-02 9.899999999999985478e-01 1.443289932012703503e-15 4.531209999999999854e+04 3.187173059311339330e+03 3.839700000000000000e+04 5.302800000000000000e+04
2.593742460100001770e-02 9.899999999999985478e-01 1.443289932012703503e-15 4.420833000000000175e+04 3.018169372500488862e+03 3.675800000000000000e+04 5.488300000000000000e+04
2.853116706110002052e-02 9.899999999999985478e-01 1.443289932012703503e-15 4.482188999999999942e+04 3.256502903100195454e+03 3.805100000000000000e+04 5.279900000000000000e+04
3.138428376721002361e-02 9.899999999999985478e-01 1.443289932012703503e-15 4.341358999999999651e+04 2.784674361913794655e+03 3.752500000000000000e+04 4.999300000000000000e+04
3.452271214393103083e-02 9.899999999999985478e-01 1.443289932012703503e-15 4.189954000000000087e+04 2.825573875940955986e+03 3.700100000000000000e+04 4.961500000000000000e+04
3.797498335832413807e-02 9.899999999999985478e-01 1.443289932012703503e-15 4.121725000000000000e+04 2.942807599470274909e+03 3.397200000000000000e+04 4.920000000000000000e+04
4.177248169415655188e-02 9.899999999999985478e-01 1.443289932012703503e-15 4.118652999999999884e+04 3.275714729505608375e+03 3.451800000000000000e+04 5.127400000000000000e+04
4.594972986357220845e-02 9.899999999999985478e-01 1.443289932012703503e-15 4.032875000000000000e+04 2.921070222966233359e+03 3.509400000000000000e+04 4.783400000000000000e+04
5.054470284992943624e-02 9.899999999999985478e-01 1.443289932012703503e-15 3.917537000000000262e+04 3.193652061997361670e+03 3.313000000000000000e+04 5.163300000000000000e+04
5.559917313492238750e-02 9.899999999999985478e-01 1.443289932012703503e-15 3.823275000000000000e+04 2.937904536825524701e+03 3.312800000000000000e+04 4.668100000000000000e+04
6.115909044841463110e-02 9.899999999999985478e-01 1.443289932012703503e-15 3.773823000000000320e+04 2.359467913979760397e+03 3.145300000000000000e+04 4.608600000000000000e+04
6.727499949325610462e-02 9.899999999999985478e-01 1.443289932012703503e-15 3.724455999999999767e+04 2.689038769969671193e+03 3.193200000000000000e+04 4.666100000000000000e+04
7.400249944258172063e-02 9.899999999999985478e-01 1.443289932012703503e-15 3.647304000000000087e+04 2.457599816569003451e+03 3.073600000000000000e+04 4.367400000000000000e+04
8.140274938683990380e-02 9.899999999999985478e-01 1.443289932012703503e-15 3.570109999999999854e+04 2.245583040103393614e+03 3.122400000000000000e+04 4.225800000000000000e+04
8.954302432552389834e-02 9.899999999999985478e-01 1.443289932012703503e-15 3.583861000000000058e+04 2.571916366816775280e+03 2.905600000000000000e+04 4.182000000000000000e+04
9.849732675807629234e-02 9.899999999999985478e-01 1.443289932012703503e-15 3.473437999999999738e+04 2.397816201379914219e+03 2.995300000000000000e+04 4.207700000000000000e+04
1.083470594338839244e-01 9.899999999999985478e-01 1.443289932012703503e-15 3.378387000000000262e+04 2.301148394410929996e+03 2.937200000000000000e+04 4.074700000000000000e+04
1.191817653772723196e-01 9.899999999999985478e-01 1.443289932012703503e-15 3.307772000000000116e+04 2.133084321258772889e+03 2.799600000000000000e+04 3.899300000000000000e+04
1.310999419149995737e-01 9.899999999999985478e-01 1.443289932012703503e-15 3.266918000000000029e+04 2.052603938318349265e+03 2.824700000000000000e+04 3.779400000000000000e+04
1.442099361064995422e-01 9.899999999999985478e-01 1.443289932012703503e-15 3.229265999999999985e+04 2.050661021329464347e+03 2.837000000000000000e+04 3.735900000000000000e+04
1.586309297171495103e-01 9.899999999999985478e-01 1.443289932012703503e-15 3.172965000000000146e+04 1.954548522677296205e+03 2.748200000000000000e+04 3.799000000000000000e+04
1.744940226888644641e-01 9.899999999999985478e-01 1.443289932012703503e-15 3.148613000000000102e+04 2.524850556587459323e+03 2.621700000000000000e+04 3.780300000000000000e+04
1.919434249577509355e-01 9.899999999999985478e-01 1.443289932012703503e-15 3.046945999999999913e+04 2.031639546868489788e+03 2.669000000000000000e+04 3.648900000000000000e+04
2.111377674535260540e-01 9.899999999999985478e-01 1.443289932012703503e-15 3.028190000000000146e+04 2.044296213859430281e+03 2.610900000000000000e+04 3.869600000000000000e+04
2.322515441988786677e-01 9.899999999999985478e-01 1.443289932012703503e-15 2.977441999999999825e+04 2.095889850063690574e+03 2.608000000000000000e+04 3.503700000000000000e+04
2.554766986187665401e-01 9.899999999999985478e-01 1.443289932012703503e-15 2.957895999999999913e+04 2.390743051521847974e+03 2.493700000000000000e+04 3.876300000000000000e+04
2.810243684806432163e-01 9.899999999999985478e-01 1.443289932012703503e-15 2.906181000000000131e+04 1.934498925794480783e+03 2.480400000000000000e+04 3.529900000000000000e+04
3.091268053287075657e-01 9.899999999999985478e-01 1.443289932012703503e-15 2.864031999999999971e+04 1.936701669746789094e+03 2.544600000000000000e+04 3.463500000000000000e+04
3.400394858615783389e-01 9.899999999999985478e-01 1.443289932012703503e-15 2.848874000000000160e+04 2.494946350605559473e+03 2.476500000000000000e+04 4.186400000000000000e+04
3.740434344477361894e-01 9.899999999999985478e-01 1.443289932012703503e-15 2.786856999999999971e+04 1.979243644703703694e+03 2.433000000000000000e+04 3.488100000000000000e+04
4.114477778925098583e-01 9.899999999999985478e-01 1.443289932012703503e-15 2.766504999999999927e+04 2.002608845356476195e+03 2.471900000000000000e+04 3.501000000000000000e+04
4.525925556817608775e-01 9.899999999999985478e-01 1.443289932012703503e-15 2.726452000000000044e+04 1.690436804379270825e+03 2.403200000000000000e+04 3.234800000000000000e+04
4.978518112499369930e-01 9.899999999999985478e-01 1.443289932012703503e-15 2.664447999999999956e+04 1.801376121080769281e+03 2.335200000000000000e+04 3.279500000000000000e+04
5.476369923749306867e-01 9.899999999999985478e-01 1.443289932012703503e-15 2.681240999999999985e+04 2.053517124812939073e+03 2.318900000000000000e+04 3.427500000000000000e+04
6.024006916124238220e-01 9.899999999999985478e-01 1.443289932012703503e-15 2.630852000000000044e+04 1.656257253448267875e+03 2.271400000000000000e+04 3.255200000000000000e+04
6.626407607736662930e-01 9.899999999999985478e-01 1.443289932012703503e-15 2.623925999999999840e+04 2.008235263209965751e+03 2.250300000000000000e+04 3.521700000000000000e+04
7.289048368510330222e-01 9.899999999999985478e-01 1.443289932012703503e-15 2.650615999999999985e+04 1.763041359242601629e+03 2.344500000000000000e+04 3.277700000000000000e+04
8.017953205361363356e-01 9.899999999999985478e-01 1.443289932012703503e-15 2.652299000000000160e+04 2.019615079637701683e+03 2.332200000000000000e+04 3.644900000000000000e+04
8.819748525897500580e-01 9.899999999999985478e-01 1.443289932012703503e-15 2.639325999999999840e+04 2.000277428858307076e+03 2.245600000000000000e+04 3.237700000000000000e+04
9.701723378487251415e-01 9.899999999999985478e-01 1.443289932012703503e-15 2.625497999999999956e+04 1.856753586128218785e+03 2.307500000000000000e+04 3.392900000000000000e+04
9.801723378487251503e-01 9.899999999999985478e-01 1.443289932012703503e-15 2.636265999999999985e+04 2.051456249691911125e+03 2.248000000000000000e+04 3.620500000000000000e+04
9.901723378487251592e-01 9.899999999999985478e-01 1.443289932012703503e-15 2.612818000000000029e+04 1.695415090059068461e+03 2.276900000000000000e+04 3.183100000000000000e+04
1.000172337848725057e+00 9.899999999999985478e-01 1.443289932012703503e-15 2.629747999999999956e+04 2.127913604825158473e+03 2.301000000000000000e+04 3.428600000000000000e+04
