1.000000000000000021e-02 9.899999999999985478e-01 1.443289932012703503e-15 5.562429000000000087e+04 3.696501392654951360e+03 4.851200000000000000e+04 6.810800000000000000e+04
1.100000000000000110e-02 9.899999999999985478e-01 1.443289932012703503e-15 5.493062999999999738e+04 4.325814653114486646e+03 4.322800000000000000e+04 6.490400000000000000e+04
1.210000000000000138e-02 9.899999999999985478e-01 1.443289932012703503e-15 5.385230000000000291e+04 4.035705334882614352e+03 4.570500000000000000e+04 6.222700000000000000e+04
1.331000000000000238e-02 9.899999999999985478e-01 1.443289932012703503e-15 5.245026000000000204e+04 3.533825342656311022e+03 4.539000000000000000e+04 6.184700000000000000e+04
1.464100000000000297e-02 9.899999999999985478e-01 1.443289932012703503e-15 5.222623999999999796e+04 3.924295506508141898e+03 4.459400000000000000e+04 6.362800000000000000e+04
1.610510000000000413e-02 9.899999999999985478e-01 1.443289932012703503e-15 5.157033999999999651e+04 3.719460558253038471e+03 4.313300000000000000e+04 6.234300000000000000e+04
1.771561000000000663e-02 9.899999999999985478e-01 1.443289932012703503e-15 5.000763999999999942e+04 3.707144244617411459e+03 4.222000000000000000e+04 6.139600000000000000e+04
1.948717100000000799e-02 9.899999999999985478e-01 1.443289932012703503e-15 4.881538999999999942e+04 2.889120135594917883e+03 4.186200000000000000e+04 5.706700000000000000e+04
2.143588810000001191e-02 9.899999999999985478e-01 1.443289932012703503e-15 4.905400000000000000e+04 3.709004774868859386e+03 4.047200000000000000e+04 5.762100000000000000e+04
2.357947691000001483e-02 9.899999999999985478e-01 1.443289932012703503e-15 4.770819000000000233e+04 3.698576260387231741e+03 3.913800000000000000e+04 5.641400000000000000e+04
2.593742460100001770e-02 9.899999999999985478e-01 1.443289932012703503e-15 4.707168000000000029e+04 3.253786326358877886e+03 3.861300000000000000e+04 5.532900000000000000e+04
2.853116706110002052e-02 9.899999999999985478e-01 1.443289932012703503e-15 4.598923000000000320e+04 3.352381714110134453e+03 3.944100000000000000e+04 5.714300000000000000e+04
3.138428376721002361e-02 9.899999999999985478e-01 1.443289932012703503e-15 4.524550000000000000e+04 3.241206215284673817e+03 3.775100000000000000e+04 5.313400000000000000e+04
3.452271214393103083e-02 9.899999999999985478e-01 1.443289932012703503e-15 4.437248000000000320e+04 3.100280237268882502e+03 3.857100000000000000e+04 5.469500000000000000e+04
3.797498335832413807e-02 9.899999999999985478e-01 1.443289932012703503e-15 4.331483000000000175e+04 3.118105376843444901e+03 3.833700000000000000e+04 5.538100000000000000e+04
4.177248169415655188e-02 9.899999999999985478e-01 1.443289932012703503e-15 4.282331999999999971e+04 2.545526652305962216e+03 3.734000000000000000e+04 5.165900000000000000e+04
4.594972986357220845e-02 9.899999999999985478e-01 1.443289932012703503e-15 4.188620999999999913e+04 2.771358343105416679e+03 3.594400000000000000e+04 4.985000000000000000e+04
5.054470284992943624e-02 9.899999999999985478e-01 1.443289932012703503e-15 4.124833999999999651e+04 3.022834514888302692e+03 3.463700000000000000e+04 5.010300000000000000e+04
5.559917313492238750e-02 9.899999999999985478e-01 1.443289932012703503e-15 4.113180000000000291e+04 2.642281586053992214e+03 3.504400000000000000e+04 4.898800000000000000e+04
6.115909044841463110e-02 9.899999999999985478e-01 1.443289932012703503e-15 4.044008999999999651e+04 2.965693554954725641e+03 3.341500000000000000e+04 4.704700000000000000e+04
6.727499949325610462e-02 9.899999999999985478e-01 1.443289932012703503e-15 3.954841999999999825e+04 2.617182122741938656e+03 3.292700000000000000e+04 4.699700000000000000e+04
7.400249944258172063e-02 9.899999999999985478e-01 1.443289932012703503e-15 3.856475000000000000e+04 2.482905545424553566e+03 3.337800000000000000e+04 4.614000000000000000e+04
8.140274938683990380e-02 9.899999999999985478e-01 1.443289932012703503e-15 3.812180999999999767e+04 2.759322278005960015e+03 3.358300000000000000e+04 4.681300000000000000e+04
8.954302432552389834e-02 9.899999999999985478e-01 1.443289932012703503e-15 3.687025000000000000e+04 2.402051362377582336e+03 3.155400000000000000e+04 4.566100000000000000e+04
9.849732675807629234e-02 9.899999999999985478e-01 1.443289932012703503e-15 3.637006999999999971e+04 2.455416939157177239e+03 3.193500000000000000e+04 4.344300000000000000e+04
1.083470594338839244e-01 9.899999999999985478e-01 1.443289932012703503e-15 3.592293000000000029e+04 2.089605638655294570e+03 3.207500000000000000e+04 4.125200000000000000e+04
1.191817653772723196e-01 9.899999999999985478e-01 1.443289932012703503e-15 3.558626999999999680e+04 2.394865699178139494e+03 3.087200000000000000e+04 4.217800000000000000e+04
1.310999419149995737e-01 9.899999999999985478e-01 1.443289932012703503e-15 3.511405999999999767e+04 2.248457025695621269e+03 3.156600000000000000e+04 4.397400000000000000e+04
1.442099361064995422e-01 9.899999999999985478e-01 1.443289932012703503e-15 3.441138999999999942e+04 2.030781642102370597e+03 3.080100000000000000e+04 3.977100000000000000e+04
1.586309297171495103e-01 9.899999999999985478e-01 1.443289932012703503e-15 3.415662000000000262e+04 2.064682492685013131e+03 3.017100000000000000e+04 4.343900000000000000e+04
1.744940226888644641e-01 9.899999999999985478e-01 1.443289932012703503e-15 3.328293000000000029e+04 2.268359201074644716e+03 2.864100000000000000e+04 4.249600000000000000e+04
1.919434249577509355e-01 9.899999999999985478e-01 1.443289932012703503e-15 3.313893000000000029e+04 2.151600605386604002e+03 2.918500000000000000e+04 4.027600000000000000e+04
2.111377674535260540e-01 9.899999999999985478e-01 1.443289932012703503e-15 3.254093000000000029e+04 2.025616559248072463e+03 2.759800000000000000e+04 3.876600000000000000e+04
2.322515441988786677e-01 9.899999999999985478e-01 1.443289932012703503e-15 3.218400000000000000e+04 1.929334978690844082e+03 2.883900000000000000e+04 3.835900000000000000e+04
2.554766986187665401e-01 9.899999999999985478e-01 1.443289932012703503e-15 3.167013000000000102e+04 1.930797563987483045e+03 2.798200000000000000e+04 3.780800000000000000e+04
2.810243684806432163e-01 9.899999999999985478e-01 1.443289932012703503e-15 3.142006000000000131e+04 2.056004104178782654e+03 2.785500000000000000e+04 3.901000000000000000e+04
3.091268053287075657e-01 9.899999999999985478e-01 1.443289932012703503e-15 3.127436000000000058e+04 2.178030805659092948e+03 2.711200000000000000e+04 4.442000000000000000e+04
3.400394858615783389e-01 9.899999999999985478e-01 1.443289932012703503e-15 3.057818000000000029e+04 1.806016264489331888e+03 2.728400000000000000e+04 3.560400000000000000e+04
3.740434344477361894e-01 9.899999999999985478e-01 1.443289932012703503e-15 3.101820000000000073e+04 1.992425401363875380e+03 2.804600000000000000e+04 3.757700000000000000e+04
4.114477778925098583e-01 9.899999999999985478e-01 1.443289932012703503e-15 3.023856000000000131e+04 1.965546388768272891e+03 2.724400000000000000e+04 3.834000000000000000e+04
4.525925556817608775e-01 9.899999999999985478e-01 1.443289932012703503e-15 3.021854999999999927e+04 1.746308417061545470e+03 2.678600000000000000e+04 3.629500000000000000e+04
4.978518112499369930e-01 9.899079999999988999e-01 2.621755137307786913e-04 5.724723190000000410e+06 1.175705331991342455e+07 2.729900000000000000e+04 3.000000000000000000e+07
5.476369923749306867e-01 9.890639999999996101e-01 8.514129432889774862e-04 2.370634487000000104e+07 1.220694086003857478e+07 2.806500000000000000e+04 3.000000000000000000e+07
6.024006916124238220e-01 9.873450000000002502e-01 1.127597002479161555e-03 2.940061732000000030e+07 4.195678760072993115e+06 3.069100000000000000e+04 3.000000000000000000e+07
6.626407607736662930e-01 9.851999999999999647e-01 1.224826518328212639e-03 3.000000000000000000e+07 0.000000000000000000e+00 3.000000000000000000e+07 3.000000000000000000e+07
7.289048368510330222e-01 9.835849999999994875e-01 1.066993439529977973e-03 3.000000000000000000e+07 0.000000000000000000e+00 3.000000000000000000e+07 3.000000000000000000e+07
8.017953205361363356e-01 9.818509999999998072e-01 1.274166001743888424e-03 3.000000000000000000e+07 0.000000000000000000e+00 3.000000000000000000e+07 3.000000000000000000e+07
8.819748525897500580e-01 9.811690000000002909e-01 1.247212491919483376e-03 3.000000000000000000e+07 0.000000000000000000e+00 3.000000000000000000e+07 3.000000000000000000e+07
9.701723378487251415e-01 9.802409999999999179e-01 1.352855868154471085e-03 3.000000000000000000e+07 0.000000000000000000e+00 3.000000000000000000e+07 3.000000000000000000e+07
9.801723378487251503e-01 9.804059999999998887e-01 1.484844773031849391e-03 3.000000000000000000e+07 0.000000000000000000e+00 3.000000000000000000e+07 3.000000000000000000e+07
9.901723378487251592e-01 9.804950000000002275e-01 1.572664935706273625e-03 3.000000000000000000e+07 0.000000000000000000e+00 3.000000000000000000e+07 3.000000000000000000e+07
1.000172337848725057e+00 9.805540000000004808e-01 1.302261110530450981e-03 3.000000000000000000e+07 0.000000000000000000e+00 3.000000000000000000e+07 3.000000000000000000e+07
