1.000000000000000021e-02 5.817959999999999798e-01 5.029664784058674593e-02 3.000000000000000000e+07 0.000000000000000000e+00 3.000000000000000000e+07 3.000000000000000000e+07
1.100000000000000110e-02 5.861510000000000886e-01 4.923381458916219200e-02 3.000000000000000000e+07 0.000000000000000000e+00 3.000000000000000000e+07 3.000000000000000000e+07
1.210000000000000138e-02 5.783610000000001250e-01 4.535369642046830491e-02 3.000000000000000000e+07 0.000000000000000000e+00 3.000000000000000000e+07 3.000000000000000000e+07
1.331000000000000238e-02 5.838490000000000624e-01 4.810210493315234676e-02 3.000000000000000000e+07 0.000000000000000000e+00 3.000000000000000000e+07 3.000000000000000000e+07
1.464100000000000297e-02 5.794099999999999806e-01 4.567398274729278507e-02 3.000000000000000000e+07 0.000000000000000000e+00 3.000000000000000000e+07 3.000000000000000000e+07
1.610510000000000413e-02 5.848920000000000785e-01 4.899120468002393647e-02 3.000000000000000000e+07 0.000000000000000000e+00 3.000000000000000000e+07 3.000000000000000000e+07
1.771561000000000663e-02 5.849130000000003493e-01 4.705801452462694823e-02 3.000000000000000000e+07 0.000000000000000000e+00 3.000000000000000000e+07 3.000000000000000000e+07
1.948717100000000799e-02 5.768090000000001272e-01 4.163283582702481667e-02 3.000000000000000000e+07 0.000000000000000000e+00 3.000000000000000000e+07 3.000000000000000000e+07
2.143588810000001191e-02 5.781159999999997412e-01 5.178870479168212054e-02 3.000000000000000000e+07 0.000000000000000000e+00 3.000000000000000000e+07 3.000000000000000000e+07
2.357947691000001483e-02 5.882119999999999571e-01 4.521072943450482606e-02 3.000000000000000000e+07 0.000000000000000000e+00 3.000000000000000000e+07 3.000000000000000000e+07
2.593742460100001770e-02 5.799049999999995597e-01 5.047317381540417092e-02 3.000000000000000000e+07 0.000000000000000000e+00 3.000000000000000000e+07 3.000000000000000000e+07
2.853116706110002052e-02 5.798360000000000181e-01 5.057018394271470263e-02 3.000000000000000000e+07 0.000000000000000000e+00 3.000000000000000000e+07 3.000000000000000000e+07
3.138428376721002361e-02 5.822359999999999758e-01 4.123601949752182111e-02 3.000000000000000000e+07 0.000000000000000000e+00 3.000000000000000000e+07 3.000000000000000000e+07
3.452271214393103083e-02 5.792490000000001249e-01 5.027189969555558025e-02 3.000000000000000000e+07 0.000000000000000000e+00 3.000000000000000000e+07 3.000000000000000000e+07
3.797498335832413807e-02 5.827960000000000917e-01 5.255461715206380391e-02 3.000000000000000000e+07 0.000000000000000000e+00 3.000000000000000000e+07 3.000000000000000000e+07
4.177248169415655188e-02 5.905839999999999979e-01 5.034527528974291205e-02 3.000000000000000000e+07 0.000000000000000000e+00 3.000000000000000000e+07 3.000000000000000000e+07
4.594972986357220845e-02 5.815749999999999531e-01 5.595561522313914626e-02 3.000000000000000000e+07 0.000000000000000000e+00 3.000000000000000000e+07 3.000000000000000000e+07
5.054470284992943624e-02 5.791830000000001144e-01 5.469901837327612037e-02 3.000000000000000000e+07 0.000000000000000000e+00 3.000000000000000000e+07 3.000000000000000000e+07
5.559917313492238750e-02 5.919310000000002070e-01 4.982905717550753510e-02 3.000000000000000000e+07 0.000000000000000000e+00 3.000000000000000000e+07 3.000000000000000000e+07
6.115909044841463110e-02 5.872689999999999300e-01 5.528313249988645733e-02 3.000000000000000000e+07 0.000000000000000000e+00 3.000000000000000000e+07 3.000000000000000000e+07
6.727499949325610462e-02 6.021160000000000956e-01 6.490142020017745927e-02 3.000000000000000000e+07 0.000000000000000000e+00 3.000000000000000000e+07 3.000000000000000000e+07
7.400249944258172063e-02 5.982580000000000675e-01 5.858538414997378069e-02 3.000000000000000000e+07 0.000000000000000000e+00 3.000000000000000000e+07 3.000000000000000000e+07
8.140274938683990380e-02 6.032929999999998572e-01 6.885072730915775541e-02 3.000000000000000000e+07 0.000000000000000000e+00 3.000000000000000000e+07 3.000000000000000000e+07
8.954302432552389834e-02 6.175070000000000281e-01 6.908550101866525739e-02 3.000000000000000000e+07 0.000000000000000000e+00 3.000000000000000000e+07 3.000000000000000000e+07
9.849732675807629234e-02 6.299229999999997887e-01 6.988795297474380275e-02 3.000000000000000000e+07 0.000000000000000000e+00 3.000000000000000000e+07 3.000000000000000000e+07
1.083470594338839244e-01 6.422940000000000316e-01 8.491496195606519637e-02 3.000000000000000000e+07 0.000000000000000000e+00 3.000000000000000000e+07 3.000000000000000000e+07
1.191817653772723196e-01 6.606139999999998125e-01 8.337588622617453371e-02 3.000000000000000000e+07 0.000000000000000000e+00 3.000000000000000000e+07 3.000000000000000000e+07
1.310999419149995737e-01 6.914759999999998685e-01 9.646871629704624473e-02 3.000000000000000000e+07 0.000000000000000000e+00 3.000000000000000000e+07 3.000000000000000000e+07
1.442099361064995422e-01 7.220020000000002547e-01 1.190456609709064500e-01 3.000000000000000000e+07 0.000000000000000000e+00 3.000000000000000000e+07 3.000000000000000000e+07
1.586309297171495103e-01 8.098989999999999245e-01 1.057299763501345080e-01 3.000000000000000000e+07 0.000000000000000000e+00 3.000000000000000000e+07 3.000000000000000000e+07
1.744940226888644641e-01 8.573210000000007769e-01 1.064528001463559415e-01 3.000000000000000000e+07 0.000000000000000000e+00 3.000000000000000000e+07 3.000000000000000000e+07
1.919434249577509355e-01 9.265540000000000997e-01 5.619810747703164744e-02 3.000000000000000000e+07 0.000000000000000000e+00 3.000000000000000000e+07 3.000000000000000000e+07
2.111377674535260540e-01 9.554629999999997292e-01 1.593301387057703342e-02 3.000000000000000000e+07 0.000000000000000000e+00 3.000000000000000000e+07 3.000000000000000000e+07
2.322515441988786677e-01 9.707749999999998325e-01 9.188322752276390989e-03 3.000000000000000000e+07 0.000000000000000000e+00 3.000000000000000000e+07 3.000000000000000000e+07
2.554766986187665401e-01 9.785030000000000117e-01 6.694213247275595038e-03 2.970130683999999985e+07 2.971959417496773414e+06 1.306840000000000000e+05 3.000000000000000000e+07
2.810243684806432163e-01 9.827799999999998759e-01 5.415477818253895334e-03 2.880557217999999970e+07 5.851479475539767183e+06 1.156640000000000000e+05 3.000000000000000000e+07
3.091268053287075657e-01 9.846379999999997912e-01 3.978612320897825967e-03 2.701247487000000104e+07 8.962576649763902649e+06 1.059210000000000000e+05 3.000000000000000000e+07
3.400394858615783389e-01 9.861340000000001771e-01 3.080007142848859968e-03 2.552074212000000104e+07 1.066278057362974063e+07 9.803000000000000000e+04 3.000000000000000000e+07
3.740434344477361894e-01 9.855849999999998223e-01 2.935655804075127783e-03 2.731044253000000119e+07 8.552248584049390629e+06 1.010120000000000000e+05 3.000000000000000000e+07
4.114477778925098583e-01 9.852029999999999399e-01 2.828054278121262550e-03 2.820648387999999896e+07 7.098941437748656608e+06 1.020910000000000000e+05 3.000000000000000000e+07
4.525925556817608775e-01 9.830400000000003580e-01 2.404495789141665625e-03 3.000000000000000000e+07 0.000000000000000000e+00 3.000000000000000000e+07 3.000000000000000000e+07
4.978518112499369930e-01 9.812919999999999421e-01 2.293978203906919897e-03 3.000000000000000000e+07 0.000000000000000000e+00 3.000000000000000000e+07 3.000000000000000000e+07
5.476369923749306867e-01 9.784969999999997281e-01 2.542064318619806015e-03 3.000000000000000000e+07 0.000000000000000000e+00 3.000000000000000000e+07 3.000000000000000000e+07
6.024006916124238220e-01 9.752999999999997227e-01 2.649528259898351924e-03 3.000000000000000000e+07 0.000000000000000000e+00 3.000000000000000000e+07 3.000000000000000000e+07
6.626407607736662930e-01 9.721609999999999419e-01 2.575573528362173296e-03 3.000000000000000000e+07 0.000000000000000000e+00 3.000000000000000000e+07 3.000000000000000000e+07
7.289048368510330222e-01 9.685700000000000420e-01 2.908178123843173975e-03 3.000000000000000000e+07 0.000000000000000000e+00 3.000000000000000000e+07 3.000000000000000000e+07
8.017953205361363356e-01 9.663309999999993849e-01 3.009142568905637249e-03 3.000000000000000000e+07 0.000000000000000000e+00 3.000000000000000000e+07 3.000000000000000000e+07
8.819748525897500580e-01 9.635540000000001326e-01 2.944296860032970080e-03 3.000000000000000000e+07 0.000000000000000000e+00 3.000000000000000000e+07 3.000000000000000000e+07
9.701723378487251415e-01 9.633490000000002329e-01 2.904599628175973808e-03 3.000000000000000000e+07 0.000000000000000000e+00 3.000000000000000000e+07 3.000000000000000000e+07
9.801723378487251503e-01 9.625500000000002387e-01 2.824234409534733068e-03 3.000000000000000000e+07 0.000000000000000000e+00 3.000000000000000000e+07 3.000000000000000000e+07
9.901723378487251592e-01 9.630279999999997731e-01 2.933601199890676151e-03 3.000000000000000000e+07 0.000000000000000000e+00 3.000000000000000000e+07 3.000000000000000000e+07
1.000172337848725057e+00 9.626959999999999962e-01 3.337991012570284445e-03 3.000000000000000000e+07 0.000000000000000000e+00 3.000000000000000000e+07 3.000000000000000000e+07
