1.000000000000000021e-02 9.897309999999990282e-01 7.430605628076346206e-04 5.747611929999999702e+06 1.174596823722749762e+07 5.104400000000000000e+04 3.000000000000000000e+07
1.100000000000000110e-02 9.898269999999987911e-01 5.360699581211391968e-04 3.650796049999999814e+06 9.730088864621814340e+06 5.134700000000000000e+04 3.000000000000000000e+07
1.210000000000000138e-02 9.898799999999987609e-01 4.718050444834147273e-04 3.050818979999999981e+06 8.983061092329731211e+06 4.924800000000000000e+04 3.000000000000000000e+07
1.331000000000000238e-02 9.897619999999990315e-01 6.664502982218542928e-04 6.643059879999999888e+06 1.240452105719748512e+07 4.774900000000000000e+04 3.000000000000000000e+07
1.464100000000000297e-02 9.899029999999987561e-01 3.945769886853466978e-04 2.450655180000000168e+06 8.123859662359982729e+06 4.622900000000000000e+04 3.000000000000000000e+07
1.610510000000000413e-02 9.898549999999985971e-01 5.554052574472032305e-04 3.048622569999999832e+06 8.983793238263459876e+06 4.630700000000000000e+04 3.000000000000000000e+07
1.771561000000000663e-02 9.898339999999987704e-01 6.313826098333724874e-04 3.047323379999999888e+06 8.984226109692847356e+06 4.513800000000000000e+04 3.000000000000000000e+07
1.948717100000000799e-02 9.898139999999986394e-01 7.086635308804919119e-04 3.346907180000000168e+06 9.370202632539855316e+06 4.542600000000000000e+04 3.000000000000000000e+07
2.143588810000001191e-02 9.897719999999988749e-01 7.532702038445390161e-04 3.346005060000000056e+06 9.370519621038395911e+06 4.312300000000000000e+04 3.000000000000000000e+07
2.357947691000001483e-02 9.898939999999989414e-01 5.509664236593687188e-04 1.847790219999999972e+06 7.112531871024318971e+06 4.447200000000000000e+04 3.000000000000000000e+07
2.593742460100001770e-02 9.898529999999989837e-01 6.101565372918664248e-04 2.445658259999999776e+06 8.125332723912807181e+06 4.267300000000000000e+04 3.000000000000000000e+07
2.853116706110002052e-02 9.899229999999987761e-01 4.091100096551004680e-04 2.145130390000000130e+06 7.642029489410776645e+06 4.197500000000000000e+04 3.000000000000000000e+07
3.138428376721002361e-02 9.899279999999989199e-01 3.532930794680202925e-04 1.845444530000000028e+06 7.113124510435055010e+06 4.150100000000000000e+04 3.000000000000000000e+07
3.452271214393103083e-02 9.899239999999985828e-01 4.604606389258524305e-04 1.245321919999999925e+06 5.869525026175655425e+06 4.022900000000000000e+04 3.000000000000000000e+07
3.797498335832413807e-02 9.899819999999985853e-01 1.693398948859985956e-04 6.449329000000000233e+05 4.193582245748828631e+06 3.838900000000000000e+04 3.000000000000000000e+07
4.177248169415655188e-02 9.899599999999988409e-01 2.712931993250056986e-04 1.243513260000000009e+06 5.869893724703998305e+06 3.853600000000000000e+04 3.000000000000000000e+07
4.594972986357220845e-02 9.899679999999986268e-01 2.310324652510975421e-04 6.443370999999999767e+05 4.193667115394378081e+06 3.798500000000000000e+04 3.000000000000000000e+07
5.054470284992943624e-02 9.899199999999984678e-01 3.246536616149548761e-04 2.141968620000000112e+06 7.642896902890567668e+06 3.906600000000000000e+04 3.000000000000000000e+07
5.559917313492238750e-02 9.899809999999987786e-01 9.348261870529624856e-05 1.841093800000000047e+06 7.114223583165838383e+06 3.962900000000000000e+04 3.000000000000000000e+07
6.115909044841463110e-02 9.899699999999989064e-01 2.229349680960767907e-04 1.541131790000000037e+06 6.528912816332581453e+06 3.774600000000000000e+04 3.000000000000000000e+07
6.727499949325610462e-02 9.899159999999986859e-01 3.703295829392993957e-04 1.839865800000000047e+06 7.114533755189827643e+06 3.786500000000000000e+04 3.000000000000000000e+07
7.400249944258172063e-02 9.899379999999986524e-01 3.714242856895553190e-04 1.239925790000000037e+06 5.870626095836430788e+06 3.686600000000000000e+04 3.000000000000000000e+07
8.140274938683990380e-02 9.899699999999985733e-01 2.202271554554523073e-04 9.400934499999999534e+05 5.110566340868763626e+06 3.716900000000000000e+04 3.000000000000000000e+07
8.954302432552389834e-02 9.898759999999985348e-01 4.458968490581671860e-04 3.335891410000000149e+06 9.374074968721548095e+06 3.506600000000000000e+04 3.000000000000000000e+07
9.849732675807629234e-02 9.898439999999988359e-01 4.705996175093959239e-04 4.533960650000000373e+06 1.069787659094986878e+07 3.522900000000000000e+04 3.000000000000000000e+07
1.083470594338839244e-01 9.898769999999985636e-01 6.095662392226053458e-04 2.137178490000000224e+06 7.644210891988384537e+06 3.530300000000000000e+04 3.000000000000000000e+07
1.191817653772723196e-01 9.895729999999994808e-01 8.778217358894658835e-04 9.626665830000000075e+06 1.397599211324622110e+07 3.456900000000000000e+04 3.000000000000000000e+07
1.310999419149995737e-01 9.891539999999993116e-01 1.216175974109011447e-03 1.412033731000000052e+07 1.495382419080075994e+07 3.396200000000000000e+04 3.000000000000000000e+07
1.442099361064995422e-01 9.886349999999997085e-01 1.332319406148539491e-03 2.370781280999999866e+07 1.220409368828342110e+07 3.510000000000000000e+04 3.000000000000000000e+07
1.586309297171495103e-01 9.871639999999995974e-01 1.988844890885157340e-03 2.670401805000000075e+07 9.375263571972439066e+06 3.397900000000000000e+04 3.000000000000000000e+07
1.744940226888644641e-01 9.848549999999994808e-01 1.825451998821111827e-03 3.000000000000000000e+07 0.000000000000000000e+00 3.000000000000000000e+07 3.000000000000000000e+07
1.919434249577509355e-01 9.824299999999999145e-01 1.835183914489234552e-03 3.000000000000000000e+07 0.000000000000000000e+00 3.000000000000000000e+07 3.000000000000000000e+07
2.111377674535260540e-01 9.791530000000002731e-01 2.042129036079753934e-03 3.000000000000000000e+07 0.000000000000000000e+00 3.000000000000000000e+07 3.000000000000000000e+07
2.322515441988786677e-01 9.757839999999999847e-01 2.269216604910157236e-03 3.000000000000000000e+07 0.000000000000000000e+00 3.000000000000000000e+07 3.000000000000000000e+07
2.554766986187665401e-01 9.711840000000003803e-01 2.567828654719782160e-03 3.000000000000000000e+07 0.000000000000000000e+00 3.000000000000000000e+07 3.000000000000000000e+07
2.810243684806432163e-01 9.667540000000000022e-01 2.551369044258399409e-03 3.000000000000000000e+07 0.000000000000000000e+00 3.000000000000000000e+07 3.000000000000000000e+07
3.091268053287075657e-01 9.613740000000001729e-01 2.165577059353926848e-03 3.000000000000000000e+07 0.000000000000000000e+00 3.000000000000000000e+07 3.000000000000000000e+07
3.400394858615783389e-01 9.556109999999996552e-01 2.378146126712982807e-03 3.000000000000000000e+07 0.000000000000000000e+00 3.000000000000000000e+07 3.000000000000000000e+07
3.740434344477361894e-01 9.493590000000001750e-01 2.173480848776909204e-03 3.000000000000000000e+07 0.000000000000000000e+00 3.000000000000000000e+07 3.000000000000000000e+07
4.114477778925098583e-01 9.423349999999994786e-01 2.431105715513003258e-03 3.000000000000000000e+07 0.000000000000000000e+00 3.000000000000000000e+07 3.000000000000000000e+07
4.525925556817608775e-01 9.348579999999998558e-01 2.933570520713628827e-03 3.000000000000000000e+07 0.000000000000000000e+00 3.000000000000000000e+07 3.000000000000000000e+07
4.978518112499369930e-01 9.277920000000001721e-01 2.986056931808229054e-03 3.000000000000000000e+07 0.000000000000000000e+00 3.000000000000000000e+07 3.000000000000000000e+07
5.476369923749306867e-01 9.200270000000007053e-01 3.312668259877530035e-03 3.000000000000000000e+07 0.000000000000000000e+00 3.000000000000000000e+07 3.000000000000000000e+07
6.024006916124238220e-01 9.131639999999999757e-01 3.345878658887673201e-03 3.000000000000000000e+07 0.000000000000000000e+00 3.000000000000000000e+07 3.000000000000000000e+07
6.626407607736662930e-01 9.060649999999995652e-01 2.849504342863853727e-03 3.000000000000000000e+07 0.000000000000000000e+00 3.000000000000000000e+07 3.000000000000000000e+07
7.289048368510330222e-01 9.000780000000001557e-01 3.404983994088665866e-03 3.000000000000000000e+07 0.000000000000000000e+00 3.000000000000000000e+07 3.000000000000000000e+07
8.017953205361363356e-01 8.961569999999998704e-01 3.220411619653615158e-03 3.000000000000000000e+07 0.000000000000000000e+00 3.000000000000000000e+07 3.000000000000000000e+07
8.819748525897500580e-01 8.915059999999996876e-01 3.063162418155456791e-03 3.000000000000000000e+07 0.000000000000000000e+00 3.000000000000000000e+07 3.000000000000000000e+07
9.701723378487251415e-01 8.907469999999999555e-01 3.025209248961129114e-03 3.000000000000000000e+07 0.000000000000000000e+00 3.000000000000000000e+07 3.000000000000000000e+07
9.801723378487251503e-01 8.902720000000000633e-01 3.467249053644689757e-03 3.000000000000000000e+07 0.000000000000000000e+00 3.000000000000000000e+07 3.000000000000000000e+07
9.901723378487251592e-01 8.903440000000000243e-01 3.590886241584383305e-03 3.000000000000000000e+07 0.000000000000000000e+00 3.000000000000000000e+07 3.000000000000000000e+07
1.000172337848725057e+00 8.905979999999997787e-01 3.223196550010562055e-03 3.000000000000000000e+07 0.000000000000000000e+00 3.000000000000000000e+07 3.000000000000000000e+07
