1.000000000000000021e-02 9.899999999999985478e-01 1.443289932012703503e-15 5.140862999999999738e+04 4.366114993114587378e+03 4.227900000000000000e+04 6.500300000000000000e+04
1.100000000000000110e-02 9.899999999999985478e-01 1.443289932012703503e-15 5.053394999999999709e+04 3.840640418927552219e+03 4.144600000000000000e+04 6.039700000000000000e+04
1.210000000000000138e-02 9.899999999999985478e-01 1.443289932012703503e-15 4.929643000000000029e+04 3.397817459061036516e+03 4.194600000000000000e+04 5.686100000000000000e+04
1.331000000000000238e-02 9.899999999999985478e-01 1.443289932012703503e-15 4.780375000000000000e+04 3.747767226963275334e+03 3.869900000000000000e+04 5.716300000000000000e+04
1.464100000000000297e-02 9.899999999999985478e-01 1.443289932012703503e-15 4.674581999999999971e+04 4.046184754506397894e+03 3.768400000000000000e+04 5.610900000000000000e+04
1.610510000000000413e-02 9.899999999999985478e-01 1.443289932012703503e-15 4.665525000000000000e+04 3.953739863407809025e+03 3.986500000000000000e+04 5.786000000000000000e+04
1.771561000000000663e-02 9.899999999999985478e-01 1.443289932012703503e-15 4.562783999999999651e+04 3.488830112573553833e+03 3.794700000000000000e+04 5.529400000000000000e+04
1.948717100000000799e-02 9.899999999999985478e-01 1.443289932012703503e-15 4.526955999999999767e+04 3.407438103091529229e+03 3.709300000000000000e+04 5.378100000000000000e+04
2.143588810000001191e-02 9.899999999999985478e-01 1.443289932012703503e-15 4.406223999999999796e+04 3.326572575850404974e+03 3.727000000000000000e+04 5.397600000000000000e+04
2.357947691000001483e-02 9.899999999999985478e-01 1.443289932012703503e-15 4.331426999999999680e+04 2.868400954730701415e+03 3.737300000000000000e+04 5.172300000000000000e+04
2.593742460100001770e-02 9.899999999999985478e-01 1.443289932012703503e-15 4.268129000000000087e+04 3.560754331023133091e+03 3.530000000000000000e+04 5.628500000000000000e+04
2.853116706110002052e-02 9.899999999999985478e-01 1.443289932012703503e-15 4.187608999999999651e+04 3.380923261758538956e+03 3.540300000000000000e+04 5.253900000000000000e+04
3.138428376721002361e-02 9.899999999999985478e-01 1.443289932012703503e-15 4.050398000000000320e+04 3.167782085245131839e+03 3.337400000000000000e+04 4.986500000000000000e+04
3.452271214393103083e-02 9.899999999999985478e-01 1.443289932012703503e-15 3.975941999999999825e+04 3.304944556811808070e+03 3.326900000000000000e+04 4.933600000000000000e+04
3.797498335832413807e-02 9.899999999999985478e-01 1.443289932012703503e-15 3.861726999999999680e+04 2.614854886432514832e+03 3.247500000000000000e+04 4.489400000000000000e+04
4.177248169415655188e-02 9.899999999999985478e-01 1.443289932012703503e-15 3.821458999999999651e+04 3.015187059188865533e+03 3.215100000000000000e+04 4.985600000000000000e+04
4.594972986357220845e-02 9.899999999999985478e-01 1.443289932012703503e-15 3.835194000000000233e+04 3.140581206783228936e+03 3.212600000000000000e+04 4.830300000000000000e+04
5.054470284992943624e-02 9.899999999999985478e-01 1.443289932012703503e-15 3.686038999999999942e+04 3.043238718520123257e+03 3.105500000000000000e+04 4.398800000000000000e+04
5.559917313492238750e-02 9.899999999999985478e-01 1.443289932012703503e-15 3.615276000000000204e+04 2.941820630561965118e+03 3.030300000000000000e+04 4.328700000000000000e+04
6.115909044841463110e-02 9.899999999999985478e-01 1.443289932012703503e-15 3.546251000000000204e+04 2.492341238654931658e+03 3.126700000000000000e+04 4.176300000000000000e+04
6.727499949325610462e-02 9.899999999999985478e-01 1.443289932012703503e-15 3.468683000000000175e+04 2.689776016901779258e+03 2.900000000000000000e+04 4.403900000000000000e+04
7.400249944258172063e-02 9.899999999999985478e-01 1.443289932012703503e-15 3.393559999999999854e+04 2.495445980180697006e+03 2.954500000000000000e+04 4.418700000000000000e+04
8.140274938683990380e-02 9.899999999999985478e-01 1.443289932012703503e-15 3.317491000000000349e+04 2.637583758271953229e+03 2.858800000000000000e+04 4.078900000000000000e+04
8.954302432552389834e-02 9.899999999999985478e-01 1.443289932012703503e-15 3.247911999999999898e+04 2.411600444849851556e+03 2.820000000000000000e+04 3.844400000000000000e+04
9.849732675807629234e-02 9.899999999999985478e-01 1.443289932012703503e-15 3.151933000000000175e+04 2.560928394371852846e+03 2.704500000000000000e+04 3.936100000000000000e+04
1.083470594338839244e-01 9.899999999999985478e-01 1.443289932012703503e-15 3.146704000000000087e+04 2.513647747477756639e+03 2.745100000000000000e+04 3.825700000000000000e+04
1.191817653772723196e-01 9.899999999999985478e-01 1.443289932012703503e-15 3.103479999999999927e+04 2.352257222329224078e+03 2.536000000000000000e+04 3.765700000000000000e+04
1.310999419149995737e-01 9.899999999999985478e-01 1.443289932012703503e-15 3.047020999999999913e+04 2.340315565452659030e+03 2.682000000000000000e+04 3.714900000000000000e+04
1.442099361064995422e-01 9.899999999999985478e-01 1.443289932012703503e-15 2.990611999999999898e+04 2.422451078061227236e+03 2.491300000000000000e+04 3.797500000000000000e+04
1.586309297171495103e-01 9.899999999999985478e-01 1.443289932012703503e-15 2.899734000000000015e+04 2.170578564438523244e+03 2.478700000000000000e+04 3.804400000000000000e+04
1.744940226888644641e-01 9.899999999999985478e-01 1.443289932012703503e-15 2.819343999999999869e+04 2.004914413734411482e+03 2.345500000000000000e+04 3.397400000000000000e+04
1.919434249577509355e-01 9.899999999999985478e-01 1.443289932012703503e-15 2.768054000000000087e+04 1.959353324033212857e+03 2.321100000000000000e+04 3.329900000000000000e+04
2.111377674535260540e-01 9.899999999999985478e-01 1.443289932012703503e-15 2.739840999999999985e+04 1.950509508282386605e+03 2.418600000000000000e+04 3.228700000000000000e+04
2.322515441988786677e-01 9.899999999999985478e-01 1.443289932012703503e-15 2.689259999999999854e+04 1.930680776306637199e+03 2.304600000000000000e+04 3.486700000000000000e+04
2.554766986187665401e-01 9.899999999999985478e-01 1.443289932012703503e-15 2.653768000000000029e+04 2.044577373835482604e+03 2.222400000000000000e+04 3.416000000000000000e+04
2.810243684806432163e-01 9.899999999999985478e-01 1.443289932012703503e-15 2.588700000000000000e+04 1.727760052785108201e+03 2.268500000000000000e+04 2.989600000000000000e+04
3.091268053287075657e-01 9.899999999999985478e-01 1.443289932012703503e-15 2.573715000000000146e+04 1.739321088097307211e+03 2.177700000000000000e+04 3.132700000000000000e+04
3.400394858615783389e-01 9.899999999999985478e-01 1.443289932012703503e-15 2.549670000000000073e+04 2.020068600320296127e+03 2.236000000000000000e+04 3.317200000000000000e+04
3.740434344477361894e-01 9.899999999999985478e-01 1.443289932012703503e-15 2.531131000000000131e+04 1.922989447162932493e+03 2.178400000000000000e+04 2.977700000000000000e+04
4.114477778925098583e-01 9.899999999999985478e-01 1.443289932012703503e-15 2.477140999999999985e+04 1.769436097150727846e+03 2.121900000000000000e+04 3.041100000000000000e+04
4.525925556817608775e-01 9.899999999999985478e-01 1.443289932012703503e-15 2.441793999999999869e+04 1.938666267411696481e+03 2.020000000000000000e+04 3.287300000000000000e+04
4.978518112499369930e-01 9.899999999999985478e-01 1.443289932012703503e-15 2.433252000000000044e+04 1.889055983712499938e+03 2.132400000000000000e+04 3.163000000000000000e+04
5.476369923749306867e-01 9.899999999999985478e-01 1.443289932012703503e-15 2.420600000000000000e+04 1.783889839648177258e+03 2.058700000000000000e+04 3.031800000000000000e+04
6.024006916124238220e-01 9.899999999999985478e-01 1.443289932012703503e-15 2.361629000000000087e+04 1.693624883467410655e+03 2.048600000000000000e+04 2.996100000000000000e+04
6.626407607736662930e-01 9.899999999999985478e-01 1.443289932012703503e-15 2.386445000000000073e+04 1.611820252850794532e+03 2.056000000000000000e+04 2.972100000000000000e+04
7.289048368510330222e-01 9.899999999999985478e-01 1.443289932012703503e-15 2.416336000000000058e+04 1.897890131277361661e+03 2.078200000000000000e+04 2.974800000000000000e+04
8.017953205361363356e-01 9.899999999999985478e-01 1.443289932012703503e-15 2.365068999999999869e+04 2.117366561061168341e+03 1.984900000000000000e+04 3.052800000000000000e+04
8.819748525897500580e-01 9.899999999999985478e-01 1.443289932012703503e-15 2.348081000000000131e+04 1.857956494081602614e+03 2.043300000000000000e+04 3.351600000000000000e+04
9.701723378487251415e-01 9.899999999999985478e-01 1.443289932012703503e-15 2.355115999999999985e+04 2.313448463744113724e+03 2.034800000000000000e+04 4.171300000000000000e+04
9.801723378487251503e-01 9.899999999999985478e-01 1.443289932012703503e-15 2.362277000000000044e+04 2.142840763355970921e+03 1.997700000000000000e+04 3.323400000000000000e+04
9.901723378487251592e-01 9.899999999999985478e-01 1.443289932012703503e-15 2.360970000000000073e+04 2.015445273382534424e+03 2.015300000000000000e+04 3.067600000000000000e+04
1.000172337848725057e+00 9.899999999999985478e-01 1.443289932012703503e-15 2.353034999999999854e+04 1.617573289684272822e+03 2.041300000000000000e+04 2.853600000000000000e+04
