1.000000000000000021e-02 9.899999999999985478e-01 1.443289932012703503e-15 9.890969999999999345e+03 2.984962311319859785e-01 9.890000000000000000e+03 9.892000000000000000e+03
1.100000000000000110e-02 9.899999999999985478e-01 1.443289932012703503e-15 9.891010000000000218e+03 2.998332870112992432e-01 9.890000000000000000e+03 9.892000000000000000e+03
1.210000000000000138e-02 9.899999999999985478e-01 1.443289932012703503e-15 9.891030000000000655e+03 3.303028912982747811e-01 9.890000000000000000e+03 9.892000000000000000e+03
1.331000000000000238e-02 9.899999999999985478e-01 1.443289932012703503e-15 9.890940000000000509e+03 3.411744421846396036e-01 9.890000000000000000e+03 9.892000000000000000e+03
1.464100000000000297e-02 9.899999999999985478e-01 1.443289932012703503e-15 9.891010000000000218e+03 2.233830790368866170e-01 9.890000000000000000e+03 9.892000000000000000e+03
1.610510000000000413e-02 9.899999999999985478e-01 1.443289932012703503e-15 9.891000000000000000e+03 4.000000000000000222e-01 9.890000000000000000e+03 9.893000000000000000e+03
1.771561000000000663e-02 9.899999999999985478e-01 1.443289932012703503e-15 9.891040000000000873e+03 3.979949748426476752e-01 9.890000000000000000e+03 9.892000000000000000e+03
1.948717100000000799e-02 9.899999999999985478e-01 1.443289932012703503e-15 9.891040000000000873e+03 4.223742416388572840e-01 9.890000000000000000e+03 9.892000000000000000e+03
2.143588810000001191e-02 9.899999999999985478e-01 1.443289932012703503e-15 9.890959999999999127e+03 4.223742416388575616e-01 9.890000000000000000e+03 9.892000000000000000e+03
2.357947691000001483e-02 9.899999999999985478e-01 1.443289932012703503e-15 9.890909999999999854e+03 4.264973622427225552e-01 9.889000000000000000e+03 9.892000000000000000e+03
2.593742460100001770e-02 9.899999999999985478e-01 1.443289932012703503e-15 9.890959999999999127e+03 3.720215047547649756e-01 9.890000000000000000e+03 9.892000000000000000e+03
2.853116706110002052e-02 9.899999999999985478e-01 1.443289932012703503e-15 9.891020000000000437e+03 4.686149805543987634e-01 9.890000000000000000e+03 9.893000000000000000e+03
3.138428376721002361e-02 9.899999999999985478e-01 1.443289932012703503e-15 9.891010000000000218e+03 4.357751713900185897e-01 9.890000000000000000e+03 9.892000000000000000e+03
3.452271214393103083e-02 9.899999999999985478e-01 1.443289932012703503e-15 9.890989999999999782e+03 4.998999899979993944e-01 9.889000000000000000e+03 9.892000000000000000e+03
3.797498335832413807e-02 9.899999999999985478e-01 1.443289932012703503e-15 9.891020000000000437e+03 5.473572873361599589e-01 9.890000000000000000e+03 9.892000000000000000e+03
4.177248169415655188e-02 9.899999999999985478e-01 1.443289932012703503e-15 9.890819999999999709e+03 6.384355879804941569e-01 9.888000000000000000e+03 9.892000000000000000e+03
4.594972986357220845e-02 9.899999999999985478e-01 1.443289932012703503e-15 9.891069999999999709e+03 6.364746656387822998e-01 9.889000000000000000e+03 9.893000000000000000e+03
5.054470284992943624e-02 9.899999999999985478e-01 1.443289932012703503e-15 9.890989999999999782e+03 5.566866263886707245e-01 9.889000000000000000e+03 9.892000000000000000e+03
5.559917313492238750e-02 9.899999999999985478e-01 1.443289932012703503e-15 9.890969999999999345e+03 6.993568473962344934e-01 9.889000000000000000e+03 9.893000000000000000e+03
6.115909044841463110e-02 9.899999999999985478e-01 1.443289932012703503e-15 9.891000000000000000e+03 7.483314773547883325e-01 9.889000000000000000e+03 9.893000000000000000e+03
6.727499949325610462e-02 9.899999999999985478e-01 1.443289932012703503e-15 9.890989999999999782e+03 9.109884741312588297e-01 9.888000000000000000e+03 9.894000000000000000e+03
7.400249944258172063e-02 9.899999999999985478e-01 1.443289932012703503e-15 9.890989999999999782e+03 7.140728254176875733e-01 9.889000000000000000e+03 9.893000000000000000e+03
8.140274938683990380e-02 9.899999999999985478e-01 1.443289932012703503e-15 9.890989999999999782e+03 7.936623967405784796e-01 9.889000000000000000e+03 9.893000000000000000e+03
8.954302432552389834e-02 9.899999999999985478e-01 1.443289932012703503e-15 9.891090000000000146e+03 9.283856957105709462e-01 9.888000000000000000e+03 9.894000000000000000e+03
9.849732675807629234e-02 9.899999999999985478e-01 1.443289932012703503e-15 9.890930000000000291e+03 8.631917515824628628e-01 9.889000000000000000e+03 9.894000000000000000e+03
1.083470594338839244e-01 9.899999999999985478e-01 1.443289932012703503e-15 9.890879999999999200e+03 9.303762679690413817e-01 9.888000000000000000e+03 9.893000000000000000e+03
1.191817653772723196e-01 9.899999999999985478e-01 1.443289932012703503e-15 9.890860000000000582e+03 1.010148503933951281e+00 9.889000000000000000e+03 9.893000000000000000e+03
1.310999419149995737e-01 9.899999999999985478e-01 1.443289932012703503e-15 9.890850000000000364e+03 1.089724735885169604e+00 9.888000000000000000e+03 9.894000000000000000e+03
1.442099361064995422e-01 9.899999999999985478e-01 1.443289932012703503e-15 9.890940000000000509e+03 1.027813212602367354e+00 9.887000000000000000e+03 9.893000000000000000e+03
1.586309297171495103e-01 9.899999999999985478e-01 1.443289932012703503e-15 9.891090000000000146e+03 1.030485322554378191e+00 9.887000000000000000e+03 9.893000000000000000e+03
1.744940226888644641e-01 9.899999999999985478e-01 1.443289932012703503e-15 9.891000000000000000e+03 1.086278049120021461e+00 9.888000000000000000e+03 9.893000000000000000e+03
1.919434249577509355e-01 9.899999999999985478e-01 1.443289932012703503e-15 9.891000000000000000e+03 1.232882800593795292e+00 9.888000000000000000e+03 9.893000000000000000e+03
2.111377674535260540e-01 9.899999999999985478e-01 1.443289932012703503e-15 9.891010000000000218e+03 1.187392100361122971e+00 9.888000000000000000e+03 9.894000000000000000e+03
2.322515441988786677e-01 9.899999999999985478e-01 1.443289932012703503e-15 9.891129999999999200e+03 1.353920233987217392e+00 9.887000000000000000e+03 9.894000000000000000e+03
2.554766986187665401e-01 9.899999999999985478e-01 1.443289932012703503e-15 9.890780000000000655e+03 1.368064325973014084e+00 9.888000000000000000e+03 9.894000000000000000e+03
2.810243684806432163e-01 9.899999999999985478e-01 1.443289932012703503e-15 9.891049999999999272e+03 1.388344337691484798e+00 9.884000000000000000e+03 9.894000000000000000e+03
3.091268053287075657e-01 9.899999999999985478e-01 1.443289932012703503e-15 9.890909999999999854e+03 1.249759976955574059e+00 9.888000000000000000e+03 9.894000000000000000e+03
3.400394858615783389e-01 9.899999999999985478e-01 1.443289932012703503e-15 9.890969999999999345e+03 1.388920444085980810e+00 9.888000000000000000e+03 9.894000000000000000e+03
3.740434344477361894e-01 9.899999999999985478e-01 1.443289932012703503e-15 9.890799999999999272e+03 1.435270009440734018e+00 9.887000000000000000e+03 9.894000000000000000e+03
4.114477778925098583e-01 9.899999999999985478e-01 1.443289932012703503e-15 9.890979999999999563e+03 1.462737160258122948e+00 9.887000000000000000e+03 9.894000000000000000e+03
4.525925556817608775e-01 9.899999999999985478e-01 1.443289932012703503e-15 9.890989999999999782e+03 1.723339780774528984e+00 9.885000000000000000e+03 9.895000000000000000e+03
4.978518112499369930e-01 9.899999999999985478e-01 1.443289932012703503e-15 9.890979999999999563e+03 1.691035185914236960e+00 9.886000000000000000e+03 9.895000000000000000e+03
5.476369923749306867e-01 9.899999999999985478e-01 1.443289932012703503e-15 9.890959999999999127e+03 1.777188791321844930e+00 9.886000000000000000e+03 9.895000000000000000e+03
6.024006916124238220e-01 9.899999999999985478e-01 1.443289932012703503e-15 9.891170000000000073e+03 1.749599954275261604e+00 9.886000000000000000e+03 9.894000000000000000e+03
6.626407607736662930e-01 9.899999999999985478e-01 1.443289932012703503e-15 9.891100000000000364e+03 2.066397831977180299e+00 9.885000000000000000e+03 9.895000000000000000e+03
7.289048368510330222e-01 9.899999999999985478e-01 1.443289932012703503e-15 9.890790000000000873e+03 1.867056506911346947e+00 9.885000000000000000e+03 9.895000000000000000e+03
8.017953205361363356e-01 9.899999999999985478e-01 1.443289932012703503e-15 9.891319999999999709e+03 1.821428011204396347e+00 9.887000000000000000e+03 9.895000000000000000e+03
8.819748525897500580e-01 9.899999999999985478e-01 1.443289932012703503e-15 9.891090000000000146e+03 2.035165840908300439e+00 9.886000000000000000e+03 9.895000000000000000e+03
9.701723378487251415e-01 9.899999999999985478e-01 1.443289932012703503e-15 9.891000000000000000e+03 2.181742422927142933e+00 9.884000000000000000e+03 9.895000000000000000e+03
9.801723378487251503e-01 9.899999999999985478e-01 1.443289932012703503e-15 9.890729999999999563e+03 2.181077715259132521e+00 9.885000000000000000e+03 9.894000000000000000e+03
9.901723378487251592e-01 9.899999999999985478e-01 1.443289932012703503e-15 9.891430000000000291e+03 1.817993399327952453e+00 9.886000000000000000e+03 9.895000000000000000e+03
1.000172337848725057e+00 9.899999999999985478e-01 1.443289932012703503e-15 9.890700000000000728e+03 2.061552812808832957e+00 9.885000000000000000e+03 9.895000000000000000e+03
