1.000000000000000021e-02 9.899999999999985478e-01 1.443289932012703503e-15 5.140191999999999825e+04 3.717666587202246774e+03 4.240500000000000000e+04 6.223900000000000000e+04
1.100000000000000110e-02 9.899999999999985478e-01 1.443289932012703503e-15 5.108858999999999651e+04 4.112564217358800306e+03 4.048700000000000000e+04 6.106500000000000000e+04
1.210000000000000138e-02 9.899999999999985478e-01 1.443289932012703503e-15 4.934030000000000291e+04 3.381338455404900742e+03 4.323700000000000000e+04 5.935000000000000000e+04
1.331000000000000238e-02 9.899999999999985478e-01 1.443289932012703503e-15 4.860630999999999767e+04 3.843770614110576844e+03 4.057100000000000000e+04 5.791000000000000000e+04
1.464100000000000297e-02 9.899999999999985478e-01 1.443289932012703503e-15 4.790294999999999709e+04 3.772425894235696887e+03 3.921900000000000000e+04 5.576800000000000000e+04
1.610510000000000413e-02 9.899999999999985478e-01 1.443289932012703503e-15 4.670102999999999884e+04 3.514930740299159879e+03 4.068900000000000000e+04 5.683300000000000000e+04
1.771561000000000663e-02 9.899999999999985478e-01 1.443289932012703503e-15 4.564461000000000058e+04 3.625851767226563879e+03 3.691700000000000000e+04 5.472400000000000000e+04
1.948717100000000799e-02 9.899999999999985478e-01 1.443289932012703503e-15 4.533783000000000175e+04 3.355033105812817666e+03 3.807800000000000000e+04 5.254500000000000000e+04
2.143588810000001191e-02 9.899999999999985478e-01 1.443289932012703503e-15 4.409433000000000175e+04 3.127611907046652959e+03 3.784900000000000000e+04 5.118900000000000000e+04
2.357947691000001483e-02 9.899999999999985478e-01 1.443289932012703503e-15 4.321908000000000175e+04 3.415550189003230116e+03 3.513900000000000000e+04 5.388600000000000000e+04
2.593742460100001770e-02 9.899999999999985478e-01 1.443289932012703503e-15 4.232756999999999971e+04 3.224612027066201790e+03 3.522100000000000000e+04 5.157500000000000000e+04
2.853116706110002052e-02 9.899999999999985478e-01 1.443289932012703503e-15 4.159418000000000029e+04 3.064064331504806432e+03 3.590400000000000000e+04 4.898400000000000000e+04
3.138428376721002361e-02 9.899999999999985478e-01 1.443289932012703503e-15 4.028138999999999942e+04 3.148133618177601420e+03 3.406000000000000000e+04 5.048900000000000000e+04
3.452271214393103083e-02 9.899999999999985478e-01 1.443289932012703503e-15 4.002351999999999680e+04 2.627571576494159217e+03 3.461400000000000000e+04 4.954700000000000000e+04
3.797498335832413807e-02 9.899999999999985478e-01 1.443289932012703503e-15 3.970090000000000146e+04 2.787464900227444559e+03 3.259900000000000000e+04 4.742400000000000000e+04
4.177248169415655188e-02 9.899999999999985478e-01 1.443289932012703503e-15 3.785237000000000262e+04 2.324290914042387612e+03 3.221400000000000000e+04 4.369900000000000000e+04
4.594972986357220845e-02 9.899999999999985478e-01 1.443289932012703503e-15 3.760912000000000262e+04 2.802070207114732511e+03 3.101200000000000000e+04 4.510200000000000000e+04
5.054470284992943624e-02 9.899999999999985478e-01 1.443289932012703503e-15 3.725433000000000175e+04 2.825389849401317406e+03 3.113200000000000000e+04 4.589900000000000000e+04
5.559917313492238750e-02 9.899999999999985478e-01 1.443289932012703503e-15 3.687594000000000233e+04 2.894046626507596102e+03 3.135600000000000000e+04 4.994000000000000000e+04
6.115909044841463110e-02 9.899999999999985478e-01 1.443289932012703503e-15 3.530287999999999738e+04 2.698683402253773238e+03 2.821800000000000000e+04 4.215000000000000000e+04
6.727499949325610462e-02 9.899999999999985478e-01 1.443289932012703503e-15 3.464268000000000029e+04 2.268371305055678476e+03 2.840300000000000000e+04 4.096500000000000000e+04
7.400249944258172063e-02 9.899999999999985478e-01 1.443289932012703503e-15 3.434119000000000233e+04 2.621775889335317970e+03 2.870100000000000000e+04 4.422700000000000000e+04
8.140274938683990380e-02 9.899999999999985478e-01 1.443289932012703503e-15 3.384109999999999854e+04 2.580344552574326826e+03 2.837700000000000000e+04 4.116400000000000000e+04
8.954302432552389834e-02 9.899999999999985478e-01 1.443289932012703503e-15 3.296091999999999825e+04 2.353003292305388641e+03 2.637400000000000000e+04 3.830100000000000000e+04
9.849732675807629234e-02 9.899999999999985478e-01 1.443289932012703503e-15 3.257100000000000000e+04 2.687017908388405431e+03 2.777700000000000000e+04 3.933100000000000000e+04
1.083470594338839244e-01 9.899999999999985478e-01 1.443289932012703503e-15 3.175370000000000073e+04 2.373695917762003319e+03 2.636100000000000000e+04 3.903600000000000000e+04
1.191817653772723196e-01 9.899999999999985478e-01 1.443289932012703503e-15 3.096431000000000131e+04 2.299807051450186009e+03 2.721100000000000000e+04 3.846600000000000000e+04
1.310999419149995737e-01 9.899999999999985478e-01 1.443289932012703503e-15 3.064784999999999854e+04 2.236782239624590602e+03 2.587900000000000000e+04 3.787500000000000000e+04
1.442099361064995422e-01 9.899999999999985478e-01 1.443289932012703503e-15 3.022445000000000073e+04 2.562310915462836419e+03 2.623600000000000000e+04 4.422800000000000000e+04
1.586309297171495103e-01 9.899999999999985478e-01 1.443289932012703503e-15 2.976352000000000044e+04 3.113430659192524672e+03 2.450300000000000000e+04 4.282400000000000000e+04
1.744940226888644641e-01 9.899999999999985478e-01 1.443289932012703503e-15 2.906658000000000175e+04 2.191474321912077357e+03 2.416600000000000000e+04 3.497000000000000000e+04
1.919434249577509355e-01 9.899999999999985478e-01 1.443289932012703503e-15 2.825399000000000160e+04 2.099665947216366021e+03 2.402400000000000000e+04 3.721000000000000000e+04
2.111377674535260540e-01 9.899999999999985478e-01 1.443289932012703503e-15 2.793668000000000029e+04 2.056661848141302471e+03 2.431800000000000000e+04 3.510500000000000000e+04
2.322515441988786677e-01 9.899999999999985478e-01 1.443289932012703503e-15 2.731802999999999884e+04 2.009915980607150232e+03 2.369300000000000000e+04 3.344800000000000000e+04
2.554766986187665401e-01 9.899999999999985478e-01 1.443289932012703503e-15 2.701654000000000087e+04 1.984662875251109199e+03 2.434000000000000000e+04 3.519800000000000000e+04
2.810243684806432163e-01 9.899999999999985478e-01 1.443289932012703503e-15 2.675011999999999898e+04 1.909451032522174273e+03 2.323300000000000000e+04 3.375200000000000000e+04
3.091268053287075657e-01 9.899999999999985478e-01 1.443289932012703503e-15 2.598822000000000116e+04 1.857404676315853749e+03 2.253600000000000000e+04 3.271300000000000000e+04
3.400394858615783389e-01 9.899999999999985478e-01 1.443289932012703503e-15 2.579815999999999985e+04 1.851336283445014715e+03 2.253700000000000000e+04 3.237200000000000000e+04
3.740434344477361894e-01 9.899999999999985478e-01 1.443289932012703503e-15 2.555906999999999971e+04 2.069747546223934478e+03 2.245500000000000000e+04 3.746800000000000000e+04
4.114477778925098583e-01 9.899999999999985478e-01 1.443289932012703503e-15 2.527018999999999869e+04 2.094796141370324221e+03 2.254900000000000000e+04 3.409000000000000000e+04
4.525925556817608775e-01 9.899999999999985478e-01 1.443289932012703503e-15 2.502056000000000131e+04 1.675030897147870519e+03 2.200100000000000000e+04 2.947100000000000000e+04
4.978518112499369930e-01 9.899999999999985478e-01 1.443289932012703503e-15 2.497938000000000102e+04 2.356047973959782666e+03 2.137900000000000000e+04 3.451500000000000000e+04
5.476369923749306867e-01 9.899999999999985478e-01 1.443289932012703503e-15 2.469695000000000073e+04 2.025493408406948447e+03 2.106600000000000000e+04 3.385900000000000000e+04
6.024006916124238220e-01 9.899999999999985478e-01 1.443289932012703503e-15 2.421452999999999884e+04 1.818589043489485221e+03 2.081500000000000000e+04 3.157000000000000000e+04
6.626407607736662930e-01 9.899999999999985478e-01 1.443289932012703503e-15 2.445934999999999854e+04 2.756750537770873052e+03 2.081800000000000000e+04 4.397300000000000000e+04
7.289048368510330222e-01 9.899999999999985478e-01 1.443289932012703503e-15 2.430077000000000044e+04 2.198851717851842750e+03 2.121600000000000000e+04 3.353400000000000000e+04
8.017953205361363356e-01 9.899999999999985478e-01 1.443289932012703503e-15 2.434918000000000029e+04 2.137603505704460531e+03 2.101900000000000000e+04 3.200100000000000000e+04
8.819748525897500580e-01 9.899999999999985478e-01 1.443289932012703503e-15 2.408556000000000131e+04 2.052265345027294643e+03 2.085500000000000000e+04 3.102400000000000000e+04
9.701723378487251415e-01 9.899999999999985478e-01 1.443289932012703503e-15 2.398238999999999942e+04 1.950062306158446745e+03 2.071700000000000000e+04 3.041200000000000000e+04
9.801723378487251503e-01 9.899999999999985478e-01 1.443289932012703503e-15 2.392966999999999825e+04 1.818147893076908076e+03 2.117000000000000000e+04 2.945200000000000000e+04
9.901723378487251592e-01 9.899999999999985478e-01 1.443289932012703503e-15 2.362747000000000116e+04 1.743205131101902680e+03 2.069200000000000000e+04 2.941200000000000000e+04
1.000172337848725057e+00 9.899999999999985478e-01 1.443289932012703503e-15 2.379877000000000044e+04 1.632222594225431976e+03 2.099700000000000000e+04 3.004500000000000000e+04
