1.000000000000000021e-02 9.899999999999985478e-01 1.443289932012703503e-15 4.071783999999999651e+04 2.710201367869184651e+03 3.574500000000000000e+04 4.729800000000000000e+04
1.100000000000000110e-02 9.899999999999985478e-01 1.443289932012703503e-15 4.082416999999999825e+04 2.915348010289680133e+03 3.519100000000000000e+04 5.062800000000000000e+04
1.210000000000000138e-02 9.899999999999985478e-01 1.443289932012703503e-15 3.932761000000000058e+04 2.749984257754942064e+03 3.327700000000000000e+04 4.683600000000000000e+04
1.331000000000000238e-02 9.899999999999985478e-01 1.443289932012703503e-15 3.915440000000000146e+04 2.936763603016082016e+03 3.359400000000000000e+04 4.972100000000000000e+04
1.464100000000000297e-02 9.899999999999985478e-01 1.443289932012703503e-15 3.868380999999999767e+04 2.519707922339413471e+03 3.388200000000000000e+04 4.824300000000000000e+04
1.610510000000000413e-02 9.899999999999985478e-01 1.443289932012703503e-15 3.698020999999999913e+04 2.364515858669591580e+03 3.095400000000000000e+04 4.403700000000000000e+04
1.771561000000000663e-02 9.899999999999985478e-01 1.443289932012703503e-15 3.620898000000000320e+04 2.618332450167472871e+03 3.044000000000000000e+04 4.365000000000000000e+04
1.948717100000000799e-02 9.899999999999985478e-01 1.443289932012703503e-15 3.545708999999999651e+04 2.439118136109852458e+03 3.058800000000000000e+04 4.434800000000000000e+04
2.143588810000001191e-02 9.899999999999985478e-01 1.443289932012703503e-15 3.509851000000000204e+04 2.564381323029006580e+03 2.857300000000000000e+04 4.193900000000000000e+04
2.357947691000001483e-02 9.899999999999985478e-01 1.443289932012703503e-15 3.396409999999999854e+04 1.944313012351663247e+03 3.024400000000000000e+04 3.909400000000000000e+04
2.593742460100001770e-02 9.899999999999985478e-01 1.443289932012703503e-15 3.367759999999999854e+04 2.253633364147771317e+03 2.716700000000000000e+04 4.005700000000000000e+04
2.853116706110002052e-02 9.899999999999985478e-01 1.443289932012703503e-15 3.257186000000000058e+04 2.482193074762718425e+03 2.766800000000000000e+04 4.048000000000000000e+04
3.138428376721002361e-02 9.899999999999985478e-01 1.443289932012703503e-15 3.160515999999999985e+04 2.254575284704416845e+03 2.736800000000000000e+04 3.749800000000000000e+04
3.452271214393103083e-02 9.899999999999985478e-01 1.443289932012703503e-15 3.100700999999999840e+04 1.770942587973986292e+03 2.752000000000000000e+04 3.605100000000000000e+04
3.797498335832413807e-02 9.899999999999985478e-01 1.443289932012703503e-15 3.056640999999999985e+04 2.085263206863824507e+03 2.652500000000000000e+04 3.675000000000000000e+04
4.177248169415655188e-02 9.899999999999985478e-01 1.443289932012703503e-15 2.968065999999999985e+04 1.996517033335804399e+03 2.590700000000000000e+04 3.732300000000000000e+04
4.594972986357220845e-02 9.899999999999985478e-01 1.443289932012703503e-15 2.886740999999999985e+04 1.789978212688635040e+03 2.509600000000000000e+04 3.361200000000000000e+04
5.054470284992943624e-02 9.899999999999985478e-01 1.443289932012703503e-15 2.803636000000000058e+04 1.791458950241394632e+03 2.461500000000000000e+04 3.344800000000000000e+04
5.559917313492238750e-02 9.899999999999985478e-01 1.443289932012703503e-15 2.756956000000000131e+04 1.542720981383218032e+03 2.456700000000000000e+04 3.122200000000000000e+04
6.115909044841463110e-02 9.899999999999985478e-01 1.443289932012703503e-15 2.705915000000000146e+04 1.698069005517737878e+03 2.435200000000000000e+04 3.194900000000000000e+04
6.727499949325610462e-02 9.899999999999985478e-01 1.443289932012703503e-15 2.651247999999999956e+04 1.494341182461354720e+03 2.328400000000000000e+04 3.041500000000000000e+04
7.400249944258172063e-02 9.899999999999985478e-01 1.443289932012703503e-15 2.565672000000000116e+04 1.500405838964911482e+03 2.247300000000000000e+04 3.160400000000000000e+04
8.140274938683990380e-02 9.899999999999985478e-01 1.443289932012703503e-15 2.530822000000000116e+04 1.333326633499833861e+03 2.196400000000000000e+04 2.875500000000000000e+04
8.954302432552389834e-02 9.899999999999985478e-01 1.443289932012703503e-15 2.485688000000000102e+04 1.527122550943440274e+03 2.134000000000000000e+04 2.961800000000000000e+04
9.849732675807629234e-02 9.899999999999985478e-01 1.443289932012703503e-15 2.408193999999999869e+04 1.456722395104846328e+03 2.129300000000000000e+04 2.814500000000000000e+04
1.083470594338839244e-01 9.899999999999985478e-01 1.443289932012703503e-15 2.375365000000000146e+04 1.549586366583030895e+03 2.122600000000000000e+04 2.924800000000000000e+04
1.191817653772723196e-01 9.899999999999985478e-01 1.443289932012703503e-15 2.305620999999999913e+04 1.343473105759843520e+03 2.028500000000000000e+04 2.665800000000000000e+04
1.310999419149995737e-01 9.899999999999985478e-01 1.443289932012703503e-15 2.280727000000000044e+04 1.492304203941006108e+03 1.982100000000000000e+04 2.764900000000000000e+04
1.442099361064995422e-01 9.899999999999985478e-01 1.443289932012703503e-15 2.212818000000000029e+04 1.096797496167820327e+03 1.969500000000000000e+04 2.507900000000000000e+04
1.586309297171495103e-01 9.899999999999985478e-01 1.443289932012703503e-15 2.175738000000000102e+04 1.084048871407557954e+03 1.878200000000000000e+04 2.430000000000000000e+04
1.744940226888644641e-01 9.899999999999985478e-01 1.443289932012703503e-15 2.102895999999999913e+04 1.005996927629503034e+03 1.874000000000000000e+04 2.401400000000000000e+04
1.919434249577509355e-01 9.899999999999985478e-01 1.443289932012703503e-15 2.087609000000000015e+04 8.792697435372151631e+02 1.883500000000000000e+04 2.313700000000000000e+04
2.111377674535260540e-01 9.899999999999985478e-01 1.443289932012703503e-15 2.034675999999999840e+04 9.353812818311045021e+02 1.775600000000000000e+04 2.322000000000000000e+04
2.322515441988786677e-01 9.899999999999985478e-01 1.443289932012703503e-15 1.991495999999999913e+04 8.209781107922425463e+02 1.821900000000000000e+04 2.245800000000000000e+04
2.554766986187665401e-01 9.899999999999985478e-01 1.443289932012703503e-15 1.972284000000000015e+04 9.525730598751993057e+02 1.801000000000000000e+04 2.238400000000000000e+04
2.810243684806432163e-01 9.899999999999985478e-01 1.443289932012703503e-15 1.935431999999999971e+04 9.512031841830637404e+02 1.757500000000000000e+04 2.305700000000000000e+04
3.091268053287075657e-01 9.899999999999985478e-01 1.443289932012703503e-15 1.888815000000000146e+04 9.977213375988305870e+02 1.715300000000000000e+04 2.266000000000000000e+04
3.400394858615783389e-01 9.899999999999985478e-01 1.443289932012703503e-15 1.861870999999999913e+04 8.843577816133016540e+02 1.655600000000000000e+04 2.099500000000000000e+04
3.740434344477361894e-01 9.899999999999985478e-01 1.443289932012703503e-15 1.833579999999999927e+04 6.900616059454403057e+02 1.681300000000000000e+04 2.039900000000000000e+04
4.114477778925098583e-01 9.899999999999985478e-01 1.443289932012703503e-15 1.822115000000000146e+04 8.337855644588722726e+02 1.657700000000000000e+04 2.102300000000000000e+04
4.525925556817608775e-01 9.899999999999985478e-01 1.443289932012703503e-15 1.789565999999999985e+04 7.119550718970964454e+02 1.663400000000000000e+04 2.095700000000000000e+04
4.978518112499369930e-01 9.899999999999985478e-01 1.443289932012703503e-15 1.773365999999999985e+04 7.495642363400218073e+02 1.612100000000000000e+04 1.969900000000000000e+04
5.476369923749306867e-01 9.899999999999985478e-01 1.443289932012703503e-15 1.760986000000000058e+04 7.068822818546240114e+02 1.608200000000000000e+04 1.987000000000000000e+04
6.024006916124238220e-01 9.899999999999985478e-01 1.443289932012703503e-15 1.758806999999999971e+04 7.398124661696367639e+02 1.610200000000000000e+04 1.957900000000000000e+04
6.626407607736662930e-01 9.899999999999985478e-01 1.443289932012703503e-15 1.720381999999999971e+04 7.099316217777595739e+02 1.580600000000000000e+04 1.907100000000000000e+04
7.289048368510330222e-01 9.899999999999985478e-01 1.443289932012703503e-15 1.719183000000000175e+04 7.022065373520812273e+02 1.592900000000000000e+04 1.894100000000000000e+04
8.017953205361363356e-01 9.899999999999985478e-01 1.443289932012703503e-15 1.719227000000000044e+04 6.862900386134131168e+02 1.566300000000000000e+04 1.964700000000000000e+04
8.819748525897500580e-01 9.899999999999985478e-01 1.443289932012703503e-15 1.714008000000000175e+04 8.024417446768331956e+02 1.545200000000000000e+04 2.058400000000000000e+04
9.701723378487251415e-01 9.899999999999985478e-01 1.443289932012703503e-15 1.710329999999999927e+04 7.079759529814556345e+02 1.554300000000000000e+04 1.961100000000000000e+04
9.801723378487251503e-01 9.899999999999985478e-01 1.443289932012703503e-15 1.720077000000000044e+04 6.565389379922563649e+02 1.543500000000000000e+04 1.894800000000000000e+04
9.901723378487251592e-01 9.899999999999985478e-01 1.443289932012703503e-15 1.704638999999999942e+04 6.389911720047467725e+02 1.561200000000000000e+04 1.916000000000000000e+04
1.000172337848725057e+00 9.899999999999985478e-01 1.443289932012703503e-15 1.711820999999999913e+04 7.339462009575361208e+02 1.568200000000000000e+04 1.872600000000000000e+04
