1.000000000000000021e-02 1.854959999999999942e-01 1.476101568321096062e-02 3.000000000000000000e+07 0.000000000000000000e+00 3.000000000000000000e+07 3.000000000000000000e+07
1.100000000000000110e-02 1.841529999999999001e-01 1.508057992916717570e-02 3.000000000000000000e+07 0.000000000000000000e+00 3.000000000000000000e+07 3.000000000000000000e+07
1.210000000000000138e-02 1.874410000000000798e-01 1.818407047390655298e-02 3.000000000000000000e+07 0.000000000000000000e+00 3.000000000000000000e+07 3.000000000000000000e+07
1.331000000000000238e-02 1.858629999999999172e-01 1.523783222771532726e-02 3.000000000000000000e+07 0.000000000000000000e+00 3.000000000000000000e+07 3.000000000000000000e+07
1.464100000000000297e-02 1.832929999999999560e-01 1.629329466375662935e-02 3.000000000000000000e+07 0.000000000000000000e+00 3.000000000000000000e+07 3.000000000000000000e+07
1.610510000000000413e-02 1.895639999999999825e-01 1.445121808014812603e-02 3.000000000000000000e+07 0.000000000000000000e+00 3.000000000000000000e+07 3.000000000000000000e+07
1.771561000000000663e-02 1.846640000000000781e-01 1.612542414946038088e-02 3.000000000000000000e+07 0.000000000000000000e+00 3.000000000000000000e+07 3.000000000000000000e+07
1.948717100000000799e-02 1.867919999999999858e-01 1.565490772888808793e-02 3.000000000000000000e+07 0.000000000000000000e+00 3.000000000000000000e+07 3.000000000000000000e+07
2.143588810000001191e-02 1.833890000000000520e-01 1.684948601589970896e-02 3.000000000000000000e+07 0.000000000000000000e+00 3.000000000000000000e+07 3.000000000000000000e+07
2.357947691000001483e-02 1.887799999999999756e-01 1.724227363197789256e-02 3.000000000000000000e+07 0.000000000000000000e+00 3.000000000000000000e+07 3.000000000000000000e+07
2.593742460100001770e-02 1.886089999999999989e-01 1.480021009986006407e-02 3.000000000000000000e+07 0.000000000000000000e+00 3.000000000000000000e+07 3.000000000000000000e+07
2.853116706110002052e-02 1.843129999999999769e-01 1.449610054462923889e-02 3.000000000000000000e+07 0.000000000000000000e+00 3.000000000000000000e+07 3.000000000000000000e+07
3.138428376721002361e-02 1.855609999999999760e-01 1.628513982132177504e-02 3.000000000000000000e+07 0.000000000000000000e+00 3.000000000000000000e+07 3.000000000000000000e+07
3.452271214393103083e-02 1.859300000000000397e-01 1.586459265156215520e-02 3.000000000000000000e+07 0.000000000000000000e+00 3.000000000000000000e+07 3.000000000000000000e+07
3.797498335832413807e-02 1.868940000000000046e-01 1.405506897884176674e-02 3.000000000000000000e+07 0.000000000000000000e+00 3.000000000000000000e+07 3.000000000000000000e+07
4.177248169415655188e-02 1.837640000000000384e-01 1.497279880316302637e-02 3.000000000000000000e+07 0.000000000000000000e+00 3.000000000000000000e+07 3.000000000000000000e+07
4.594972986357220845e-02 1.858350000000000002e-01 1.707384183480683409e-02 3.000000000000000000e+07 0.000000000000000000e+00 3.000000000000000000e+07 3.000000000000000000e+07
5.054470284992943624e-02 1.882130000000000469e-01 1.643367673407262683e-02 3.000000000000000000e+07 0.000000000000000000e+00 3.000000000000000000e+07 3.000000000000000000e+07
5.559917313492238750e-02 1.878120000000000067e-01 1.408062697467694219e-02 3.000000000000000000e+07 0.000000000000000000e+00 3.000000000000000000e+07 3.000000000000000000e+07
6.115909044841463110e-02 1.838300000000000212e-01 1.540596962219515156e-02 3.000000000000000000e+07 0.000000000000000000e+00 3.000000000000000000e+07 3.000000000000000000e+07
6.727499949325610462e-02 1.853980000000000350e-01 1.560467224904131534e-02 3.000000000000000000e+07 0.000000000000000000e+00 3.000000000000000000e+07 3.000000000000000000e+07
7.400249944258172063e-02 1.848580000000000501e-01 1.487988024145356358e-02 3.000000000000000000e+07 0.000000000000000000e+00 3.000000000000000000e+07 3.000000000000000000e+07
8.140274938683990380e-02 1.877110000000000722e-01 1.779904994655613984e-02 3.000000000000000000e+07 0.000000000000000000e+00 3.000000000000000000e+07 3.000000000000000000e+07
8.954302432552389834e-02 1.848019999999998830e-01 1.605883544968314883e-02 3.000000000000000000e+07 0.000000000000000000e+00 3.000000000000000000e+07 3.000000000000000000e+07
9.849732675807629234e-02 1.866010000000000446e-01 1.589677008074281972e-02 3.000000000000000000e+07 0.000000000000000000e+00 3.000000000000000000e+07 3.000000000000000000e+07
1.083470594338839244e-01 1.873989999999999545e-01 1.653264948518536059e-02 3.000000000000000000e+07 0.000000000000000000e+00 3.000000000000000000e+07 3.000000000000000000e+07
1.191817653772723196e-01 1.846309999999999341e-01 1.526135442875238730e-02 3.000000000000000000e+07 0.000000000000000000e+00 3.000000000000000000e+07 3.000000000000000000e+07
1.310999419149995737e-01 1.853850000000001053e-01 1.416922986615715835e-02 3.000000000000000000e+07 0.000000000000000000e+00 3.000000000000000000e+07 3.000000000000000000e+07
1.442099361064995422e-01 1.884429999999999716e-01 1.340705974477625871e-02 3.000000000000000000e+07 0.000000000000000000e+00 3.000000000000000000e+07 3.000000000000000000e+07
1.586309297171495103e-01 1.890249999999999986e-01 1.456645032257344700e-02 3.000000000000000000e+07 0.000000000000000000e+00 3.000000000000000000e+07 3.000000000000000000e+07
1.744940226888644641e-01 1.889019999999999588e-01 1.712752743392928489e-02 3.000000000000000000e+07 0.000000000000000000e+00 3.000000000000000000e+07 3.000000000000000000e+07
1.919434249577509355e-01 1.876429999999999765e-01 1.444816427785897486e-02 3.000000000000000000e+07 0.000000000000000000e+00 3.000000000000000000e+07 3.000000000000000000e+07
2.111377674535260540e-01 1.900320000000000065e-01 1.586901307580278891e-02 3.000000000000000000e+07 0.000000000000000000e+00 3.000000000000000000e+07 3.000000000000000000e+07
2.322515441988786677e-01 1.888790000000000469e-01 1.755570730560292517e-02 3.000000000000000000e+07 0.000000000000000000e+00 3.000000000000000000e+07 3.000000000000000000e+07
2.554766986187665401e-01 1.919990000000000585e-01 1.748867916682103271e-02 3.000000000000000000e+07 0.000000000000000000e+00 3.000000000000000000e+07 3.000000000000000000e+07
2.810243684806432163e-01 1.919410000000000005e-01 1.466956778504397221e-02 3.000000000000000000e+07 0.000000000000000000e+00 3.000000000000000000e+07 3.000000000000000000e+07
3.091268053287075657e-01 1.968499999999999417e-01 1.625564209743805485e-02 3.000000000000000000e+07 0.000000000000000000e+00 3.000000000000000000e+07 3.000000000000000000e+07
3.400394858615783389e-01 1.939419999999999478e-01 1.454292391508667757e-02 3.000000000000000000e+07 0.000000000000000000e+00 3.000000000000000000e+07 3.000000000000000000e+07
3.740434344477361894e-01 1.969850000000001045e-01 1.562834204258404386e-02 3.000000000000000000e+07 0.000000000000000000e+00 3.000000000000000000e+07 3.000000000000000000e+07
4.114477778925098583e-01 1.988770000000000537e-01 1.827888319892656543e-02 3.000000000000000000e+07 0.000000000000000000e+00 3.000000000000000000e+07 3.000000000000000000e+07
4.525925556817608775e-01 2.025239999999999818e-01 1.735206108795147792e-02 3.000000000000000000e+07 0.000000000000000000e+00 3.000000000000000000e+07 3.000000000000000000e+07
4.978518112499369930e-01 2.085269999999999901e-01 1.790466338695033410e-02 3.000000000000000000e+07 0.000000000000000000e+00 3.000000000000000000e+07 3.000000000000000000e+07
5.476369923749306867e-01 2.118169999999999498e-01 1.843040452621700145e-02 3.000000000000000000e+07 0.000000000000000000e+00 3.000000000000000000e+07 3.000000000000000000e+07
6.024006916124238220e-01 2.183140000000000081e-01 1.751222441610431405e-02 3.000000000000000000e+07 0.000000000000000000e+00 3.000000000000000000e+07 3.000000000000000000e+07
6.626407607736662930e-01 2.234399999999999442e-01 1.700606950473860374e-02 3.000000000000000000e+07 0.000000000000000000e+00 3.000000000000000000e+07 3.000000000000000000e+07
7.289048368510330222e-01 2.305970000000000242e-01 2.253974469686823717e-02 3.000000000000000000e+07 0.000000000000000000e+00 3.000000000000000000e+07 3.000000000000000000e+07
8.017953205361363356e-01 2.366530000000000300e-01 2.235527434410054456e-02 3.000000000000000000e+07 0.000000000000000000e+00 3.000000000000000000e+07 3.000000000000000000e+07
8.819748525897500580e-01 2.354679999999999274e-01 2.497801385218609282e-02 3.000000000000000000e+07 0.000000000000000000e+00 3.000000000000000000e+07 3.000000000000000000e+07
9.701723378487251415e-01 2.428519999999999290e-01 1.975453102455231730e-02 3.000000000000000000e+07 0.000000000000000000e+00 3.000000000000000000e+07 3.000000000000000000e+07
9.801723378487251503e-01 2.412000000000001088e-01 2.173115735528138165e-02 3.000000000000000000e+07 0.000000000000000000e+00 3.000000000000000000e+07 3.000000000000000000e+07
9.901723378487251592e-01 2.404470000000000496e-01 1.988281899027399130e-02 3.000000000000000000e+07 0.000000000000000000e+00 3.000000000000000000e+07 3.000000000000000000e+07
1.000172337848725057e+00 2.441120000000000789e-01 1.948587837383780608e-02 3.000000000000000000e+07 0.000000000000000000e+00 3.000000000000000000e+07 3.000000000000000000e+07
