1.000000000000000021e-02 9.899999999999985478e-01 1.443289932012703503e-15 4.131388999999999942e+04 2.737619998812837366e+03 3.283900000000000000e+04 5.024900000000000000e+04
1.100000000000000110e-02 9.899999999999985478e-01 1.443289932012703503e-15 4.047979000000000087e+04 2.834435884951359185e+03 3.278400000000000000e+04 4.751400000000000000e+04
1.210000000000000138e-02 9.899999999999985478e-01 1.443289932012703503e-15 4.009005999999999767e+04 2.989512909555669466e+03 3.333800000000000000e+04 4.881200000000000000e+04
1.331000000000000238e-02 9.899999999999985478e-01 1.443289932012703503e-15 3.892841999999999825e+04 2.600190009133948024e+03 3.358400000000000000e+04 4.528800000000000000e+04
1.464100000000000297e-02 9.899999999999985478e-01 1.443289932012703503e-15 3.820247000000000116e+04 2.727799979672262452e+03 3.203500000000000000e+04 4.486500000000000000e+04
1.610510000000000413e-02 9.899999999999985478e-01 1.443289932012703503e-15 3.739283000000000175e+04 2.281424270296955910e+03 3.271500000000000000e+04 4.408400000000000000e+04
1.771561000000000663e-02 9.899999999999985478e-01 1.443289932012703503e-15 3.678223999999999796e+04 2.761477782347705670e+03 3.144900000000000000e+04 4.373000000000000000e+04
1.948717100000000799e-02 9.899999999999985478e-01 1.443289932012703503e-15 3.598906999999999971e+04 2.566197487548455229e+03 3.051300000000000000e+04 4.400200000000000000e+04
2.143588810000001191e-02 9.899999999999985478e-01 1.443289932012703503e-15 3.495558000000000175e+04 2.378561069974870406e+03 2.971900000000000000e+04 4.296100000000000000e+04
2.357947691000001483e-02 9.899999999999985478e-01 1.443289932012703503e-15 3.425933999999999651e+04 2.443364013895595690e+03 2.840100000000000000e+04 3.996400000000000000e+04
2.593742460100001770e-02 9.899999999999985478e-01 1.443289932012703503e-15 3.341794999999999709e+04 2.228350463347271671e+03 2.866300000000000000e+04 4.077900000000000000e+04
2.853116706110002052e-02 9.899999999999985478e-01 1.443289932012703503e-15 3.292838999999999942e+04 2.131734302838888198e+03 2.784500000000000000e+04 3.701600000000000000e+04
3.138428376721002361e-02 9.899999999999985478e-01 1.443289932012703503e-15 3.219461999999999898e+04 2.105793692553949768e+03 2.802700000000000000e+04 3.832300000000000000e+04
3.452271214393103083e-02 9.899999999999985478e-01 1.443289932012703503e-15 3.083040000000000146e+04 1.929387757813343342e+03 2.668200000000000000e+04 3.616400000000000000e+04
3.797498335832413807e-02 9.899999999999985478e-01 1.443289932012703503e-15 3.085238000000000102e+04 1.970135557671095967e+03 2.538500000000000000e+04 3.688100000000000000e+04
4.177248169415655188e-02 9.899999999999985478e-01 1.443289932012703503e-15 2.993181999999999971e+04 1.675455134463468767e+03 2.650500000000000000e+04 3.515600000000000000e+04
4.594972986357220845e-02 9.899999999999985478e-01 1.443289932012703503e-15 2.910922999999999956e+04 1.843980102143187651e+03 2.421900000000000000e+04 3.405900000000000000e+04
5.054470284992943624e-02 9.899999999999985478e-01 1.443289932012703503e-15 2.851952999999999884e+04 1.372591690598482501e+03 2.557200000000000000e+04 3.133100000000000000e+04
5.559917313492238750e-02 9.899999999999985478e-01 1.443289932012703503e-15 2.803445999999999913e+04 1.601745388131334721e+03 2.492600000000000000e+04 3.272300000000000000e+04
6.115909044841463110e-02 9.899999999999985478e-01 1.443289932012703503e-15 2.730338000000000102e+04 1.744591538326378441e+03 2.404500000000000000e+04 3.432200000000000000e+04
6.727499949325610462e-02 9.899999999999985478e-01 1.443289932012703503e-15 2.654779000000000087e+04 1.513113031435523908e+03 2.316800000000000000e+04 2.973500000000000000e+04
7.400249944258172063e-02 9.899999999999985478e-01 1.443289932012703503e-15 2.617070999999999913e+04 1.537046793659841569e+03 2.327000000000000000e+04 3.016200000000000000e+04
8.140274938683990380e-02 9.899999999999985478e-01 1.443289932012703503e-15 2.559715000000000146e+04 1.419109871539198593e+03 2.090400000000000000e+04 2.903900000000000000e+04
8.954302432552389834e-02 9.899999999999985478e-01 1.443289932012703503e-15 2.490506000000000131e+04 1.273773196609192382e+03 2.180600000000000000e+04 2.801700000000000000e+04
9.849732675807629234e-02 9.899999999999985478e-01 1.443289932012703503e-15 2.411593999999999869e+04 1.459293759460376805e+03 2.144900000000000000e+04 2.925100000000000000e+04
1.083470594338839244e-01 9.899999999999985478e-01 1.443289932012703503e-15 2.384934000000000015e+04 1.220001714916827495e+03 2.010100000000000000e+04 2.691400000000000000e+04
1.191817653772723196e-01 9.899999999999985478e-01 1.443289932012703503e-15 2.320836000000000058e+04 1.105254654095607066e+03 2.110000000000000000e+04 2.609800000000000000e+04
1.310999419149995737e-01 9.899999999999985478e-01 1.443289932012703503e-15 2.272718000000000029e+04 1.166411045729591933e+03 1.987700000000000000e+04 2.575800000000000000e+04
1.442099361064995422e-01 9.899999999999985478e-01 1.443289932012703503e-15 2.232549000000000160e+04 1.005185082410200039e+03 2.002900000000000000e+04 2.550900000000000000e+04
1.586309297171495103e-01 9.899999999999985478e-01 1.443289932012703503e-15 2.187715000000000146e+04 9.670575512863752010e+02 1.945000000000000000e+04 2.583800000000000000e+04
1.744940226888644641e-01 9.899999999999985478e-01 1.443289932012703503e-15 2.175972000000000116e+04 1.064922927539829061e+03 1.971800000000000000e+04 2.447300000000000000e+04
1.919434249577509355e-01 9.899999999999985478e-01 1.443289932012703503e-15 2.100736999999999898e+04 1.061201674094043256e+03 1.887000000000000000e+04 2.451600000000000000e+04
2.111377674535260540e-01 9.899999999999985478e-01 1.443289932012703503e-15 2.067061000000000058e+04 9.249756525984889777e+02 1.877700000000000000e+04 2.314900000000000000e+04
2.322515441988786677e-01 9.899999999999985478e-01 1.443289932012703503e-15 2.020249000000000160e+04 1.004146060043059606e+03 1.806400000000000000e+04 2.392900000000000000e+04
2.554766986187665401e-01 9.899999999999985478e-01 1.443289932012703503e-15 1.976797999999999956e+04 9.296694033902590490e+02 1.818300000000000000e+04 2.378800000000000000e+04
2.810243684806432163e-01 9.899999999999985478e-01 1.443289932012703503e-15 1.944331000000000131e+04 8.333012743900012538e+02 1.770700000000000000e+04 2.206000000000000000e+04
3.091268053287075657e-01 9.899999999999985478e-01 1.443289932012703503e-15 1.916947000000000116e+04 9.058146438979664481e+02 1.725900000000000000e+04 2.195300000000000000e+04
3.400394858615783389e-01 9.899999999999985478e-01 1.443289932012703503e-15 1.876345000000000073e+04 7.191971131059967774e+02 1.750000000000000000e+04 2.048800000000000000e+04
3.740434344477361894e-01 9.899999999999985478e-01 1.443289932012703503e-15 1.847134000000000015e+04 7.868223080213218736e+02 1.653400000000000000e+04 2.111800000000000000e+04
4.114477778925098583e-01 9.899999999999985478e-01 1.443289932012703503e-15 1.837972999999999956e+04 7.350462414705621086e+02 1.660700000000000000e+04 2.067000000000000000e+04
4.525925556817608775e-01 9.899999999999985478e-01 1.443289932012703503e-15 1.800193000000000029e+04 7.225201485771866601e+02 1.649700000000000000e+04 2.079900000000000000e+04
4.978518112499369930e-01 9.899999999999985478e-01 1.443289932012703503e-15 1.789479000000000087e+04 8.723648697076241660e+02 1.617200000000000000e+04 2.207300000000000000e+04
5.476369923749306867e-01 9.899999999999985478e-01 1.443289932012703503e-15 1.767604999999999927e+04 7.851281853939520943e+02 1.583500000000000000e+04 1.980800000000000000e+04
6.024006916124238220e-01 9.899999999999985478e-01 1.443289932012703503e-15 1.755031999999999971e+04 7.235966124851607901e+02 1.615100000000000000e+04 2.031000000000000000e+04
6.626407607736662930e-01 9.899999999999985478e-01 1.443289932012703503e-15 1.755234999999999854e+04 7.006196168392662003e+02 1.604600000000000000e+04 1.933700000000000000e+04
7.289048368510330222e-01 9.899999999999985478e-01 1.443289932012703503e-15 1.731027999999999884e+04 6.652931546318508254e+02 1.563000000000000000e+04 1.938000000000000000e+04
8.017953205361363356e-01 9.899999999999985478e-01 1.443289932012703503e-15 1.726031000000000131e+04 6.588300189730279044e+02 1.554600000000000000e+04 1.890100000000000000e+04
8.819748525897500580e-01 9.899999999999985478e-01 1.443289932012703503e-15 1.726977999999999884e+04 6.634190015367362321e+02 1.564600000000000000e+04 1.947700000000000000e+04
9.701723378487251415e-01 9.899999999999985478e-01 1.443289932012703503e-15 1.727377000000000044e+04 6.935574360498198985e+02 1.587000000000000000e+04 1.945100000000000000e+04
9.801723378487251503e-01 9.899999999999985478e-01 1.443289932012703503e-15 1.730140000000000146e+04 6.811893569338852785e+02 1.595300000000000000e+04 1.917800000000000000e+04
9.901723378487251592e-01 9.899999999999985478e-01 1.443289932012703503e-15 1.722213999999999942e+04 5.935986863193011231e+02 1.594800000000000000e+04 1.931000000000000000e+04
1.000172337848725057e+00 9.899999999999985478e-01 1.443289932012703503e-15 1.719529000000000087e+04 7.366022983265797848e+02 1.558500000000000000e+04 1.883800000000000000e+04
