1.000000000000000021e-02 7.252410000000001356e-01 4.148972207896792219e-01 9.696134699999999255e+06 1.297959202441061847e+07 7.102990000000000000e+05 3.000000000000000000e+07
1.100000000000000110e-02 7.172959999999997116e-01 4.170906126778687883e-01 1.000514274000000022e+07 1.309318267067086883e+07 7.638230000000000000e+05 3.000000000000000000e+07
1.210000000000000138e-02 6.745030000000002968e-01 4.308797506161083368e-01 1.150809268999999948e+07 1.357394254649707675e+07 8.372210000000000000e+05 3.000000000000000000e+07
1.331000000000000238e-02 6.346960000000003710e-01 4.365812322855850414e-01 1.290195260999999940e+07 1.396437199246882461e+07 8.618470000000000000e+05 3.000000000000000000e+07
1.464100000000000297e-02 5.858050000000003532e-01 4.488593428625499149e-01 1.441830883000000007e+07 1.409750957044266723e+07 8.150920000000000000e+05 3.000000000000000000e+07
1.610510000000000413e-02 4.999180000000000290e-01 4.543576770298922707e-01 1.700263519999999925e+07 1.408544495667616650e+07 9.458560000000000000e+05 3.000000000000000000e+07
1.771561000000000663e-02 3.929949999999997612e-01 4.303237830692139276e-01 2.038128485000000149e+07 1.340477273052044772e+07 8.532560000000000000e+05 3.000000000000000000e+07
1.948717100000000799e-02 4.514749999999999597e-01 4.423155266040295075e-01 1.869677894000000134e+07 1.384655251532485895e+07 1.035179000000000000e+06 3.000000000000000000e+07
2.143588810000001191e-02 2.837489999999999180e-01 3.777283599347551202e-01 2.383104955000000075e+07 1.161836118248989992e+07 8.535540000000000000e+05 3.000000000000000000e+07
2.357947691000001483e-02 2.764689999999999093e-01 3.717774174677638266e-01 2.407135262999999896e+07 1.150064532035527192e+07 9.195250000000000000e+05 3.000000000000000000e+07
2.593742460100001770e-02 1.977799999999999558e-01 2.959203899700053042e-01 2.663074919999999925e+07 9.125043128605104983e+06 1.371252000000000000e+06 3.000000000000000000e+07
2.853116706110002052e-02 1.745709999999999762e-01 2.758141168595255599e-01 2.720544401999999955e+07 8.385152758393808268e+06 1.319269000000000000e+06 3.000000000000000000e+07
3.138428376721002361e-02 1.286970000000000336e-01 2.217370331969832076e-01 2.831552139000000060e+07 6.667637571989149787e+06 1.500623000000000000e+06 3.000000000000000000e+07
3.452271214393103083e-02 7.750900000000000845e-02 9.983696819815791879e-02 2.972541044000000134e+07 2.732131625606344547e+06 2.541044000000000000e+06 3.000000000000000000e+07
3.797498335832413807e-02 6.683799999999999464e-02 3.244289993203443995e-02 3.000000000000000000e+07 0.000000000000000000e+00 3.000000000000000000e+07 3.000000000000000000e+07
4.177248169415655188e-02 6.617299999999999571e-02 3.942084690871063696e-02 3.000000000000000000e+07 0.000000000000000000e+00 3.000000000000000000e+07 3.000000000000000000e+07
4.594972986357220845e-02 5.420099999999999918e-02 2.725603234148360129e-02 3.000000000000000000e+07 0.000000000000000000e+00 3.000000000000000000e+07 3.000000000000000000e+07
5.054470284992943624e-02 5.282599999999999796e-02 2.056093198276770506e-02 3.000000000000000000e+07 0.000000000000000000e+00 3.000000000000000000e+07 3.000000000000000000e+07
5.559917313492238750e-02 4.853900000000001963e-02 1.941585895601840098e-02 3.000000000000000000e+07 0.000000000000000000e+00 3.000000000000000000e+07 3.000000000000000000e+07
6.115909044841463110e-02 4.512299999999999645e-02 1.942053992555304795e-02 3.000000000000000000e+07 0.000000000000000000e+00 3.000000000000000000e+07 3.000000000000000000e+07
6.727499949325610462e-02 4.326000000000001372e-02 1.581061036139971496e-02 3.000000000000000000e+07 0.000000000000000000e+00 3.000000000000000000e+07 3.000000000000000000e+07
7.400249944258172063e-02 3.989400000000002666e-02 1.323449900827379684e-02 3.000000000000000000e+07 0.000000000000000000e+00 3.000000000000000000e+07 3.000000000000000000e+07
8.140274938683990380e-02 3.674299999999999788e-02 1.297606454207129827e-02 3.000000000000000000e+07 0.000000000000000000e+00 3.000000000000000000e+07 3.000000000000000000e+07
8.954302432552389834e-02 3.345599999999999963e-02 9.693093623812780793e-03 3.000000000000000000e+07 0.000000000000000000e+00 3.000000000000000000e+07 3.000000000000000000e+07
9.849732675807629234e-02 3.199699999999999767e-02 1.090270108734527933e-02 3.000000000000000000e+07 0.000000000000000000e+00 3.000000000000000000e+07 3.000000000000000000e+07
1.083470594338839244e-01 3.053799999999998530e-02 8.735282250734660928e-03 3.000000000000000000e+07 0.000000000000000000e+00 3.000000000000000000e+07 3.000000000000000000e+07
1.191817653772723196e-01 2.706100000000000519e-02 7.389815897571472975e-03 3.000000000000000000e+07 0.000000000000000000e+00 3.000000000000000000e+07 3.000000000000000000e+07
1.310999419149995737e-01 2.760999999999999219e-02 7.329113179641855158e-03 3.000000000000000000e+07 0.000000000000000000e+00 3.000000000000000000e+07 3.000000000000000000e+07
1.442099361064995422e-01 2.448300000000000476e-02 7.531388384620727600e-03 3.000000000000000000e+07 0.000000000000000000e+00 3.000000000000000000e+07 3.000000000000000000e+07
1.586309297171495103e-01 2.271999999999999367e-02 5.123826694961492595e-03 3.000000000000000000e+07 0.000000000000000000e+00 3.000000000000000000e+07 3.000000000000000000e+07
1.744940226888644641e-01 2.257999999999999938e-02 5.335466240170582720e-03 3.000000000000000000e+07 0.000000000000000000e+00 3.000000000000000000e+07 3.000000000000000000e+07
1.919434249577509355e-01 2.117500000000000285e-02 4.870469689875908670e-03 3.000000000000000000e+07 0.000000000000000000e+00 3.000000000000000000e+07 3.000000000000000000e+07
2.111377674535260540e-01 1.901999999999999177e-02 4.091112318184391208e-03 3.000000000000000000e+07 0.000000000000000000e+00 3.000000000000000000e+07 3.000000000000000000e+07
2.322515441988786677e-01 1.810100000000000250e-02 4.349930918991707501e-03 3.000000000000000000e+07 0.000000000000000000e+00 3.000000000000000000e+07 3.000000000000000000e+07
2.554766986187665401e-01 1.691199999999999648e-02 4.282248941852869785e-03 3.000000000000000000e+07 0.000000000000000000e+00 3.000000000000000000e+07 3.000000000000000000e+07
2.810243684806432163e-01 1.577600000000000183e-02 3.969360653808117791e-03 3.000000000000000000e+07 0.000000000000000000e+00 3.000000000000000000e+07 3.000000000000000000e+07
3.091268053287075657e-01 1.476499999999999688e-02 3.029599808555580569e-03 3.000000000000000000e+07 0.000000000000000000e+00 3.000000000000000000e+07 3.000000000000000000e+07
3.400394858615783389e-01 1.408299999999999136e-02 2.939967856967148647e-03 3.000000000000000000e+07 0.000000000000000000e+00 3.000000000000000000e+07 3.000000000000000000e+07
3.740434344477361894e-01 1.382200000000000616e-02 2.562131144184463458e-03 3.000000000000000000e+07 0.000000000000000000e+00 3.000000000000000000e+07 3.000000000000000000e+07
4.114477778925098583e-01 1.290100000000000621e-02 2.315663835706731170e-03 3.000000000000000000e+07 0.000000000000000000e+00 3.000000000000000000e+07 3.000000000000000000e+07
4.525925556817608775e-01 1.217400000000000079e-02 2.033402075340729441e-03 3.000000000000000000e+07 0.000000000000000000e+00 3.000000000000000000e+07 3.000000000000000000e+07
4.978518112499369930e-01 1.223999999999999394e-02 2.279605228981539979e-03 3.000000000000000000e+07 0.000000000000000000e+00 3.000000000000000000e+07 3.000000000000000000e+07
5.476369923749306867e-01 1.141499999999999806e-02 1.807615833079578242e-03 3.000000000000000000e+07 0.000000000000000000e+00 3.000000000000000000e+07 3.000000000000000000e+07
6.024006916124238220e-01 1.093699999999999881e-02 1.953184835083455247e-03 3.000000000000000000e+07 0.000000000000000000e+00 3.000000000000000000e+07 3.000000000000000000e+07
6.626407607736662930e-01 1.123700000000000740e-02 2.089193863670862298e-03 3.000000000000000000e+07 0.000000000000000000e+00 3.000000000000000000e+07 3.000000000000000000e+07
7.289048368510330222e-01 1.079399999999999457e-02 2.310922759418842024e-03 3.000000000000000000e+07 0.000000000000000000e+00 3.000000000000000000e+07 3.000000000000000000e+07
8.017953205361363356e-01 1.140400000000000441e-02 1.909812556247334533e-03 3.000000000000000000e+07 0.000000000000000000e+00 3.000000000000000000e+07 3.000000000000000000e+07
8.819748525897500580e-01 1.175200000000000203e-02 2.037227527793593514e-03 3.000000000000000000e+07 0.000000000000000000e+00 3.000000000000000000e+07 3.000000000000000000e+07
9.701723378487251415e-01 1.129000000000000836e-02 2.036835781303926798e-03 3.000000000000000000e+07 0.000000000000000000e+00 3.000000000000000000e+07 3.000000000000000000e+07
9.801723378487251503e-01 1.155400000000000177e-02 2.186340321175998282e-03 3.000000000000000000e+07 0.000000000000000000e+00 3.000000000000000000e+07 3.000000000000000000e+07
9.901723378487251592e-01 1.099299999999999583e-02 1.820508445462415198e-03 3.000000000000000000e+07 0.000000000000000000e+00 3.000000000000000000e+07 3.000000000000000000e+07
1.000172337848725057e+00 1.131000000000000408e-02 1.888147240021282973e-03 3.000000000000000000e+07 0.000000000000000000e+00 3.000000000000000000e+07 3.000000000000000000e+07
