1.000000000000000021e-02 9.899999999999985478e-01 1.443289932012703503e-15 4.174545999999999913e+04 3.103826623444035249e+03 3.499300000000000000e+04 5.161000000000000000e+04
1.100000000000000110e-02 9.899999999999985478e-01 1.443289932012703503e-15 4.056379000000000087e+04 2.594794960281062686e+03 3.308300000000000000e+04 4.712700000000000000e+04
1.210000000000000138e-02 9.899999999999985478e-01 1.443289932012703503e-15 3.949377999999999884e+04 2.853501479165552610e+03 3.217800000000000000e+04 4.622700000000000000e+04
1.331000000000000238e-02 9.899999999999985478e-01 1.443289932012703503e-15 3.926287999999999738e+04 2.425687643865137034e+03 3.404400000000000000e+04 4.534200000000000000e+04
1.464100000000000297e-02 9.899999999999985478e-01 1.443289932012703503e-15 3.866837999999999738e+04 2.469955824625209516e+03 3.305400000000000000e+04 4.528700000000000000e+04
1.610510000000000413e-02 9.899999999999985478e-01 1.443289932012703503e-15 3.769947000000000116e+04 2.658810438730073201e+03 3.226400000000000000e+04 4.601800000000000000e+04
1.771561000000000663e-02 9.899999999999985478e-01 1.443289932012703503e-15 3.659770999999999913e+04 2.726032906239394379e+03 2.970800000000000000e+04 4.277700000000000000e+04
1.948717100000000799e-02 9.899999999999985478e-01 1.443289932012703503e-15 3.619112000000000262e+04 2.374519114599838758e+03 3.019100000000000000e+04 4.215300000000000000e+04
2.143588810000001191e-02 9.899999999999985478e-01 1.443289932012703503e-15 3.531176999999999680e+04 2.362750485578196276e+03 2.989600000000000000e+04 4.116900000000000000e+04
2.357947691000001483e-02 9.899999999999985478e-01 1.443289932012703503e-15 3.421580999999999767e+04 2.335679694200383892e+03 2.811400000000000000e+04 4.111800000000000000e+04
2.593742460100001770e-02 9.899999999999985478e-01 1.443289932012703503e-15 3.355706999999999971e+04 2.192433867896589163e+03 2.873800000000000000e+04 4.082500000000000000e+04
2.853116706110002052e-02 9.899999999999985478e-01 1.443289932012703503e-15 3.267593999999999869e+04 2.253834198959631522e+03 2.774800000000000000e+04 4.011000000000000000e+04
3.138428376721002361e-02 9.899999999999985478e-01 1.443289932012703503e-15 3.182190999999999985e+04 2.018508311080239309e+03 2.718900000000000000e+04 3.931400000000000000e+04
3.452271214393103083e-02 9.899999999999985478e-01 1.443289932012703503e-15 3.144147999999999956e+04 2.121694344056184036e+03 2.744000000000000000e+04 3.687700000000000000e+04
3.797498335832413807e-02 9.899999999999985478e-01 1.443289932012703503e-15 3.089036000000000058e+04 1.876138835587601079e+03 2.542800000000000000e+04 3.556400000000000000e+04
4.177248169415655188e-02 9.899999999999985478e-01 1.443289932012703503e-15 3.019488999999999942e+04 1.763667031471643895e+03 2.678900000000000000e+04 3.455600000000000000e+04
4.594972986357220845e-02 9.899999999999985478e-01 1.443289932012703503e-15 2.947636999999999898e+04 2.035052557822524705e+03 2.499300000000000000e+04 3.639300000000000000e+04
5.054470284992943624e-02 9.899999999999985478e-01 1.443289932012703503e-15 2.872168999999999869e+04 1.956214858828140223e+03 2.381700000000000000e+04 3.468100000000000000e+04
5.559917313492238750e-02 9.899999999999985478e-01 1.443289932012703503e-15 2.772983000000000175e+04 1.789476655645443316e+03 2.423300000000000000e+04 3.275500000000000000e+04
6.115909044841463110e-02 9.899999999999985478e-01 1.443289932012703503e-15 2.730256000000000131e+04 1.757381622300631307e+03 2.306800000000000000e+04 3.100300000000000000e+04
6.727499949325610462e-02 9.899999999999985478e-01 1.443289932012703503e-15 2.642783000000000175e+04 1.412293199410094076e+03 2.312300000000000000e+04 2.982300000000000000e+04
7.400249944258172063e-02 9.899999999999985478e-01 1.443289932012703503e-15 2.600500000000000000e+04 1.558817141296566433e+03 2.327100000000000000e+04 3.103200000000000000e+04
8.140274938683990380e-02 9.899999999999985478e-01 1.443289932012703503e-15 2.549234000000000015e+04 1.540181730965537781e+03 2.257500000000000000e+04 3.052700000000000000e+04
8.954302432552389834e-02 9.899999999999985478e-01 1.443289932012703503e-15 2.521081000000000131e+04 1.440404045363661226e+03 2.171900000000000000e+04 2.908200000000000000e+04
9.849732675807629234e-02 9.899999999999985478e-01 1.443289932012703503e-15 2.449222999999999956e+04 1.306061904007616249e+03 2.193200000000000000e+04 2.928000000000000000e+04
1.083470594338839244e-01 9.899999999999985478e-01 1.443289932012703503e-15 2.370504999999999927e+04 1.294052482513750419e+03 2.061700000000000000e+04 2.834700000000000000e+04
1.191817653772723196e-01 9.899999999999985478e-01 1.443289932012703503e-15 2.328127000000000044e+04 1.224592665787281021e+03 2.099800000000000000e+04 2.723900000000000000e+04
1.310999419149995737e-01 9.899999999999985478e-01 1.443289932012703503e-15 2.288175000000000000e+04 1.153765785374137295e+03 1.945000000000000000e+04 2.627700000000000000e+04
1.442099361064995422e-01 9.899999999999985478e-01 1.443289932012703503e-15 2.222418999999999869e+04 1.149257470674000160e+03 2.006600000000000000e+04 2.591500000000000000e+04
1.586309297171495103e-01 9.899999999999985478e-01 1.443289932012703503e-15 2.187488000000000102e+04 1.178968543091799120e+03 1.937300000000000000e+04 2.474000000000000000e+04
1.744940226888644641e-01 9.899999999999985478e-01 1.443289932012703503e-15 2.133856000000000131e+04 9.253932387909478621e+02 1.948600000000000000e+04 2.514500000000000000e+04
1.919434249577509355e-01 9.899999999999985478e-01 1.443289932012703503e-15 2.096240000000000146e+04 1.100357805443301913e+03 1.850700000000000000e+04 2.495300000000000000e+04
2.111377674535260540e-01 9.899999999999985478e-01 1.443289932012703503e-15 2.028459999999999854e+04 9.129912704949593945e+02 1.834000000000000000e+04 2.289900000000000000e+04
2.322515441988786677e-01 9.899999999999985478e-01 1.443289932012703503e-15 2.003131000000000131e+04 9.734778754034422263e+02 1.824300000000000000e+04 2.265900000000000000e+04
2.554766986187665401e-01 9.899999999999985478e-01 1.443289932012703503e-15 1.972463999999999942e+04 9.795520457841943198e+02 1.792500000000000000e+04 2.263600000000000000e+04
2.810243684806432163e-01 9.899999999999985478e-01 1.443289932012703503e-15 1.911981999999999971e+04 7.925726639242612919e+02 1.737500000000000000e+04 2.091100000000000000e+04
3.091268053287075657e-01 9.899999999999985478e-01 1.443289932012703503e-15 1.914324000000000160e+04 8.442366270187523014e+02 1.735600000000000000e+04 2.220300000000000000e+04
3.400394858615783389e-01 9.899999999999985478e-01 1.443289932012703503e-15 1.888015000000000146e+04 8.582230989084366684e+02 1.716900000000000000e+04 2.150000000000000000e+04
3.740434344477361894e-01 9.899999999999985478e-01 1.443289932012703503e-15 1.854843999999999869e+04 7.302937534992340716e+02 1.717700000000000000e+04 2.023200000000000000e+04
4.114477778925098583e-01 9.899999999999985478e-01 1.443289932012703503e-15 1.823881999999999971e+04 8.488832237710911386e+02 1.649500000000000000e+04 2.046600000000000000e+04
4.525925556817608775e-01 9.899999999999985478e-01 1.443289932012703503e-15 1.815822999999999956e+04 7.352900768404263090e+02 1.662900000000000000e+04 2.004300000000000000e+04
4.978518112499369930e-01 9.899999999999985478e-01 1.443289932012703503e-15 1.792779000000000087e+04 6.856528173208363341e+02 1.625900000000000000e+04 2.007200000000000000e+04
5.476369923749306867e-01 9.899999999999985478e-01 1.443289932012703503e-15 1.755600000000000000e+04 7.404382891234082535e+02 1.563500000000000000e+04 1.953700000000000000e+04
6.024006916124238220e-01 9.899999999999985478e-01 1.443289932012703503e-15 1.742577999999999884e+04 6.582869219420965692e+02 1.624900000000000000e+04 1.915300000000000000e+04
6.626407607736662930e-01 9.899999999999985478e-01 1.443289932012703503e-15 1.736370000000000073e+04 6.554361524969460788e+02 1.620900000000000000e+04 1.909600000000000000e+04
7.289048368510330222e-01 9.899999999999985478e-01 1.443289932012703503e-15 1.731724000000000160e+04 7.160371236186011856e+02 1.601200000000000000e+04 1.980100000000000000e+04
8.017953205361363356e-01 9.899999999999985478e-01 1.443289932012703503e-15 1.718409000000000015e+04 5.941010199452614415e+02 1.581700000000000000e+04 1.877500000000000000e+04
8.819748525897500580e-01 9.899999999999985478e-01 1.443289932012703503e-15 1.723347000000000116e+04 6.454261608425861141e+02 1.585700000000000000e+04 1.905800000000000000e+04
9.701723378487251415e-01 9.899999999999985478e-01 1.443289932012703503e-15 1.726624000000000160e+04 6.822367348655449177e+02 1.561600000000000000e+04 1.959400000000000000e+04
9.801723378487251503e-01 9.899999999999985478e-01 1.443289932012703503e-15 1.722579000000000087e+04 7.425184481883261469e+02 1.565900000000000000e+04 2.001300000000000000e+04
9.901723378487251592e-01 9.899999999999985478e-01 1.443289932012703503e-15 1.732341999999999825e+04 7.544061529441551102e+02 1.611200000000000000e+04 1.980200000000000000e+04
1.000172337848725057e+00 9.899999999999985478e-01 1.443289932012703503e-15 1.709670999999999913e+04 7.056976306464404161e+02 1.559600000000000000e+04 1.870100000000000000e+04
