1.000000000000000021e-02 9.899999999999985478e-01 1.443289932012703503e-15 5.622769000000000233e+04 3.477212923290720028e+03 4.925000000000000000e+04 6.567100000000000000e+04
1.100000000000000110e-02 9.899999999999985478e-01 1.443289932012703503e-15 5.548302999999999884e+04 3.651613822558459105e+03 4.730800000000000000e+04 6.587500000000000000e+04
1.210000000000000138e-02 9.899999999999985478e-01 1.443289932012703503e-15 5.466558000000000175e+04 3.795227129382376916e+03 4.597900000000000000e+04 6.475800000000000000e+04
1.331000000000000238e-02 9.899999999999985478e-01 1.443289932012703503e-15 5.326673000000000320e+04 3.843850368718844493e+03 4.605900000000000000e+04 6.372600000000000000e+04
1.464100000000000297e-02 9.899999999999985478e-01 1.443289932012703503e-15 5.212119000000000233e+04 3.379686437215736532e+03 4.376100000000000000e+04 5.990900000000000000e+04
1.610510000000000413e-02 9.899999999999985478e-01 1.443289932012703503e-15 5.153990000000000146e+04 3.687613465372964129e+03 4.299300000000000000e+04 6.109400000000000000e+04
1.771561000000000663e-02 9.899999999999985478e-01 1.443289932012703503e-15 5.112522000000000116e+04 3.289350813093671150e+03 4.313200000000000000e+04 6.089700000000000000e+04
1.948717100000000799e-02 9.899999999999985478e-01 1.443289932012703503e-15 5.080206999999999971e+04 3.870777956057412666e+03 3.910200000000000000e+04 6.179700000000000000e+04
2.143588810000001191e-02 9.899999999999985478e-01 1.443289932012703503e-15 4.922762999999999738e+04 3.655126721893510421e+03 4.115900000000000000e+04 5.957500000000000000e+04
2.357947691000001483e-02 9.899999999999985478e-01 1.443289932012703503e-15 4.787198999999999796e+04 3.224026425124334764e+03 4.038800000000000000e+04 5.874700000000000000e+04
2.593742460100001770e-02 9.899999999999985478e-01 1.443289932012703503e-15 4.736541999999999825e+04 3.180732733758056838e+03 4.146100000000000000e+04 5.823700000000000000e+04
2.853116706110002052e-02 9.899999999999985478e-01 1.443289932012703503e-15 4.695351999999999680e+04 2.863338584519825872e+03 4.063400000000000000e+04 5.575300000000000000e+04
3.138428376721002361e-02 9.899999999999985478e-01 1.443289932012703503e-15 4.633419000000000233e+04 3.428875176191165338e+03 3.931200000000000000e+04 5.360500000000000000e+04
3.452271214393103083e-02 9.899999999999985478e-01 1.443289932012703503e-15 4.467847000000000116e+04 3.190128230823958802e+03 3.812200000000000000e+04 5.596100000000000000e+04
3.797498335832413807e-02 9.899999999999985478e-01 1.443289932012703503e-15 4.453891999999999825e+04 3.429079239912661706e+03 3.820000000000000000e+04 5.466500000000000000e+04
4.177248169415655188e-02 9.899999999999985478e-01 1.443289932012703503e-15 4.321845999999999913e+04 2.894122300180143611e+03 3.705700000000000000e+04 5.508000000000000000e+04
4.594972986357220845e-02 9.899999999999985478e-01 1.443289932012703503e-15 4.252277999999999884e+04 2.950102674755575208e+03 3.628200000000000000e+04 5.035100000000000000e+04
5.054470284992943624e-02 9.899999999999985478e-01 1.443289932012703503e-15 4.173419000000000233e+04 2.721306938568305213e+03 3.641200000000000000e+04 5.102100000000000000e+04
5.559917313492238750e-02 9.899999999999985478e-01 1.443289932012703503e-15 4.223112000000000262e+04 2.887126714503539461e+03 3.631600000000000000e+04 4.904300000000000000e+04
6.115909044841463110e-02 9.899999999999985478e-01 1.443289932012703503e-15 4.040041000000000349e+04 2.453389215330498700e+03 3.596500000000000000e+04 4.648400000000000000e+04
6.727499949325610462e-02 9.899999999999985478e-01 1.443289932012703503e-15 4.006508999999999651e+04 2.706553070216802098e+03 3.377400000000000000e+04 4.890400000000000000e+04
7.400249944258172063e-02 9.899999999999985478e-01 1.443289932012703503e-15 3.982700000000000000e+04 2.935578590329340841e+03 3.437200000000000000e+04 5.129000000000000000e+04
8.140274938683990380e-02 9.899999999999985478e-01 1.443289932012703503e-15 3.888559999999999854e+04 2.506038630987160559e+03 3.486100000000000000e+04 4.664100000000000000e+04
8.954302432552389834e-02 9.899999999999985478e-01 1.443289932012703503e-15 3.819662000000000262e+04 2.087261712291968706e+03 3.274000000000000000e+04 4.425000000000000000e+04
9.849732675807629234e-02 9.899999999999985478e-01 1.443289932012703503e-15 3.786573000000000320e+04 2.650126136073527050e+03 3.258000000000000000e+04 4.632300000000000000e+04
1.083470594338839244e-01 9.899999999999985478e-01 1.443289932012703503e-15 3.733462999999999738e+04 3.103851805917931415e+03 3.217100000000000000e+04 5.078400000000000000e+04
1.191817653772723196e-01 9.899999999999985478e-01 1.443289932012703503e-15 3.657381999999999971e+04 2.290658374267100953e+03 3.225900000000000000e+04 4.386800000000000000e+04
1.310999419149995737e-01 9.899999999999985478e-01 1.443289932012703503e-15 3.579137000000000262e+04 2.180811008111432329e+03 3.176100000000000000e+04 4.177500000000000000e+04
1.442099361064995422e-01 9.899999999999985478e-01 1.443289932012703503e-15 3.629004000000000087e+04 2.690245981021066655e+03 3.134800000000000000e+04 4.690700000000000000e+04
1.586309297171495103e-01 9.899549999999986971e-01 2.123087374556182738e-04 1.833590760000000009e+06 7.116119175926291384e+06 3.095600000000000000e+04 3.000000000000000000e+07
1.744940226888644641e-01 9.894239999999995261e-01 7.534082558613216119e-04 1.651597940000000037e+07 1.490714577060667425e+07 3.243000000000000000e+04 3.000000000000000000e+07
1.919434249577509355e-01 9.874179999999997959e-01 1.337189590147930653e-03 2.940073269999999925e+07 4.194871142734934576e+06 3.240100000000000000e+04 3.000000000000000000e+07
2.111377674535260540e-01 9.845540000000001513e-01 1.277686972618880716e-03 3.000000000000000000e+07 0.000000000000000000e+00 3.000000000000000000e+07 3.000000000000000000e+07
2.322515441988786677e-01 9.811680000000002622e-01 1.258402161473031172e-03 3.000000000000000000e+07 0.000000000000000000e+00 3.000000000000000000e+07 3.000000000000000000e+07
2.554766986187665401e-01 9.775089999999997392e-01 1.553260763683937369e-03 3.000000000000000000e+07 0.000000000000000000e+00 3.000000000000000000e+07 3.000000000000000000e+07
2.810243684806432163e-01 9.730769999999996367e-01 1.532961512889344279e-03 3.000000000000000000e+07 0.000000000000000000e+00 3.000000000000000000e+07 3.000000000000000000e+07
3.091268053287075657e-01 9.683590000000006359e-01 1.872917243233137392e-03 3.000000000000000000e+07 0.000000000000000000e+00 3.000000000000000000e+07 3.000000000000000000e+07
3.400394858615783389e-01 9.627860000000001417e-01 1.902262863013417940e-03 3.000000000000000000e+07 0.000000000000000000e+00 3.000000000000000000e+07 3.000000000000000000e+07
3.740434344477361894e-01 9.566519999999999468e-01 1.773780144211795909e-03 3.000000000000000000e+07 0.000000000000000000e+00 3.000000000000000000e+07 3.000000000000000000e+07
4.114477778925098583e-01 9.501909999999998968e-01 2.367407653954008758e-03 3.000000000000000000e+07 0.000000000000000000e+00 3.000000000000000000e+07 3.000000000000000000e+07
4.525925556817608775e-01 9.435429999999999096e-01 2.093908068660130326e-03 3.000000000000000000e+07 0.000000000000000000e+00 3.000000000000000000e+07 3.000000000000000000e+07
4.978518112499369930e-01 9.369990000000001373e-01 2.569221477412952925e-03 3.000000000000000000e+07 0.000000000000000000e+00 3.000000000000000000e+07 3.000000000000000000e+07
5.476369923749306867e-01 9.297850000000000836e-01 2.511548327227653560e-03 3.000000000000000000e+07 0.000000000000000000e+00 3.000000000000000000e+07 3.000000000000000000e+07
6.024006916124238220e-01 9.232810000000000183e-01 2.437199007057077715e-03 3.000000000000000000e+07 0.000000000000000000e+00 3.000000000000000000e+07 3.000000000000000000e+07
6.626407607736662930e-01 9.176079999999998682e-01 2.927513620805198991e-03 3.000000000000000000e+07 0.000000000000000000e+00 3.000000000000000000e+07 3.000000000000000000e+07
7.289048368510330222e-01 9.118920000000000359e-01 2.553651503240016597e-03 3.000000000000000000e+07 0.000000000000000000e+00 3.000000000000000000e+07 3.000000000000000000e+07
8.017953205361363356e-01 9.062760000000003036e-01 2.927836060984288433e-03 3.000000000000000000e+07 0.000000000000000000e+00 3.000000000000000000e+07 3.000000000000000000e+07
8.819748525897500580e-01 9.037310000000003951e-01 2.091492051144352125e-03 3.000000000000000000e+07 0.000000000000000000e+00 3.000000000000000000e+07 3.000000000000000000e+07
9.701723378487251415e-01 9.020569999999996647e-01 2.614163537348038538e-03 3.000000000000000000e+07 0.000000000000000000e+00 3.000000000000000000e+07 3.000000000000000000e+07
9.801723378487251503e-01 9.025580000000004155e-01 2.576904344363599789e-03 3.000000000000000000e+07 0.000000000000000000e+00 3.000000000000000000e+07 3.000000000000000000e+07
9.901723378487251592e-01 9.025650000000000617e-01 2.824690248505133498e-03 3.000000000000000000e+07 0.000000000000000000e+00 3.000000000000000000e+07 3.000000000000000000e+07
1.000172337848725057e+00 9.019130000000000758e-01 2.821193187287961233e-03 3.000000000000000000e+07 0.000000000000000000e+00 3.000000000000000000e+07 3.000000000000000000e+07
