1.000000000000000021e-02 9.796120000000001493e-01 3.967752008379559804e-03 3.000000000000000000e+07 0.000000000000000000e+00 3.000000000000000000e+07 3.000000000000000000e+07
1.100000000000000110e-02 9.795059999999997657e-01 3.806227003214597560e-03 3.000000000000000000e+07 0.000000000000000000e+00 3.000000000000000000e+07 3.000000000000000000e+07
1.210000000000000138e-02 9.804279999999999662e-01 3.897847611182358053e-03 3.000000000000000000e+07 0.000000000000000000e+00 3.000000000000000000e+07 3.000000000000000000e+07
1.331000000000000238e-02 9.802909999999995794e-01 3.990315651674686791e-03 3.000000000000000000e+07 0.000000000000000000e+00 3.000000000000000000e+07 3.000000000000000000e+07
1.464100000000000297e-02 9.797589999999999355e-01 4.173418143440689801e-03 2.970054550000000000e+07 2.979534654850443359e+06 5.455000000000000000e+04 3.000000000000000000e+07
1.610510000000000413e-02 9.809829999999994943e-01 3.579638389558369074e-03 3.000000000000000000e+07 0.000000000000000000e+00 3.000000000000000000e+07 3.000000000000000000e+07
1.771561000000000663e-02 9.808259999999995316e-01 3.923228772325163850e-03 2.970057023000000045e+07 2.979288594457246829e+06 5.702300000000000000e+04 3.000000000000000000e+07
1.948717100000000799e-02 9.806750000000000744e-01 4.143871981613332645e-03 2.970052146999999881e+07 2.979773750331586227e+06 5.214700000000000000e+04 3.000000000000000000e+07
2.143588810000001191e-02 9.814310000000000533e-01 4.101016825130082179e-03 2.910157344999999925e+07 5.108669623757414520e+06 5.114700000000000000e+04 3.000000000000000000e+07
2.357947691000001483e-02 9.809739999999994575e-01 4.521230363518315490e-03 2.940106244999999925e+07 4.192562867796017323e+06 5.039100000000000000e+04 3.000000000000000000e+07
2.593742460100001770e-02 9.815300000000000136e-01 3.643006999718773325e-03 2.940104683999999985e+07 4.192672120059543755e+06 5.218400000000000000e+04 3.000000000000000000e+07
2.853116706110002052e-02 9.813380000000003767e-01 3.790376762275751450e-03 2.970049605999999866e+07 2.980026576639346778e+06 4.960600000000000000e+04 3.000000000000000000e+07
3.138428376721002361e-02 9.823589999999999822e-01 3.785104886261411120e-03 2.940093089000000060e+07 4.193483770390183665e+06 4.614000000000000000e+04 3.000000000000000000e+07
3.452271214393103083e-02 9.822589999999999932e-01 3.740751127781690669e-03 2.970050016000000015e+07 2.979985782154423185e+06 5.001600000000000000e+04 3.000000000000000000e+07
3.797498335832413807e-02 9.824510000000004073e-01 3.600569260547559734e-03 2.910150157999999821e+07 5.109078302465316840e+06 4.688600000000000000e+04 3.000000000000000000e+07
4.177248169415655188e-02 9.839879999999999738e-01 3.431130425967513550e-03 2.850236680999999866e+07 6.528031753634745255e+06 4.358400000000000000e+04 3.000000000000000000e+07
4.594972986357220845e-02 9.838460000000001093e-01 3.489338619280161254e-03 2.760376637999999896e+07 8.126023587242502719e+06 4.388400000000000000e+04 3.000000000000000000e+07
5.054470284992943624e-02 9.839470000000002381e-01 3.647861154155958470e-03 2.910143753999999911e+07 5.109442438784402795e+06 4.617600000000000000e+04 3.000000000000000000e+07
5.559917313492238750e-02 9.846000000000002528e-01 3.227754637515063089e-03 2.850223276000000164e+07 6.528616066883780062e+06 4.212000000000000000e+04 3.000000000000000000e+07
6.115909044841463110e-02 9.840749999999995890e-01 3.551010419584825495e-03 2.880176667000000179e+07 5.870120510984066874e+06 4.161700000000000000e+04 3.000000000000000000e+07
6.727499949325610462e-02 9.847029999999999950e-01 3.167726471777511637e-03 2.790311782000000030e+07 7.643046222593093291e+06 4.015500000000000000e+04 3.000000000000000000e+07
7.400249944258172063e-02 9.846000000000000307e-01 3.359196332458107108e-03 2.790307532000000030e+07 7.643201113537127152e+06 4.109500000000000000e+04 3.000000000000000000e+07
8.140274938683990380e-02 9.844109999999999250e-01 3.052241635257604575e-03 2.880168512999999896e+07 5.870519974938048981e+06 4.039800000000000000e+04 3.000000000000000000e+07
8.954302432552389834e-02 9.836819999999997233e-01 3.758573665634347416e-03 2.820255619000000134e+07 7.114487575048232451e+06 3.996700000000000000e+04 3.000000000000000000e+07
9.849732675807629234e-02 9.838219999999998633e-01 3.332013805493608868e-03 2.910132146999999881e+07 5.110102440332357772e+06 4.265000000000000000e+04 3.000000000000000000e+07
1.083470594338839244e-01 9.841909999999997050e-01 3.309081292443567801e-03 2.820251657999999821e+07 7.114644347022306174e+06 4.040600000000000000e+04 3.000000000000000000e+07
1.191817653772723196e-01 9.829559999999996078e-01 3.333656251025294680e-03 2.970037896000000089e+07 2.981191706928198226e+06 3.789600000000000000e+04 3.000000000000000000e+07
1.310999419149995737e-01 9.820359999999996869e-01 3.538630243469924417e-03 2.970043576999999955e+07 2.980626454565180931e+06 4.357700000000000000e+04 3.000000000000000000e+07
1.442099361064995422e-01 9.810449999999992787e-01 3.605395262658453101e-03 3.000000000000000000e+07 0.000000000000000000e+00 3.000000000000000000e+07 3.000000000000000000e+07
1.586309297171495103e-01 9.795230000000002546e-01 3.093957174881382423e-03 3.000000000000000000e+07 0.000000000000000000e+00 3.000000000000000000e+07 3.000000000000000000e+07
1.744940226888644641e-01 9.774319999999998565e-01 3.270837201696230427e-03 3.000000000000000000e+07 0.000000000000000000e+00 3.000000000000000000e+07 3.000000000000000000e+07
1.919434249577509355e-01 9.750399999999999068e-01 3.250507652659814783e-03 3.000000000000000000e+07 0.000000000000000000e+00 3.000000000000000000e+07 3.000000000000000000e+07
2.111377674535260540e-01 9.720449999999999369e-01 3.398334150727385251e-03 3.000000000000000000e+07 0.000000000000000000e+00 3.000000000000000000e+07 3.000000000000000000e+07
2.322515441988786677e-01 9.687569999999999792e-01 3.160767470093300315e-03 3.000000000000000000e+07 0.000000000000000000e+00 3.000000000000000000e+07 3.000000000000000000e+07
2.554766986187665401e-01 9.650819999999994403e-01 3.574895243220418441e-03 3.000000000000000000e+07 0.000000000000000000e+00 3.000000000000000000e+07 3.000000000000000000e+07
2.810243684806432163e-01 9.596639999999999615e-01 2.855469138337864404e-03 3.000000000000000000e+07 0.000000000000000000e+00 3.000000000000000000e+07 3.000000000000000000e+07
3.091268053287075657e-01 9.541610000000000369e-01 3.526042966272531672e-03 3.000000000000000000e+07 0.000000000000000000e+00 3.000000000000000000e+07 3.000000000000000000e+07
3.400394858615783389e-01 9.480979999999999963e-01 3.352520842589946926e-03 3.000000000000000000e+07 0.000000000000000000e+00 3.000000000000000000e+07 3.000000000000000000e+07
3.740434344477361894e-01 9.415830000000002808e-01 3.520228827789463957e-03 3.000000000000000000e+07 0.000000000000000000e+00 3.000000000000000000e+07 3.000000000000000000e+07
4.114477778925098583e-01 9.347880000000001743e-01 3.213791530264527730e-03 3.000000000000000000e+07 0.000000000000000000e+00 3.000000000000000000e+07 3.000000000000000000e+07
4.525925556817608775e-01 9.266880000000001782e-01 3.384650055766467297e-03 3.000000000000000000e+07 0.000000000000000000e+00 3.000000000000000000e+07 3.000000000000000000e+07
4.978518112499369930e-01 9.189969999999999528e-01 3.826367859994644297e-03 3.000000000000000000e+07 0.000000000000000000e+00 3.000000000000000000e+07 3.000000000000000000e+07
5.476369923749306867e-01 9.122160000000002489e-01 3.555691775168375816e-03 3.000000000000000000e+07 0.000000000000000000e+00 3.000000000000000000e+07 3.000000000000000000e+07
6.024006916124238220e-01 9.035940000000006744e-01 3.738711542764434122e-03 3.000000000000000000e+07 0.000000000000000000e+00 3.000000000000000000e+07 3.000000000000000000e+07
6.626407607736662930e-01 8.971889999999994592e-01 3.897432359900554390e-03 3.000000000000000000e+07 0.000000000000000000e+00 3.000000000000000000e+07 3.000000000000000000e+07
7.289048368510330222e-01 8.915690000000003890e-01 3.667524914707467019e-03 3.000000000000000000e+07 0.000000000000000000e+00 3.000000000000000000e+07 3.000000000000000000e+07
8.017953205361363356e-01 8.862040000000003248e-01 3.226016738952239195e-03 3.000000000000000000e+07 0.000000000000000000e+00 3.000000000000000000e+07 3.000000000000000000e+07
8.819748525897500580e-01 8.821309999999999985e-01 3.979690817136424634e-03 3.000000000000000000e+07 0.000000000000000000e+00 3.000000000000000000e+07 3.000000000000000000e+07
9.701723378487251415e-01 8.802239999999997844e-01 3.369959050196310278e-03 3.000000000000000000e+07 0.000000000000000000e+00 3.000000000000000000e+07 3.000000000000000000e+07
9.801723378487251503e-01 8.805490000000000261e-01 4.463821120968001870e-03 3.000000000000000000e+07 0.000000000000000000e+00 3.000000000000000000e+07 3.000000000000000000e+07
9.901723378487251592e-01 8.794969999999997512e-01 4.035503809935012468e-03 3.000000000000000000e+07 0.000000000000000000e+00 3.000000000000000000e+07 3.000000000000000000e+07
1.000172337848725057e+00 8.808159999999998213e-01 3.819809419329710676e-03 3.000000000000000000e+07 0.000000000000000000e+00 3.000000000000000000e+07 3.000000000000000000e+07
