1.000000000000000021e-02 9.899999999999985478e-01 1.443289932012703503e-15 4.181072000000000116e+04 2.913110001630559509e+03 3.540400000000000000e+04 4.931900000000000000e+04
1.100000000000000110e-02 9.899999999999985478e-01 1.443289932012703503e-15 4.078701999999999680e+04 3.011227394203233871e+03 3.569200000000000000e+04 5.143600000000000000e+04
1.210000000000000138e-02 9.899999999999985478e-01 1.443289932012703503e-15 3.991623000000000320e+04 2.792356663662433220e+03 3.461300000000000000e+04 4.698800000000000000e+04
1.331000000000000238e-02 9.899999999999985478e-01 1.443289932012703503e-15 3.879911000000000058e+04 2.550835211827686635e+03 3.343700000000000000e+04 4.901200000000000000e+04
1.464100000000000297e-02 9.899999999999985478e-01 1.443289932012703503e-15 3.848705000000000291e+04 2.781511457373491339e+03 3.243100000000000000e+04 4.645200000000000000e+04
1.610510000000000413e-02 9.899999999999985478e-01 1.443289932012703503e-15 3.797569000000000233e+04 2.571236020652323987e+03 3.239500000000000000e+04 4.400200000000000000e+04
1.771561000000000663e-02 9.899999999999985478e-01 1.443289932012703503e-15 3.658677999999999884e+04 2.505422649294924668e+03 3.125600000000000000e+04 4.190300000000000000e+04
1.948717100000000799e-02 9.899999999999985478e-01 1.443289932012703503e-15 3.566097000000000116e+04 2.471386616678985320e+03 3.098800000000000000e+04 4.289400000000000000e+04
2.143588810000001191e-02 9.899999999999985478e-01 1.443289932012703503e-15 3.474316000000000349e+04 2.272610682541116148e+03 2.965100000000000000e+04 4.285100000000000000e+04
2.357947691000001483e-02 9.899999999999985478e-01 1.443289932012703503e-15 3.408941000000000349e+04 2.272018904388782175e+03 2.803400000000000000e+04 3.962300000000000000e+04
2.593742460100001770e-02 9.899999999999985478e-01 1.443289932012703503e-15 3.378608999999999651e+04 2.229440122968095693e+03 2.983400000000000000e+04 4.211600000000000000e+04
2.853116706110002052e-02 9.899999999999985478e-01 1.443289932012703503e-15 3.287205000000000291e+04 2.296448503123899627e+03 2.866200000000000000e+04 3.983300000000000000e+04
3.138428376721002361e-02 9.899999999999985478e-01 1.443289932012703503e-15 3.179033000000000175e+04 2.050036038975899828e+03 2.722200000000000000e+04 3.917000000000000000e+04
3.452271214393103083e-02 9.899999999999985478e-01 1.443289932012703503e-15 3.135579000000000087e+04 1.926019897586730622e+03 2.693300000000000000e+04 3.637500000000000000e+04
3.797498335832413807e-02 9.899999999999985478e-01 1.443289932012703503e-15 3.071916999999999825e+04 2.008919072810052285e+03 2.709500000000000000e+04 3.671800000000000000e+04
4.177248169415655188e-02 9.899999999999985478e-01 1.443289932012703503e-15 3.006093999999999869e+04 1.709401648647854017e+03 2.603600000000000000e+04 3.572100000000000000e+04
4.594972986357220845e-02 9.899999999999985478e-01 1.443289932012703503e-15 2.929565999999999985e+04 1.641888274030848834e+03 2.569400000000000000e+04 3.459900000000000000e+04
5.054470284992943624e-02 9.899999999999985478e-01 1.443289932012703503e-15 2.870768000000000029e+04 1.941847377524814419e+03 2.460100000000000000e+04 3.518200000000000000e+04
5.559917313492238750e-02 9.899999999999985478e-01 1.443289932012703503e-15 2.796549000000000160e+04 1.797209784610578026e+03 2.412100000000000000e+04 3.351200000000000000e+04
6.115909044841463110e-02 9.899999999999985478e-01 1.443289932012703503e-15 2.720961999999999898e+04 1.686630414643350150e+03 2.336900000000000000e+04 3.164400000000000000e+04
6.727499949325610462e-02 9.899999999999985478e-01 1.443289932012703503e-15 2.665168999999999869e+04 1.461329495322666844e+03 2.346900000000000000e+04 3.212400000000000000e+04
7.400249944258172063e-02 9.899999999999985478e-01 1.443289932012703503e-15 2.620686000000000058e+04 1.690817743105388445e+03 2.176000000000000000e+04 3.145500000000000000e+04
8.140274938683990380e-02 9.899999999999985478e-01 1.443289932012703503e-15 2.564059000000000015e+04 1.383205278293861738e+03 2.257700000000000000e+04 2.920900000000000000e+04
8.954302432552389834e-02 9.899999999999985478e-01 1.443289932012703503e-15 2.508340999999999985e+04 1.316683820019066616e+03 2.198900000000000000e+04 2.975100000000000000e+04
9.849732675807629234e-02 9.899999999999985478e-01 1.443289932012703503e-15 2.472541999999999825e+04 1.395400782427758259e+03 2.137400000000000000e+04 2.859400000000000000e+04
1.083470594338839244e-01 9.899999999999985478e-01 1.443289932012703503e-15 2.394145999999999913e+04 1.382809245123853088e+03 2.160500000000000000e+04 2.892300000000000000e+04
1.191817653772723196e-01 9.899999999999985478e-01 1.443289932012703503e-15 2.343243999999999869e+04 1.420589900851051198e+03 2.024000000000000000e+04 2.732900000000000000e+04
1.310999419149995737e-01 9.899999999999985478e-01 1.443289932012703503e-15 2.296615999999999985e+04 1.500981323801198414e+03 2.021300000000000000e+04 2.790200000000000000e+04
1.442099361064995422e-01 9.899999999999985478e-01 1.443289932012703503e-15 2.251306999999999971e+04 1.281190104980521483e+03 1.964600000000000000e+04 2.566200000000000000e+04
1.586309297171495103e-01 9.899999999999985478e-01 1.443289932012703503e-15 2.201865999999999985e+04 1.080626061318160282e+03 1.950000000000000000e+04 2.637800000000000000e+04
1.744940226888644641e-01 9.899999999999985478e-01 1.443289932012703503e-15 2.145066999999999825e+04 1.080433913342227697e+03 1.936000000000000000e+04 2.410100000000000000e+04
1.919434249577509355e-01 9.899999999999985478e-01 1.443289932012703503e-15 2.109540999999999985e+04 1.082384840017634360e+03 1.864200000000000000e+04 2.412500000000000000e+04
2.111377674535260540e-01 9.899999999999985478e-01 1.443289932012703503e-15 2.070695000000000073e+04 9.386774139713813838e+02 1.850900000000000000e+04 2.288200000000000000e+04
2.322515441988786677e-01 9.899999999999985478e-01 1.443289932012703503e-15 2.022202000000000044e+04 1.045986080022100623e+03 1.820100000000000000e+04 2.283700000000000000e+04
2.554766986187665401e-01 9.899999999999985478e-01 1.443289932012703503e-15 1.995672000000000116e+04 9.464842743543075585e+02 1.790500000000000000e+04 2.253400000000000000e+04
2.810243684806432163e-01 9.899999999999985478e-01 1.443289932012703503e-15 1.945768999999999869e+04 8.354718151439939220e+02 1.746500000000000000e+04 2.161600000000000000e+04
3.091268053287075657e-01 9.899999999999985478e-01 1.443289932012703503e-15 1.920890999999999985e+04 9.073164397827252969e+02 1.777100000000000000e+04 2.253100000000000000e+04
3.400394858615783389e-01 9.899999999999985478e-01 1.443289932012703503e-15 1.876350999999999840e+04 7.282206464389757912e+02 1.713800000000000000e+04 2.060700000000000000e+04
3.740434344477361894e-01 9.899999999999985478e-01 1.443289932012703503e-15 1.851465000000000146e+04 7.343764753176670865e+02 1.706900000000000000e+04 2.096800000000000000e+04
4.114477778925098583e-01 9.899999999999985478e-01 1.443289932012703503e-15 1.821388000000000102e+04 7.501413770750151571e+02 1.662200000000000000e+04 2.036200000000000000e+04
4.525925556817608775e-01 9.899999999999985478e-01 1.443289932012703503e-15 1.802795999999999913e+04 7.757553470005861982e+02 1.659500000000000000e+04 2.240900000000000000e+04
4.978518112499369930e-01 9.899999999999985478e-01 1.443289932012703503e-15 1.781400000000000000e+04 8.090242147179527592e+02 1.621300000000000000e+04 2.107800000000000000e+04
5.476369923749306867e-01 9.899999999999985478e-01 1.443289932012703503e-15 1.764902999999999884e+04 6.095500218193745923e+02 1.638800000000000000e+04 1.984000000000000000e+04
6.024006916124238220e-01 9.899999999999985478e-01 1.443289932012703503e-15 1.739595000000000073e+04 7.911875678371088725e+02 1.606600000000000000e+04 2.043100000000000000e+04
6.626407607736662930e-01 9.899999999999985478e-01 1.443289932012703503e-15 1.737277999999999884e+04 5.621882350245333555e+02 1.572400000000000000e+04 1.862500000000000000e+04
7.289048368510330222e-01 9.899999999999985478e-01 1.443289932012703503e-15 1.728081999999999971e+04 7.128786766343904446e+02 1.605500000000000000e+04 1.989600000000000000e+04
8.017953205361363356e-01 9.899999999999985478e-01 1.443289932012703503e-15 1.722361999999999898e+04 6.312336933339347524e+02 1.564700000000000000e+04 1.858000000000000000e+04
8.819748525897500580e-01 9.899999999999985478e-01 1.443289932012703503e-15 1.722279000000000087e+04 6.713870611651673244e+02 1.531300000000000000e+04 1.896900000000000000e+04
9.701723378487251415e-01 9.899999999999985478e-01 1.443289932012703503e-15 1.715218000000000029e+04 6.951879656610867642e+02 1.567700000000000000e+04 1.901100000000000000e+04
9.801723378487251503e-01 9.899999999999985478e-01 1.443289932012703503e-15 1.728570999999999913e+04 7.374598876549150646e+02 1.576300000000000000e+04 1.955600000000000000e+04
9.901723378487251592e-01 9.899999999999985478e-01 1.443289932012703503e-15 1.719740999999999985e+04 6.353651720861005288e+02 1.579100000000000000e+04 1.871400000000000000e+04
1.000172337848725057e+00 9.899999999999985478e-01 1.443289932012703503e-15 1.720041999999999825e+04 6.940191089588240629e+02 1.536300000000000000e+04 1.933000000000000000e+04
