1.000000000000000021e-02 9.899999999999985478e-01 1.443289932012703503e-15 5.241240000000000146e+04 4.126031565560302624e+03 4.355500000000000000e+04 6.389300000000000000e+04
1.100000000000000110e-02 9.899999999999985478e-01 1.443289932012703503e-15 5.097980000000000291e+04 4.599671944823892773e+03 4.370100000000000000e+04 6.476600000000000000e+04
1.210000000000000138e-02 9.899999999999985478e-01 1.443289932012703503e-15 5.054751000000000204e+04 4.130825407821056615e+03 4.166500000000000000e+04 6.199800000000000000e+04
1.331000000000000238e-02 9.899999999999985478e-01 1.443289932012703503e-15 4.947758999999999651e+04 3.330480124831853573e+03 3.992500000000000000e+04 5.876200000000000000e+04
1.464100000000000297e-02 9.899999999999985478e-01 1.443289932012703503e-15 4.914141999999999825e+04 3.946488779104789046e+03 4.234100000000000000e+04 6.244800000000000000e+04
1.610510000000000413e-02 9.899999999999985478e-01 1.443289932012703503e-15 4.788543000000000029e+04 3.836158164765890888e+03 3.877700000000000000e+04 6.139400000000000000e+04
1.771561000000000663e-02 9.899999999999985478e-01 1.443289932012703503e-15 4.696613999999999942e+04 3.514345680265389092e+03 3.949900000000000000e+04 5.460900000000000000e+04
1.948717100000000799e-02 9.899999999999985478e-01 1.443289932012703503e-15 4.645561000000000058e+04 3.570080393758661558e+03 4.026600000000000000e+04 5.522100000000000000e+04
2.143588810000001191e-02 9.899999999999985478e-01 1.443289932012703503e-15 4.515640000000000146e+04 3.666701026808702863e+03 3.828800000000000000e+04 6.126300000000000000e+04
2.357947691000001483e-02 9.899999999999985478e-01 1.443289932012703503e-15 4.459316999999999825e+04 3.431391516731950560e+03 3.807000000000000000e+04 5.615400000000000000e+04
2.593742460100001770e-02 9.899999999999985478e-01 1.443289932012703503e-15 4.267458000000000175e+04 3.008531725543208722e+03 3.680300000000000000e+04 5.183600000000000000e+04
2.853116706110002052e-02 9.899999999999985478e-01 1.443289932012703503e-15 4.221158999999999651e+04 3.275201249068520610e+03 3.577000000000000000e+04 5.062700000000000000e+04
3.138428376721002361e-02 9.899999999999985478e-01 1.443289932012703503e-15 4.164577999999999884e+04 2.710359465384619398e+03 3.551100000000000000e+04 4.848300000000000000e+04
3.452271214393103083e-02 9.899999999999985478e-01 1.443289932012703503e-15 4.108855999999999767e+04 2.876488099471298028e+03 3.476100000000000000e+04 4.815000000000000000e+04
3.797498335832413807e-02 9.899999999999985478e-01 1.443289932012703503e-15 3.979104000000000087e+04 2.903730638058564637e+03 3.092400000000000000e+04 4.927100000000000000e+04
4.177248169415655188e-02 9.899999999999985478e-01 1.443289932012703503e-15 3.907241000000000349e+04 2.703212145189496823e+03 3.240400000000000000e+04 4.680900000000000000e+04
4.594972986357220845e-02 9.899999999999985478e-01 1.443289932012703503e-15 3.872375000000000000e+04 3.316957908611443145e+03 3.286500000000000000e+04 5.146600000000000000e+04
5.054470284992943624e-02 9.899999999999985478e-01 1.443289932012703503e-15 3.777825000000000000e+04 2.817441933296940078e+03 3.083400000000000000e+04 4.319400000000000000e+04
5.559917313492238750e-02 9.899999999999985478e-01 1.443289932012703503e-15 3.710359999999999854e+04 2.345894780249106134e+03 3.126400000000000000e+04 4.250700000000000000e+04
6.115909044841463110e-02 9.899999999999985478e-01 1.443289932012703503e-15 3.598890000000000146e+04 2.786498223577399131e+03 3.075300000000000000e+04 4.409500000000000000e+04
6.727499949325610462e-02 9.899999999999985478e-01 1.443289932012703503e-15 3.581873999999999796e+04 2.869731149846618791e+03 2.956800000000000000e+04 4.403000000000000000e+04
7.400249944258172063e-02 9.899999999999985478e-01 1.443289932012703503e-15 3.507954000000000087e+04 2.592043650944173805e+03 3.087700000000000000e+04 4.206500000000000000e+04
8.140274938683990380e-02 9.899999999999985478e-01 1.443289932012703503e-15 3.461533000000000175e+04 2.432137196191859402e+03 3.057000000000000000e+04 4.073900000000000000e+04
8.954302432552389834e-02 9.899999999999985478e-01 1.443289932012703503e-15 3.356115000000000146e+04 2.145101770895730624e+03 2.821200000000000000e+04 3.954300000000000000e+04
9.849732675807629234e-02 9.899999999999985478e-01 1.443289932012703503e-15 3.330413999999999942e+04 2.313074525474698476e+03 2.870300000000000000e+04 3.969300000000000000e+04
1.083470594338839244e-01 9.899999999999985478e-01 1.443289932012703503e-15 3.253977000000000044e+04 2.494388946636029232e+03 2.717800000000000000e+04 4.030700000000000000e+04
1.191817653772723196e-01 9.899999999999985478e-01 1.443289932012703503e-15 3.197122000000000116e+04 2.727167499733010118e+03 2.748800000000000000e+04 4.044500000000000000e+04
1.310999419149995737e-01 9.899999999999985478e-01 1.443289932012703503e-15 3.144531999999999971e+04 2.210649189174980620e+03 2.668600000000000000e+04 3.835000000000000000e+04
1.442099361064995422e-01 9.899999999999985478e-01 1.443289932012703503e-15 3.063493000000000029e+04 2.206943879010066667e+03 2.657300000000000000e+04 3.754400000000000000e+04
1.586309297171495103e-01 9.899999999999985478e-01 1.443289932012703503e-15 3.011456999999999971e+04 1.948938378989956391e+03 2.682500000000000000e+04 3.528400000000000000e+04
1.744940226888644641e-01 9.899999999999985478e-01 1.443289932012703503e-15 2.975625999999999840e+04 2.284580476236282266e+03 2.566000000000000000e+04 3.625800000000000000e+04
1.919434249577509355e-01 9.899999999999985478e-01 1.443289932012703503e-15 2.908320999999999913e+04 2.034204573266907119e+03 2.547200000000000000e+04 3.458200000000000000e+04
2.111377674535260540e-01 9.899999999999985478e-01 1.443289932012703503e-15 2.900900999999999840e+04 2.109329910161044609e+03 2.476500000000000000e+04 3.435500000000000000e+04
2.322515441988786677e-01 9.899999999999985478e-01 1.443289932012703503e-15 2.800597000000000116e+04 2.014102164514004471e+03 2.374400000000000000e+04 3.389100000000000000e+04
2.554766986187665401e-01 9.899999999999985478e-01 1.443289932012703503e-15 2.789433000000000175e+04 2.082865857682630121e+03 2.395300000000000000e+04 3.673300000000000000e+04
2.810243684806432163e-01 9.899999999999985478e-01 1.443289932012703503e-15 2.731461999999999898e+04 2.022902611496658210e+03 2.356200000000000000e+04 3.529000000000000000e+04
3.091268053287075657e-01 9.899999999999985478e-01 1.443289932012703503e-15 2.720549000000000160e+04 1.740643050685579055e+03 2.325300000000000000e+04 3.141500000000000000e+04
3.400394858615783389e-01 9.899999999999985478e-01 1.443289932012703503e-15 2.654554999999999927e+04 1.927727576059438888e+03 2.294000000000000000e+04 3.325900000000000000e+04
3.740434344477361894e-01 9.899999999999985478e-01 1.443289932012703503e-15 2.646043999999999869e+04 2.362828501267072625e+03 2.262300000000000000e+04 3.485800000000000000e+04
4.114477778925098583e-01 9.899999999999985478e-01 1.443289932012703503e-15 2.587797999999999956e+04 1.870586982634060860e+03 2.178200000000000000e+04 3.389900000000000000e+04
4.525925556817608775e-01 9.899999999999985478e-01 1.443289932012703503e-15 2.552777000000000044e+04 1.677154702792798844e+03 2.226600000000000000e+04 3.052100000000000000e+04
4.978518112499369930e-01 9.899999999999985478e-01 1.443289932012703503e-15 2.577725000000000000e+04 1.996566564755605668e+03 2.212100000000000000e+04 3.276700000000000000e+04
5.476369923749306867e-01 9.899999999999985478e-01 1.443289932012703503e-15 2.556004000000000087e+04 2.510186112303228583e+03 2.239700000000000000e+04 4.367700000000000000e+04
6.024006916124238220e-01 9.899999999999985478e-01 1.443289932012703503e-15 2.511616999999999825e+04 1.883574113513986504e+03 2.197800000000000000e+04 3.130500000000000000e+04
6.626407607736662930e-01 9.899999999999985478e-01 1.443289932012703503e-15 2.497736999999999898e+04 2.067362080792815505e+03 2.124100000000000000e+04 3.726700000000000000e+04
7.289048368510330222e-01 9.899999999999985478e-01 1.443289932012703503e-15 2.495593000000000029e+04 2.195986349024055016e+03 2.186600000000000000e+04 3.316000000000000000e+04
8.017953205361363356e-01 9.899999999999985478e-01 1.443289932012703503e-15 2.489384999999999854e+04 2.338933852741457486e+03 2.168100000000000000e+04 3.385800000000000000e+04
8.819748525897500580e-01 9.899999999999985478e-01 1.443289932012703503e-15 2.484950999999999840e+04 2.135061668875163832e+03 2.162300000000000000e+04 3.523000000000000000e+04
9.701723378487251415e-01 9.899999999999985478e-01 1.443289932012703503e-15 2.489159000000000015e+04 1.869402316757952576e+03 2.136500000000000000e+04 3.045100000000000000e+04
9.801723378487251503e-01 9.899999999999985478e-01 1.443289932012703503e-15 2.495381999999999971e+04 1.986685779785016393e+03 2.160400000000000000e+04 3.469600000000000000e+04
9.901723378487251592e-01 9.899999999999985478e-01 1.443289932012703503e-15 2.479327999999999884e+04 1.923210722099894838e+03 2.144200000000000000e+04 3.181200000000000000e+04
1.000172337848725057e+00 9.899999999999985478e-01 1.443289932012703503e-15 2.478420000000000073e+04 1.995730182163912104e+03 2.142400000000000000e+04 3.001700000000000000e+04
