1.000000000000000021e-02 9.899999999999985478e-01 1.443289932012703503e-15 5.751069000000000233e+04 4.019600882413575619e+03 4.859400000000000000e+04 6.657200000000000000e+04
1.100000000000000110e-02 9.899999999999985478e-01 1.443289932012703503e-15 5.593926000000000204e+04 3.793763592054729543e+03 4.675900000000000000e+04 6.843200000000000000e+04
1.210000000000000138e-02 9.899999999999985478e-01 1.443289932012703503e-15 5.489234999999999854e+04 4.000014643410695953e+03 4.689000000000000000e+04 6.448200000000000000e+04
1.331000000000000238e-02 9.899999999999985478e-01 1.443289932012703503e-15 5.385925000000000000e+04 3.284450259556384481e+03 4.557000000000000000e+04 6.397700000000000000e+04
1.464100000000000297e-02 9.899999999999985478e-01 1.443289932012703503e-15 5.298858000000000175e+04 3.815073423094239843e+03 4.631600000000000000e+04 6.132100000000000000e+04
1.610510000000000413e-02 9.899999999999985478e-01 1.443289932012703503e-15 5.220801000000000204e+04 3.862674592804834447e+03 4.326700000000000000e+04 6.229900000000000000e+04
1.771561000000000663e-02 9.899999999999985478e-01 1.443289932012703503e-15 5.192723999999999796e+04 4.303253144122478261e+03 4.350000000000000000e+04 6.736400000000000000e+04
1.948717100000000799e-02 9.899999999999985478e-01 1.443289932012703503e-15 5.129387000000000262e+04 3.722074579196392278e+03 4.459500000000000000e+04 6.927500000000000000e+04
2.143588810000001191e-02 9.899999999999985478e-01 1.443289932012703503e-15 4.985633000000000175e+04 3.270549305713032936e+03 4.276100000000000000e+04 6.008000000000000000e+04
2.357947691000001483e-02 9.899999999999985478e-01 1.443289932012703503e-15 4.856973000000000320e+04 3.151480365970887306e+03 4.222000000000000000e+04 5.878300000000000000e+04
2.593742460100001770e-02 9.899999999999985478e-01 1.443289932012703503e-15 4.801926999999999680e+04 3.170626748310181483e+03 4.218000000000000000e+04 5.703000000000000000e+04
2.853116706110002052e-02 9.899999999999985478e-01 1.443289932012703503e-15 4.765570999999999913e+04 3.389804048304267781e+03 4.161700000000000000e+04 5.816600000000000000e+04
3.138428376721002361e-02 9.899999999999985478e-01 1.443289932012703503e-15 4.578865000000000146e+04 2.933697068120701715e+03 3.920100000000000000e+04 5.494800000000000000e+04
3.452271214393103083e-02 9.899999999999985478e-01 1.443289932012703503e-15 4.576319000000000233e+04 3.041275583353142338e+03 3.958000000000000000e+04 5.279500000000000000e+04
3.797498335832413807e-02 9.899999999999985478e-01 1.443289932012703503e-15 4.557184999999999854e+04 3.038771920941090229e+03 3.864500000000000000e+04 5.508500000000000000e+04
4.177248169415655188e-02 9.899999999999985478e-01 1.443289932012703503e-15 4.431794999999999709e+04 2.980669265030925544e+03 3.781000000000000000e+04 5.277200000000000000e+04
4.594972986357220845e-02 9.899999999999985478e-01 1.443289932012703503e-15 4.300772000000000116e+04 3.005737680104502942e+03 3.696600000000000000e+04 5.084900000000000000e+04
5.054470284992943624e-02 9.899999999999985478e-01 1.443289932012703503e-15 4.263026000000000204e+04 2.895253355476856996e+03 3.545900000000000000e+04 5.023600000000000000e+04
5.559917313492238750e-02 9.899999999999985478e-01 1.443289932012703503e-15 4.225658000000000175e+04 2.755080790757323484e+03 3.674300000000000000e+04 5.053900000000000000e+04
6.115909044841463110e-02 9.899999999999985478e-01 1.443289932012703503e-15 4.110601000000000204e+04 2.816059322865909053e+03 3.498000000000000000e+04 4.855800000000000000e+04
6.727499949325610462e-02 9.899999999999985478e-01 1.443289932012703503e-15 4.119541000000000349e+04 2.783637936567899942e+03 3.622000000000000000e+04 5.093900000000000000e+04
7.400249944258172063e-02 9.899999999999985478e-01 1.443289932012703503e-15 4.003551999999999680e+04 2.780663854118293330e+03 3.544100000000000000e+04 4.942000000000000000e+04
8.140274938683990380e-02 9.899999999999985478e-01 1.443289932012703503e-15 3.947383999999999651e+04 2.534361942264758454e+03 3.490500000000000000e+04 4.642300000000000000e+04
8.954302432552389834e-02 9.899999999999985478e-01 1.443289932012703503e-15 3.885658999999999651e+04 3.082003783563543038e+03 3.353500000000000000e+04 4.746600000000000000e+04
9.849732675807629234e-02 9.899999999999985478e-01 1.443289932012703503e-15 3.805472000000000116e+04 2.465794541643727825e+03 3.107800000000000000e+04 4.473900000000000000e+04
1.083470594338839244e-01 9.899999999999985478e-01 1.443289932012703503e-15 3.751730999999999767e+04 2.668024987495432015e+03 3.246800000000000000e+04 4.633500000000000000e+04
1.191817653772723196e-01 9.899999999999985478e-01 1.443289932012703503e-15 3.687566000000000349e+04 2.192513877812406918e+03 3.119000000000000000e+04 4.213200000000000000e+04
1.310999419149995737e-01 9.899999999999985478e-01 1.443289932012703503e-15 3.680443000000000029e+04 2.140745656330990187e+03 3.213700000000000000e+04 4.411700000000000000e+04
1.442099361064995422e-01 9.899999999999985478e-01 1.443289932012703503e-15 3.567919999999999709e+04 2.567259110413282542e+03 3.139900000000000000e+04 4.387900000000000000e+04
1.586309297171495103e-01 9.899999999999985478e-01 1.443289932012703503e-15 3.528675000000000000e+04 2.061226098102777087e+03 3.177400000000000000e+04 4.265500000000000000e+04
1.744940226888644641e-01 9.899999999999985478e-01 1.443289932012703503e-15 3.442916000000000349e+04 2.112197541519259175e+03 3.037800000000000000e+04 4.130500000000000000e+04
1.919434249577509355e-01 9.899999999999985478e-01 1.443289932012703503e-15 3.456294999999999709e+04 2.080058476942415382e+03 3.048100000000000000e+04 4.139400000000000000e+04
2.111377674535260540e-01 9.899999999999985478e-01 1.443289932012703503e-15 3.413518000000000029e+04 1.928212552495185946e+03 3.052200000000000000e+04 3.963700000000000000e+04
2.322515441988786677e-01 9.899999999999985478e-01 1.443289932012703503e-15 3.369880999999999767e+04 2.492504309705401738e+03 2.959600000000000000e+04 4.200400000000000000e+04
2.554766986187665401e-01 9.899999999999985478e-01 1.443289932012703503e-15 3.331756999999999971e+04 2.239485558136064355e+03 2.941100000000000000e+04 4.253100000000000000e+04
2.810243684806432163e-01 9.899999999999985478e-01 1.443289932012703503e-15 3.268754000000000087e+04 1.873795732837493688e+03 2.910100000000000000e+04 3.939500000000000000e+04
3.091268053287075657e-01 9.899999999999985478e-01 1.443289932012703503e-15 3.203825999999999840e+04 1.682328657664726279e+03 2.849500000000000000e+04 3.688400000000000000e+04
3.400394858615783389e-01 9.899999999999985478e-01 1.443289932012703503e-15 3.254693000000000029e+04 2.735453846274873740e+03 2.861100000000000000e+04 4.281600000000000000e+04
3.740434344477361894e-01 9.899999999999985478e-01 1.443289932012703503e-15 3.195506999999999971e+04 1.751117421848118283e+03 2.872700000000000000e+04 3.820100000000000000e+04
4.114477778925098583e-01 9.899999999999985478e-01 1.443289932012703503e-15 3.169986000000000058e+04 1.867871821191165509e+03 2.878200000000000000e+04 3.672000000000000000e+04
4.525925556817608775e-01 9.899979999999986013e-01 1.989974874213020699e-05 3.315567999999999884e+05 2.981791296803597361e+06 2.786600000000000000e+04 3.000000000000000000e+07
4.978518112499369930e-01 9.896909999999989882e-01 5.690509643256959913e-04 1.112007855000000075e+07 1.446874201330181211e+07 2.858600000000000000e+04 3.000000000000000000e+07
5.476369923749306867e-01 9.881240000000000023e-01 1.012138330466730903e-03 2.820193707000000030e+07 7.116938120317470282e+06 3.022900000000000000e+04 3.000000000000000000e+07
6.024006916124238220e-01 9.863069999999997117e-01 1.361268158740223770e-03 3.000000000000000000e+07 0.000000000000000000e+00 3.000000000000000000e+07 3.000000000000000000e+07
6.626407607736662930e-01 9.840900000000002423e-01 1.188738827497442477e-03 3.000000000000000000e+07 0.000000000000000000e+00 3.000000000000000000e+07 3.000000000000000000e+07
7.289048368510330222e-01 9.822290000000001298e-01 1.399378076146683744e-03 3.000000000000000000e+07 0.000000000000000000e+00 3.000000000000000000e+07 3.000000000000000000e+07
8.017953205361363356e-01 9.806150000000002365e-01 1.454742245210473642e-03 3.000000000000000000e+07 0.000000000000000000e+00 3.000000000000000000e+07 3.000000000000000000e+07
8.819748525897500580e-01 9.794769999999995980e-01 1.611512022915126885e-03 3.000000000000000000e+07 0.000000000000000000e+00 3.000000000000000000e+07 3.000000000000000000e+07
9.701723378487251415e-01 9.787050000000000471e-01 1.434668951361252852e-03 3.000000000000000000e+07 0.000000000000000000e+00 3.000000000000000000e+07 3.000000000000000000e+07
9.801723378487251503e-01 9.787230000000002317e-01 1.587189654704183796e-03 3.000000000000000000e+07 0.000000000000000000e+00 3.000000000000000000e+07 3.000000000000000000e+07
9.901723378487251592e-01 9.791309999999998626e-01 1.509880458844345668e-03 3.000000000000000000e+07 0.000000000000000000e+00 3.000000000000000000e+07 3.000000000000000000e+07
1.000172337848725057e+00 9.791079999999997563e-01 1.521096972582619902e-03 3.000000000000000000e+07 0.000000000000000000e+00 3.000000000000000000e+07 3.000000000000000000e+07
