1.000000000000000021e-02 9.899999999999985478e-01 1.443289932012703503e-15 5.386912999999999738e+04 4.276097296963670487e+03 4.184800000000000000e+04 6.540600000000000000e+04
1.100000000000000110e-02 9.899999999999985478e-01 1.443289932012703503e-15 5.226027999999999884e+04 3.726151355165272435e+03 4.545200000000000000e+04 6.325500000000000000e+04
1.210000000000000138e-02 9.899999999999985478e-01 1.443289932012703503e-15 5.200701999999999680e+04 3.641545237890091357e+03 4.557700000000000000e+04 6.230700000000000000e+04
1.331000000000000238e-02 9.899999999999985478e-01 1.443289932012703503e-15 5.086208999999999651e+04 4.351939124332968277e+03 4.228800000000000000e+04 6.334900000000000000e+04
1.464100000000000297e-02 9.899999999999985478e-01 1.443289932012703503e-15 4.980572000000000116e+04 3.460523790064157765e+03 4.213600000000000000e+04 6.177800000000000000e+04
1.610510000000000413e-02 9.899999999999985478e-01 1.443289932012703503e-15 4.944141999999999825e+04 3.645451327833085088e+03 3.986800000000000000e+04 5.908100000000000000e+04
1.771561000000000663e-02 9.899999999999985478e-01 1.443289932012703503e-15 4.800454000000000087e+04 3.050092511449448466e+03 4.258400000000000000e+04 5.612100000000000000e+04
1.948717100000000799e-02 9.899999999999985478e-01 1.443289932012703503e-15 4.716980000000000291e+04 3.357208968771530181e+03 4.027200000000000000e+04 5.524500000000000000e+04
2.143588810000001191e-02 9.899999999999985478e-01 1.443289932012703503e-15 4.659759999999999854e+04 3.319049610957931236e+03 3.955800000000000000e+04 5.803100000000000000e+04
2.357947691000001483e-02 9.899999999999985478e-01 1.443289932012703503e-15 4.588616999999999825e+04 4.021048512651892452e+03 3.675600000000000000e+04 5.574400000000000000e+04
2.593742460100001770e-02 9.899999999999985478e-01 1.443289932012703503e-15 4.484544000000000233e+04 3.212304725022208004e+03 3.642500000000000000e+04 5.128800000000000000e+04
2.853116706110002052e-02 9.899999999999985478e-01 1.443289932012703503e-15 4.357441000000000349e+04 3.036773880600924258e+03 3.587000000000000000e+04 5.126700000000000000e+04
3.138428376721002361e-02 9.899999999999985478e-01 1.443289932012703503e-15 4.296181999999999971e+04 2.493906659760946695e+03 3.582400000000000000e+04 4.974300000000000000e+04
3.452271214393103083e-02 9.899999999999985478e-01 1.443289932012703503e-15 4.253848999999999796e+04 3.309631470405730397e+03 3.626700000000000000e+04 5.356700000000000000e+04
3.797498335832413807e-02 9.899999999999985478e-01 1.443289932012703503e-15 4.115268000000000029e+04 2.979742975090302025e+03 3.540000000000000000e+04 5.081500000000000000e+04
4.177248169415655188e-02 9.899999999999985478e-01 1.443289932012703503e-15 4.095844999999999709e+04 3.284155158865060912e+03 3.403000000000000000e+04 5.317900000000000000e+04
4.594972986357220845e-02 9.899999999999985478e-01 1.443289932012703503e-15 4.043097000000000116e+04 2.875125247550095537e+03 3.570000000000000000e+04 5.305500000000000000e+04
5.054470284992943624e-02 9.899999999999985478e-01 1.443289932012703503e-15 3.907745999999999913e+04 2.613477853053283525e+03 3.416600000000000000e+04 4.724400000000000000e+04
5.559917313492238750e-02 9.899999999999985478e-01 1.443289932012703503e-15 3.842373999999999796e+04 2.869446656134244222e+03 3.297500000000000000e+04 4.748400000000000000e+04
6.115909044841463110e-02 9.899999999999985478e-01 1.443289932012703503e-15 3.777409999999999854e+04 2.901796434969206530e+03 3.154800000000000000e+04 4.612900000000000000e+04
6.727499949325610462e-02 9.899999999999985478e-01 1.443289932012703503e-15 3.712066000000000349e+04 2.686715426761829804e+03 3.234000000000000000e+04 4.433600000000000000e+04
7.400249944258172063e-02 9.899999999999985478e-01 1.443289932012703503e-15 3.650468000000000029e+04 2.558643624579242442e+03 3.007400000000000000e+04 4.564500000000000000e+04
8.140274938683990380e-02 9.899999999999985478e-01 1.443289932012703503e-15 3.564634999999999854e+04 2.489994182222118980e+03 3.018200000000000000e+04 4.423400000000000000e+04
8.954302432552389834e-02 9.899999999999985478e-01 1.443289932012703503e-15 3.499298000000000320e+04 2.395977024013377104e+03 2.979400000000000000e+04 4.354600000000000000e+04
9.849732675807629234e-02 9.899999999999985478e-01 1.443289932012703503e-15 3.472305000000000291e+04 2.345871046647705498e+03 2.961200000000000000e+04 4.121000000000000000e+04
1.083470594338839244e-01 9.899999999999985478e-01 1.443289932012703503e-15 3.375202999999999884e+04 2.440090045285214728e+03 2.914600000000000000e+04 4.067900000000000000e+04
1.191817653772723196e-01 9.899999999999985478e-01 1.443289932012703503e-15 3.301047000000000116e+04 2.122293016786324642e+03 2.848700000000000000e+04 3.816200000000000000e+04
1.310999419149995737e-01 9.899999999999985478e-01 1.443289932012703503e-15 3.288179000000000087e+04 2.445648831271570089e+03 2.809500000000000000e+04 4.090200000000000000e+04
1.442099361064995422e-01 9.899999999999985478e-01 1.443289932012703503e-15 3.195495000000000073e+04 2.147973623557793871e+03 2.815800000000000000e+04 3.985800000000000000e+04
1.586309297171495103e-01 9.899999999999985478e-01 1.443289932012703503e-15 3.195620999999999913e+04 2.624857086757296656e+03 2.797800000000000000e+04 4.153400000000000000e+04
1.744940226888644641e-01 9.899999999999985478e-01 1.443289932012703503e-15 3.102729000000000087e+04 2.182192605133653160e+03 2.691300000000000000e+04 3.931700000000000000e+04
1.919434249577509355e-01 9.899999999999985478e-01 1.443289932012703503e-15 3.063024000000000160e+04 2.011306322368624251e+03 2.681000000000000000e+04 3.698100000000000000e+04
2.111377674535260540e-01 9.899999999999985478e-01 1.443289932012703503e-15 3.042806000000000131e+04 2.317926930772408923e+03 2.559900000000000000e+04 3.881400000000000000e+04
2.322515441988786677e-01 9.899999999999985478e-01 1.443289932012703503e-15 2.949308000000000175e+04 1.929707794874654155e+03 2.626300000000000000e+04 3.814100000000000000e+04
2.554766986187665401e-01 9.899999999999985478e-01 1.443289932012703503e-15 2.918552000000000044e+04 1.897045605566718905e+03 2.537600000000000000e+04 3.532500000000000000e+04
2.810243684806432163e-01 9.899999999999985478e-01 1.443289932012703503e-15 2.850729999999999927e+04 1.843558729739847422e+03 2.500100000000000000e+04 3.402600000000000000e+04
3.091268053287075657e-01 9.899999999999985478e-01 1.443289932012703503e-15 2.867311999999999898e+04 2.308144008852134903e+03 2.447400000000000000e+04 3.742900000000000000e+04
3.400394858615783389e-01 9.899999999999985478e-01 1.443289932012703503e-15 2.826350000000000000e+04 2.356601890434614688e+03 2.450100000000000000e+04 4.012800000000000000e+04
3.740434344477361894e-01 9.899999999999985478e-01 1.443289932012703503e-15 2.796284000000000015e+04 2.280368438301144124e+03 2.492300000000000000e+04 3.628300000000000000e+04
4.114477778925098583e-01 9.899999999999985478e-01 1.443289932012703503e-15 2.744513000000000102e+04 2.102047571559692187e+03 2.419600000000000000e+04 3.490500000000000000e+04
4.525925556817608775e-01 9.899999999999985478e-01 1.443289932012703503e-15 2.720452000000000044e+04 1.838764076655838835e+03 2.332400000000000000e+04 3.285300000000000000e+04
4.978518112499369930e-01 9.899999999999985478e-01 1.443289932012703503e-15 2.684715999999999985e+04 1.842990828626122038e+03 2.354100000000000000e+04 3.360700000000000000e+04
5.476369923749306867e-01 9.899999999999985478e-01 1.443289932012703503e-15 2.676568999999999869e+04 1.949785955919264097e+03 2.355700000000000000e+04 3.479700000000000000e+04
6.024006916124238220e-01 9.899999999999985478e-01 1.443289932012703503e-15 2.672250999999999840e+04 1.690772447699571785e+03 2.391200000000000000e+04 3.391700000000000000e+04
6.626407607736662930e-01 9.899999999999985478e-01 1.443289932012703503e-15 2.625474000000000160e+04 1.781255263122048973e+03 2.292000000000000000e+04 3.162700000000000000e+04
7.289048368510330222e-01 9.899999999999985478e-01 1.443289932012703503e-15 2.637483000000000175e+04 1.927543208620755877e+03 2.289800000000000000e+04 3.349600000000000000e+04
8.017953205361363356e-01 9.899999999999985478e-01 1.443289932012703503e-15 2.613586000000000058e+04 1.673800340661932296e+03 2.357400000000000000e+04 3.039000000000000000e+04
8.819748525897500580e-01 9.899999999999985478e-01 1.443289932012703503e-15 2.605986000000000058e+04 1.862819653213912488e+03 2.313900000000000000e+04 3.260200000000000000e+04
9.701723378487251415e-01 9.899999999999985478e-01 1.443289932012703503e-15 2.636970000000000073e+04 2.360859595571071623e+03 2.290700000000000000e+04 3.848800000000000000e+04
9.801723378487251503e-01 9.899999999999985478e-01 1.443289932012703503e-15 2.622866999999999825e+04 1.711354189260656767e+03 2.337300000000000000e+04 3.133200000000000000e+04
9.901723378487251592e-01 9.899999999999985478e-01 1.443289932012703503e-15 2.616477000000000044e+04 1.853091707687453436e+03 2.318300000000000000e+04 3.491200000000000000e+04
1.000172337848725057e+00 9.899999999999985478e-01 1.443289932012703503e-15 2.640561000000000058e+04 2.344446224143347536e+03 2.294500000000000000e+04 3.872900000000000000e+04
