1.000000000000000021e-02 9.899999999999985478e-01 1.443289932012703503e-15 5.133006999999999971e+04 3.879129812870407477e+03 4.238500000000000000e+04 6.053100000000000000e+04
1.100000000000000110e-02 9.899999999999985478e-01 1.443289932012703503e-15 4.988119000000000233e+04 3.660044728401552220e+03 4.274700000000000000e+04 6.076000000000000000e+04
1.210000000000000138e-02 9.899999999999985478e-01 1.443289932012703503e-15 4.922387000000000262e+04 3.653724052675571329e+03 4.136400000000000000e+04 5.792600000000000000e+04
1.331000000000000238e-02 9.899999999999985478e-01 1.443289932012703503e-15 4.810990000000000146e+04 3.380704185521117779e+03 4.153800000000000000e+04 5.752600000000000000e+04
1.464100000000000297e-02 9.899999999999985478e-01 1.443289932012703503e-15 4.808441999999999825e+04 3.457451243850012361e+03 4.109600000000000000e+04 5.652800000000000000e+04
1.610510000000000413e-02 9.899999999999985478e-01 1.443289932012703503e-15 4.656259999999999854e+04 3.282496297027614673e+03 3.993100000000000000e+04 5.672000000000000000e+04
1.771561000000000663e-02 9.899999999999985478e-01 1.443289932012703503e-15 4.514594999999999709e+04 3.354011730376028481e+03 3.862800000000000000e+04 5.260700000000000000e+04
1.948717100000000799e-02 9.899999999999985478e-01 1.443289932012703503e-15 4.517026000000000204e+04 3.474359502469483687e+03 3.750200000000000000e+04 5.725400000000000000e+04
2.143588810000001191e-02 9.899999999999985478e-01 1.443289932012703503e-15 4.372256999999999971e+04 3.439871847191403049e+03 3.487300000000000000e+04 5.772900000000000000e+04
2.357947691000001483e-02 9.899999999999985478e-01 1.443289932012703503e-15 4.359386000000000058e+04 3.214246801413979028e+03 3.655100000000000000e+04 5.085000000000000000e+04
2.593742460100001770e-02 9.899999999999985478e-01 1.443289932012703503e-15 4.264987999999999738e+04 3.327493676267469255e+03 3.680100000000000000e+04 5.149600000000000000e+04
2.853116706110002052e-02 9.899999999999985478e-01 1.443289932012703503e-15 4.092151000000000204e+04 3.030427789916796883e+03 3.505800000000000000e+04 4.978800000000000000e+04
3.138428376721002361e-02 9.899999999999985478e-01 1.443289932012703503e-15 4.079380999999999767e+04 3.107507221858060348e+03 3.543500000000000000e+04 5.038800000000000000e+04
3.452271214393103083e-02 9.899999999999985478e-01 1.443289932012703503e-15 3.993625000000000000e+04 3.462949480933847099e+03 3.289500000000000000e+04 5.114700000000000000e+04
3.797498335832413807e-02 9.899999999999985478e-01 1.443289932012703503e-15 3.961409999999999854e+04 2.864763862868980141e+03 3.342300000000000000e+04 4.707100000000000000e+04
4.177248169415655188e-02 9.899999999999985478e-01 1.443289932012703503e-15 3.841734999999999854e+04 2.941332447633214088e+03 3.265400000000000000e+04 4.656900000000000000e+04
4.594972986357220845e-02 9.899999999999985478e-01 1.443289932012703503e-15 3.749476000000000204e+04 3.186191658139855463e+03 3.210300000000000000e+04 4.977600000000000000e+04
5.054470284992943624e-02 9.899999999999985478e-01 1.443289932012703503e-15 3.690511000000000058e+04 2.806175692628671186e+03 3.162300000000000000e+04 4.835500000000000000e+04
5.559917313492238750e-02 9.899999999999985478e-01 1.443289932012703503e-15 3.642423999999999796e+04 2.561732375249217512e+03 3.092400000000000000e+04 4.327400000000000000e+04
6.115909044841463110e-02 9.899999999999985478e-01 1.443289932012703503e-15 3.583452999999999884e+04 2.839144041625926093e+03 2.922100000000000000e+04 4.483900000000000000e+04
6.727499949325610462e-02 9.899999999999985478e-01 1.443289932012703503e-15 3.467893000000000029e+04 2.566582362812462179e+03 2.959200000000000000e+04 4.211800000000000000e+04
7.400249944258172063e-02 9.899999999999985478e-01 1.443289932012703503e-15 3.391173000000000320e+04 2.596529402317639779e+03 2.814500000000000000e+04 4.032500000000000000e+04
8.140274938683990380e-02 9.899999999999985478e-01 1.443289932012703503e-15 3.366411000000000058e+04 2.758373679888205515e+03 2.783300000000000000e+04 4.246300000000000000e+04
8.954302432552389834e-02 9.899999999999985478e-01 1.443289932012703503e-15 3.251984000000000015e+04 2.509718182266686199e+03 2.794600000000000000e+04 3.922600000000000000e+04
9.849732675807629234e-02 9.899999999999985478e-01 1.443289932012703503e-15 3.214115999999999985e+04 2.486835437740100133e+03 2.803800000000000000e+04 3.992200000000000000e+04
1.083470594338839244e-01 9.899999999999985478e-01 1.443289932012703503e-15 3.110743999999999869e+04 2.258176225718445039e+03 2.666900000000000000e+04 3.815500000000000000e+04
1.191817653772723196e-01 9.899999999999985478e-01 1.443289932012703503e-15 3.026815999999999985e+04 2.026907061115531633e+03 2.656300000000000000e+04 3.661500000000000000e+04
1.310999419149995737e-01 9.899999999999985478e-01 1.443289932012703503e-15 3.024240000000000146e+04 2.440291150662150812e+03 2.524200000000000000e+04 4.039700000000000000e+04
1.442099361064995422e-01 9.899999999999985478e-01 1.443289932012703503e-15 2.992945000000000073e+04 2.135793535784768210e+03 2.561200000000000000e+04 3.617000000000000000e+04
1.586309297171495103e-01 9.899999999999985478e-01 1.443289932012703503e-15 2.878104999999999927e+04 2.058067682924931887e+03 2.500700000000000000e+04 3.563400000000000000e+04
1.744940226888644641e-01 9.899999999999985478e-01 1.443289932012703503e-15 2.835284999999999854e+04 2.168390819824691789e+03 2.345300000000000000e+04 3.463300000000000000e+04
1.919434249577509355e-01 9.899999999999985478e-01 1.443289932012703503e-15 2.806409999999999854e+04 2.010240316479599642e+03 2.398300000000000000e+04 3.476200000000000000e+04
2.111377674535260540e-01 9.899999999999985478e-01 1.443289932012703503e-15 2.755922999999999956e+04 2.031309823020604654e+03 2.360600000000000000e+04 3.406400000000000000e+04
2.322515441988786677e-01 9.899999999999985478e-01 1.443289932012703503e-15 2.724088999999999942e+04 2.348167953511843734e+03 2.336100000000000000e+04 3.539000000000000000e+04
2.554766986187665401e-01 9.899999999999985478e-01 1.443289932012703503e-15 2.678215999999999985e+04 1.958852872065688643e+03 2.317100000000000000e+04 3.213700000000000000e+04
2.810243684806432163e-01 9.899999999999985478e-01 1.443289932012703503e-15 2.654152999999999884e+04 2.111686039424421779e+03 2.296900000000000000e+04 3.295800000000000000e+04
3.091268053287075657e-01 9.899999999999985478e-01 1.443289932012703503e-15 2.611775000000000000e+04 1.954925836828599358e+03 2.198000000000000000e+04 3.235100000000000000e+04
3.400394858615783389e-01 9.899999999999985478e-01 1.443289932012703503e-15 2.524079999999999927e+04 1.913974054160609285e+03 2.195400000000000000e+04 3.123500000000000000e+04
3.740434344477361894e-01 9.899999999999985478e-01 1.443289932012703503e-15 2.500988000000000102e+04 1.912534126649770315e+03 2.158200000000000000e+04 3.034600000000000000e+04
4.114477778925098583e-01 9.899999999999985478e-01 1.443289932012703503e-15 2.450745999999999913e+04 1.727322439036788410e+03 2.153100000000000000e+04 3.207700000000000000e+04
4.525925556817608775e-01 9.899999999999985478e-01 1.443289932012703503e-15 2.432065999999999985e+04 1.610421915027239265e+03 2.120300000000000000e+04 3.132600000000000000e+04
4.978518112499369930e-01 9.899999999999985478e-01 1.443289932012703503e-15 2.437345000000000073e+04 1.854546356255351384e+03 2.053000000000000000e+04 3.127900000000000000e+04
5.476369923749306867e-01 9.899999999999985478e-01 1.443289932012703503e-15 2.401731999999999971e+04 1.977138679405164794e+03 2.058400000000000000e+04 3.125200000000000000e+04
6.024006916124238220e-01 9.899999999999985478e-01 1.443289932012703503e-15 2.348652000000000044e+04 1.861132646965282447e+03 2.060600000000000000e+04 3.127300000000000000e+04
6.626407607736662930e-01 9.899999999999985478e-01 1.443289932012703503e-15 2.379536000000000058e+04 2.216408227380507014e+03 2.038500000000000000e+04 3.436800000000000000e+04
7.289048368510330222e-01 9.899999999999985478e-01 1.443289932012703503e-15 2.392790999999999985e+04 2.040811304824627314e+03 2.046400000000000000e+04 3.160800000000000000e+04
8.017953205361363356e-01 9.899999999999985478e-01 1.443289932012703503e-15 2.354325999999999840e+04 1.679522799011671623e+03 1.937700000000000000e+04 2.839600000000000000e+04
8.819748525897500580e-01 9.899999999999985478e-01 1.443289932012703503e-15 2.341745999999999913e+04 1.687212674324134923e+03 1.955200000000000000e+04 2.781000000000000000e+04
9.701723378487251415e-01 9.899999999999985478e-01 1.443289932012703503e-15 2.341127999999999884e+04 1.916453365360086082e+03 2.056100000000000000e+04 2.912100000000000000e+04
9.801723378487251503e-01 9.899999999999985478e-01 1.443289932012703503e-15 2.321672000000000116e+04 1.588918934873645412e+03 1.991300000000000000e+04 2.672100000000000000e+04
9.901723378487251592e-01 9.899999999999985478e-01 1.443289932012703503e-15 2.381216999999999825e+04 2.118133135829756611e+03 2.005500000000000000e+04 3.096900000000000000e+04
1.000172337848725057e+00 9.899999999999985478e-01 1.443289932012703503e-15 2.365650999999999840e+04 1.863656671680703766e+03 2.078200000000000000e+04 3.079500000000000000e+04
