1.000000000000000021e-02 9.899999999999985478e-01 1.443289932012703503e-15 4.409473999999999796e+04 2.803109258020457673e+03 3.885000000000000000e+04 5.126600000000000000e+04
1.100000000000000110e-02 9.899999999999985478e-01 1.443289932012703503e-15 4.246955999999999767e+04 2.702138176777789795e+03 3.682400000000000000e+04 4.925000000000000000e+04
1.210000000000000138e-02 9.899999999999985478e-01 1.443289932012703503e-15 4.125716999999999825e+04 2.886611331838770639e+03 3.571100000000000000e+04 4.913600000000000000e+04
1.331000000000000238e-02 9.899999999999985478e-01 1.443289932012703503e-15 4.075113999999999942e+04 2.839347234911573196e+03 3.368500000000000000e+04 4.736200000000000000e+04
1.464100000000000297e-02 9.899999999999985478e-01 1.443289932012703503e-15 3.986225000000000000e+04 2.563892159881144380e+03 3.355100000000000000e+04 4.690400000000000000e+04
1.610510000000000413e-02 9.899999999999985478e-01 1.443289932012703503e-15 3.881791000000000349e+04 2.232639460795226569e+03 3.274000000000000000e+04 4.307500000000000000e+04
1.771561000000000663e-02 9.899999999999985478e-01 1.443289932012703503e-15 3.817616999999999825e+04 2.480292341862143985e+03 3.256700000000000000e+04 4.737800000000000000e+04
1.948717100000000799e-02 9.899999999999985478e-01 1.443289932012703503e-15 3.777422000000000116e+04 2.321556540685580785e+03 3.338500000000000000e+04 4.615400000000000000e+04
2.143588810000001191e-02 9.899999999999985478e-01 1.443289932012703503e-15 3.691377999999999884e+04 2.073931669944793612e+03 3.230300000000000000e+04 4.235000000000000000e+04
2.357947691000001483e-02 9.899999999999985478e-01 1.443289932012703503e-15 3.594012000000000262e+04 2.388535359922477710e+03 3.070300000000000000e+04 4.152100000000000000e+04
2.593742460100001770e-02 9.899999999999985478e-01 1.443289932012703503e-15 3.510354000000000087e+04 2.293778059970057257e+03 3.080900000000000000e+04 4.210000000000000000e+04
2.853116706110002052e-02 9.899999999999985478e-01 1.443289932012703503e-15 3.440830000000000291e+04 2.152517913978882916e+03 2.955400000000000000e+04 4.116300000000000000e+04
3.138428376721002361e-02 9.899999999999985478e-01 1.443289932012703503e-15 3.323872000000000116e+04 2.019863842341854706e+03 2.861000000000000000e+04 3.894500000000000000e+04
3.452271214393103083e-02 9.899999999999985478e-01 1.443289932012703503e-15 3.321712000000000262e+04 1.704370207906721134e+03 2.950100000000000000e+04 3.745900000000000000e+04
3.797498335832413807e-02 9.899999999999985478e-01 1.443289932012703503e-15 3.176011000000000058e+04 1.869817359503328589e+03 2.773300000000000000e+04 3.656700000000000000e+04
4.177248169415655188e-02 9.899999999999985478e-01 1.443289932012703503e-15 3.117933000000000175e+04 1.748570302018194525e+03 2.778000000000000000e+04 3.532900000000000000e+04
4.594972986357220845e-02 9.899999999999985478e-01 1.443289932012703503e-15 3.108829999999999927e+04 2.019327340972731463e+03 2.681100000000000000e+04 3.810500000000000000e+04
5.054470284992943624e-02 9.899999999999985478e-01 1.443289932012703503e-15 2.989340999999999985e+04 1.727856562883621109e+03 2.563400000000000000e+04 3.528100000000000000e+04
5.559917313492238750e-02 9.899999999999985478e-01 1.443289932012703503e-15 2.920200000000000000e+04 1.886276289412555798e+03 2.438100000000000000e+04 3.424000000000000000e+04
6.115909044841463110e-02 9.899999999999985478e-01 1.443289932012703503e-15 2.825670999999999913e+04 1.588545877807751594e+03 2.478200000000000000e+04 3.197300000000000000e+04
6.727499949325610462e-02 9.899999999999985478e-01 1.443289932012703503e-15 2.786743000000000029e+04 1.733116996945099345e+03 2.417500000000000000e+04 3.290100000000000000e+04
7.400249944258172063e-02 9.899999999999985478e-01 1.443289932012703503e-15 2.697225000000000000e+04 1.332355495916911877e+03 2.391100000000000000e+04 3.016200000000000000e+04
8.140274938683990380e-02 9.899999999999985478e-01 1.443289932012703503e-15 2.700129000000000087e+04 1.496402461204872452e+03 2.335200000000000000e+04 3.058100000000000000e+04
8.954302432552389834e-02 9.899999999999985478e-01 1.443289932012703503e-15 2.595647999999999956e+04 1.413727763609387239e+03 2.191100000000000000e+04 2.978600000000000000e+04
9.849732675807629234e-02 9.899999999999985478e-01 1.443289932012703503e-15 2.547195999999999913e+04 1.266151925481298804e+03 2.287100000000000000e+04 3.012100000000000000e+04
1.083470594338839244e-01 9.899999999999985478e-01 1.443289932012703503e-15 2.481263999999999942e+04 1.269451940957198985e+03 2.216200000000000000e+04 2.826700000000000000e+04
1.191817653772723196e-01 9.899999999999985478e-01 1.443289932012703503e-15 2.424370000000000073e+04 1.317591784279182548e+03 2.179000000000000000e+04 2.822900000000000000e+04
1.310999419149995737e-01 9.899999999999985478e-01 1.443289932012703503e-15 2.359104999999999927e+04 1.145349609289670298e+03 2.112900000000000000e+04 2.738700000000000000e+04
1.442099361064995422e-01 9.899999999999985478e-01 1.443289932012703503e-15 2.301522999999999956e+04 1.103761385943538244e+03 2.022000000000000000e+04 2.612600000000000000e+04
1.586309297171495103e-01 9.899999999999985478e-01 1.443289932012703503e-15 2.276911999999999898e+04 1.127925487609886432e+03 2.035200000000000000e+04 2.727800000000000000e+04
1.744940226888644641e-01 9.899999999999985478e-01 1.443289932012703503e-15 2.235934000000000015e+04 1.204579206362122250e+03 2.000500000000000000e+04 2.542200000000000000e+04
1.919434249577509355e-01 9.899999999999985478e-01 1.443289932012703503e-15 2.164924000000000160e+04 1.033892335980879579e+03 1.959200000000000000e+04 2.503100000000000000e+04
2.111377674535260540e-01 9.899999999999985478e-01 1.443289932012703503e-15 2.132640000000000146e+04 9.391436737794703049e+02 1.963800000000000000e+04 2.381100000000000000e+04
2.322515441988786677e-01 9.899999999999985478e-01 1.443289932012703503e-15 2.082418999999999869e+04 8.265369162354458012e+02 1.911400000000000000e+04 2.307500000000000000e+04
2.554766986187665401e-01 9.899999999999985478e-01 1.443289932012703503e-15 2.045761999999999898e+04 7.982104331565706161e+02 1.837400000000000000e+04 2.225300000000000000e+04
2.810243684806432163e-01 9.899999999999985478e-01 1.443289932012703503e-15 2.002765000000000146e+04 8.762869549981901400e+02 1.804100000000000000e+04 2.227900000000000000e+04
3.091268053287075657e-01 9.899999999999985478e-01 1.443289932012703503e-15 1.964138999999999942e+04 7.990056181905105177e+02 1.766600000000000000e+04 2.223300000000000000e+04
3.400394858615783389e-01 9.899999999999985478e-01 1.443289932012703503e-15 1.932658000000000175e+04 7.873946555571735644e+02 1.780000000000000000e+04 2.117900000000000000e+04
3.740434344477361894e-01 9.899999999999985478e-01 1.443289932012703503e-15 1.894383000000000175e+04 7.179127113375274121e+02 1.762100000000000000e+04 2.056100000000000000e+04
4.114477778925098583e-01 9.899999999999985478e-01 1.443289932012703503e-15 1.869197000000000116e+04 8.001347568378716915e+02 1.717600000000000000e+04 2.167500000000000000e+04
4.525925556817608775e-01 9.899999999999985478e-01 1.443289932012703503e-15 1.842475999999999840e+04 7.276046470439836185e+02 1.691800000000000000e+04 2.108500000000000000e+04
4.978518112499369930e-01 9.899999999999985478e-01 1.443289932012703503e-15 1.810990000000000146e+04 7.455134002819801253e+02 1.667900000000000000e+04 2.044700000000000000e+04
5.476369923749306867e-01 9.899999999999985478e-01 1.443289932012703503e-15 1.799870999999999913e+04 6.058426907209494630e+02 1.668600000000000000e+04 2.022300000000000000e+04
6.024006916124238220e-01 9.899999999999985478e-01 1.443289932012703503e-15 1.792895999999999913e+04 7.217822098112422964e+02 1.637100000000000000e+04 2.066800000000000000e+04
6.626407607736662930e-01 9.899999999999985478e-01 1.443289932012703503e-15 1.791206000000000131e+04 7.495065419327570453e+02 1.626600000000000000e+04 2.007000000000000000e+04
7.289048368510330222e-01 9.899999999999985478e-01 1.443289932012703503e-15 1.767600000000000000e+04 6.139259727361271644e+02 1.610400000000000000e+04 1.929800000000000000e+04
8.017953205361363356e-01 9.899999999999985478e-01 1.443289932012703503e-15 1.757859000000000015e+04 6.688039487772182383e+02 1.609900000000000000e+04 1.970200000000000000e+04
8.819748525897500580e-01 9.899999999999985478e-01 1.443289932012703503e-15 1.759313999999999942e+04 6.796656681045469668e+02 1.582700000000000000e+04 1.987400000000000000e+04
9.701723378487251415e-01 9.899999999999985478e-01 1.443289932012703503e-15 1.758329000000000087e+04 7.271316565107038059e+02 1.635400000000000000e+04 2.016100000000000000e+04
9.801723378487251503e-01 9.899999999999985478e-01 1.443289932012703503e-15 1.758388000000000102e+04 7.660340368417058698e+02 1.628300000000000000e+04 1.997200000000000000e+04
9.901723378487251592e-01 9.899999999999985478e-01 1.443289932012703503e-15 1.758031000000000131e+04 7.512612154903247301e+02 1.607900000000000000e+04 2.080000000000000000e+04
1.000172337848725057e+00 9.899999999999985478e-01 1.443289932012703503e-15 1.753875999999999840e+04 6.391852019563657450e+02 1.608800000000000000e+04 1.928300000000000000e+04
