1.000000000000000021e-02 9.899999999999985478e-01 1.443289932012703503e-15 5.720208000000000175e+04 4.126884036849109179e+03 4.824400000000000000e+04 6.839100000000000000e+04
1.100000000000000110e-02 9.899999999999985478e-01 1.443289932012703503e-15 5.659976000000000204e+04 4.088381538261809965e+03 4.888200000000000000e+04 6.561300000000000000e+04
1.210000000000000138e-02 9.899999999999985478e-01 1.443289932012703503e-15 5.541062999999999738e+04 3.808556302997239527e+03 4.668200000000000000e+04 6.305400000000000000e+04
1.331000000000000238e-02 9.899999999999985478e-01 1.443289932012703503e-15 5.447980999999999767e+04 3.997561000647770015e+03 4.582300000000000000e+04 6.690000000000000000e+04
1.464100000000000297e-02 9.899999999999985478e-01 1.443289932012703503e-15 5.339991999999999825e+04 3.420274426650586065e+03 4.399900000000000000e+04 6.045600000000000000e+04
1.610510000000000413e-02 9.899999999999985478e-01 1.443289932012703503e-15 5.214869999999999709e+04 2.995617023252471427e+03 4.520000000000000000e+04 6.115700000000000000e+04
1.771561000000000663e-02 9.899999999999985478e-01 1.443289932012703503e-15 5.172629000000000087e+04 3.433820007790156978e+03 4.339200000000000000e+04 5.853400000000000000e+04
1.948717100000000799e-02 9.899999999999985478e-01 1.443289932012703503e-15 5.152402999999999884e+04 3.806802748908853573e+03 4.321200000000000000e+04 6.193000000000000000e+04
2.143588810000001191e-02 9.899999999999985478e-01 1.443289932012703503e-15 4.933077999999999884e+04 3.138913899997895896e+03 4.252400000000000000e+04 5.784400000000000000e+04
2.357947691000001483e-02 9.899999999999985478e-01 1.443289932012703503e-15 4.911262999999999738e+04 3.275057632027259842e+03 4.276400000000000000e+04 5.773300000000000000e+04
2.593742460100001770e-02 9.899999999999985478e-01 1.443289932012703503e-15 4.823783999999999651e+04 3.174563474621354089e+03 4.203000000000000000e+04 5.614300000000000000e+04
2.853116706110002052e-02 9.899999999999985478e-01 1.443289932012703503e-15 4.776602999999999884e+04 3.329779546621667123e+03 4.053000000000000000e+04 5.812300000000000000e+04
3.138428376721002361e-02 9.899999999999985478e-01 1.443289932012703503e-15 4.640961000000000058e+04 2.865536818451300860e+03 4.053000000000000000e+04 5.361000000000000000e+04
3.452271214393103083e-02 9.899999999999985478e-01 1.443289932012703503e-15 4.619227999999999884e+04 3.167424168247758644e+03 4.012900000000000000e+04 5.533600000000000000e+04
3.797498335832413807e-02 9.899999999999985478e-01 1.443289932012703503e-15 4.532487999999999738e+04 3.126186015834629870e+03 3.951200000000000000e+04 5.587500000000000000e+04
4.177248169415655188e-02 9.899999999999985478e-01 1.443289932012703503e-15 4.393737999999999738e+04 2.643297901410282066e+03 3.821700000000000000e+04 5.034600000000000000e+04
4.594972986357220845e-02 9.899999999999985478e-01 1.443289932012703503e-15 4.362106999999999971e+04 2.566488204745932762e+03 3.787100000000000000e+04 5.216100000000000000e+04
5.054470284992943624e-02 9.899999999999985478e-01 1.443289932012703503e-15 4.310544000000000233e+04 2.889438143722754830e+03 3.647500000000000000e+04 5.100200000000000000e+04
5.559917313492238750e-02 9.899999999999985478e-01 1.443289932012703503e-15 4.220570999999999913e+04 2.695384051652009475e+03 3.609500000000000000e+04 4.823900000000000000e+04
6.115909044841463110e-02 9.899999999999985478e-01 1.443289932012703503e-15 4.185984999999999854e+04 2.842101663822038972e+03 3.580500000000000000e+04 5.304900000000000000e+04
6.727499949325610462e-02 9.899999999999985478e-01 1.443289932012703503e-15 4.095848000000000320e+04 2.592321062214324229e+03 3.444400000000000000e+04 4.965500000000000000e+04
7.400249944258172063e-02 9.899999999999985478e-01 1.443289932012703503e-15 4.020394999999999709e+04 2.652363102499354682e+03 3.412700000000000000e+04 4.784900000000000000e+04
8.140274938683990380e-02 9.899999999999985478e-01 1.443289932012703503e-15 3.913834999999999854e+04 2.385904974532724736e+03 3.333100000000000000e+04 4.609100000000000000e+04
8.954302432552389834e-02 9.899999999999985478e-01 1.443289932012703503e-15 3.889522000000000116e+04 2.572123778436799057e+03 3.456800000000000000e+04 4.793800000000000000e+04
9.849732675807629234e-02 9.899999999999985478e-01 1.443289932012703503e-15 3.832613999999999942e+04 3.003298446774813328e+03 3.367600000000000000e+04 4.887600000000000000e+04
1.083470594338839244e-01 9.899999999999985478e-01 1.443289932012703503e-15 3.788527999999999884e+04 2.337178735484301342e+03 3.293600000000000000e+04 4.547400000000000000e+04
1.191817653772723196e-01 9.899999999999985478e-01 1.443289932012703503e-15 3.706443000000000029e+04 2.282275378892740264e+03 3.205400000000000000e+04 4.335900000000000000e+04
1.310999419149995737e-01 9.899999999999985478e-01 1.443289932012703503e-15 3.601819999999999709e+04 1.958960530485491745e+03 3.193500000000000000e+04 4.189600000000000000e+04
1.442099361064995422e-01 9.899999999999985478e-01 1.443289932012703503e-15 3.579863999999999942e+04 2.044817280443413438e+03 3.157000000000000000e+04 4.258900000000000000e+04
1.586309297171495103e-01 9.899999999999985478e-01 1.443289932012703503e-15 3.515072000000000116e+04 1.960892791970024518e+03 3.075900000000000000e+04 4.187100000000000000e+04
1.744940226888644641e-01 9.899999999999985478e-01 1.443289932012703503e-15 3.485605000000000291e+04 2.104197530532720521e+03 3.096200000000000000e+04 4.453300000000000000e+04
1.919434249577509355e-01 9.899999999999985478e-01 1.443289932012703503e-15 3.470201000000000204e+04 2.291475753722914760e+03 2.930000000000000000e+04 4.292300000000000000e+04
2.111377674535260540e-01 9.899999999999985478e-01 1.443289932012703503e-15 3.360748000000000320e+04 2.125135541465531787e+03 3.024000000000000000e+04 3.984400000000000000e+04
2.322515441988786677e-01 9.899999999999985478e-01 1.443289932012703503e-15 3.348861000000000058e+04 2.066000222144228246e+03 2.875300000000000000e+04 3.952400000000000000e+04
2.554766986187665401e-01 9.899999999999985478e-01 1.443289932012703503e-15 3.275602999999999884e+04 1.859849001693416994e+03 2.974900000000000000e+04 3.953600000000000000e+04
2.810243684806432163e-01 9.899999999999985478e-01 1.443289932012703503e-15 3.237197000000000116e+04 1.967303557944223712e+03 2.915700000000000000e+04 4.026700000000000000e+04
3.091268053287075657e-01 9.899999999999985478e-01 1.443289932012703503e-15 3.174838999999999942e+04 1.866978649556550408e+03 2.819800000000000000e+04 3.789200000000000000e+04
3.400394858615783389e-01 9.899999999999985478e-01 1.443289932012703503e-15 3.187143000000000029e+04 1.939586147893410953e+03 2.819700000000000000e+04 3.866400000000000000e+04
3.740434344477361894e-01 9.899999999999985478e-01 1.443289932012703503e-15 3.122277999999999884e+04 2.003803995304930140e+03 2.801600000000000000e+04 3.999900000000000000e+04
4.114477778925098583e-01 9.899999999999985478e-01 1.443289932012703503e-15 3.116820999999999913e+04 1.966745343429087825e+03 2.753400000000000000e+04 3.812000000000000000e+04
4.525925556817608775e-01 9.899999999999985478e-01 1.443289932012703503e-15 3.090708000000000175e+04 1.881136383572440309e+03 2.660400000000000000e+04 3.769500000000000000e+04
4.978518112499369930e-01 9.899999999999985478e-01 1.443289932012703503e-15 3.080431999999999971e+04 1.976571414748275629e+03 2.674100000000000000e+04 3.683000000000000000e+04
5.476369923749306867e-01 9.899999999999985478e-01 1.443289932012703503e-15 3.048475000000000000e+04 1.995125356337290441e+03 2.682100000000000000e+04 3.714000000000000000e+04
6.024006916124238220e-01 9.899999999999985478e-01 1.443289932012703503e-15 3.036722999999999956e+04 1.850088251165332849e+03 2.714200000000000000e+04 3.607700000000000000e+04
6.626407607736662930e-01 9.899999999999985478e-01 1.443289932012703503e-15 3.011195000000000073e+04 1.953199208350238905e+03 2.689400000000000000e+04 4.012800000000000000e+04
7.289048368510330222e-01 9.899999999999985478e-01 1.443289932012703503e-15 2.998845999999999913e+04 1.858904798100214975e+03 2.719700000000000000e+04 3.700900000000000000e+04
8.017953205361363356e-01 9.899999999999985478e-01 1.443289932012703503e-15 3.009927999999999884e+04 1.735884829589797391e+03 2.717300000000000000e+04 3.628900000000000000e+04
8.819748525897500580e-01 9.899999999999985478e-01 1.443289932012703503e-15 2.997195000000000073e+04 2.002959087824811149e+03 2.744900000000000000e+04 3.808200000000000000e+04
9.701723378487251415e-01 9.899999999999985478e-01 1.443289932012703503e-15 2.975472999999999956e+04 1.823182946689662231e+03 2.656400000000000000e+04 3.654400000000000000e+04
9.801723378487251503e-01 9.899999999999985478e-01 1.443289932012703503e-15 2.973356000000000131e+04 1.633164114962118447e+03 2.671700000000000000e+04 3.449900000000000000e+04
9.901723378487251592e-01 9.899999999999985478e-01 1.443289932012703503e-15 2.962334000000000015e+04 1.740074505416362854e+03 2.667800000000000000e+04 3.510300000000000000e+04
1.000172337848725057e+00 9.899999999999985478e-01 1.443289932012703503e-15 3.000872999999999956e+04 1.939562537558405211e+03 2.662700000000000000e+04 3.687000000000000000e+04
