1.000000000000000021e-02 9.899999999999985478e-01 1.443289932012703503e-15 4.353681999999999971e+04 2.925998593232744042e+03 3.431800000000000000e+04 5.028200000000000000e+04
1.100000000000000110e-02 9.899999999999985478e-01 1.443289932012703503e-15 4.297869000000000233e+04 3.099259549295605211e+03 3.752400000000000000e+04 5.578300000000000000e+04
1.210000000000000138e-02 9.899999999999985478e-01 1.443289932012703503e-15 4.160955000000000291e+04 2.778301590450540061e+03 3.684000000000000000e+04 4.995600000000000000e+04
1.331000000000000238e-02 9.899999999999985478e-01 1.443289932012703503e-15 4.067316999999999825e+04 2.863237283408414896e+03 3.449500000000000000e+04 4.885000000000000000e+04
1.464100000000000297e-02 9.899999999999985478e-01 1.443289932012703503e-15 4.031770999999999913e+04 2.579735565111276173e+03 3.384200000000000000e+04 4.649100000000000000e+04
1.610510000000000413e-02 9.899999999999985478e-01 1.443289932012703503e-15 3.881409999999999854e+04 2.676884440912606351e+03 3.362500000000000000e+04 4.562700000000000000e+04
1.771561000000000663e-02 9.899999999999985478e-01 1.443289932012703503e-15 3.773675000000000000e+04 2.546105784821204452e+03 3.130800000000000000e+04 4.480900000000000000e+04
1.948717100000000799e-02 9.899999999999985478e-01 1.443289932012703503e-15 3.673719000000000233e+04 2.163136702545634307e+03 3.174000000000000000e+04 4.303800000000000000e+04
2.143588810000001191e-02 9.899999999999985478e-01 1.443289932012703503e-15 3.635920999999999913e+04 2.580749818541115474e+03 3.050200000000000000e+04 4.430200000000000000e+04
2.357947691000001483e-02 9.899999999999985478e-01 1.443289932012703503e-15 3.550194000000000233e+04 2.365172377734866586e+03 3.058700000000000000e+04 4.213000000000000000e+04
2.593742460100001770e-02 9.899999999999985478e-01 1.443289932012703503e-15 3.494466000000000349e+04 2.258229581862747636e+03 2.896600000000000000e+04 4.174200000000000000e+04
2.853116706110002052e-02 9.899999999999985478e-01 1.443289932012703503e-15 3.421176999999999680e+04 2.376271797816908474e+03 2.926500000000000000e+04 4.057300000000000000e+04
3.138428376721002361e-02 9.899999999999985478e-01 1.443289932012703503e-15 3.342545999999999913e+04 1.983008822068121844e+03 3.008100000000000000e+04 4.048100000000000000e+04
3.452271214393103083e-02 9.899999999999985478e-01 1.443289932012703503e-15 3.253975000000000000e+04 1.538375047737059504e+03 2.834900000000000000e+04 3.780400000000000000e+04
3.797498335832413807e-02 9.899999999999985478e-01 1.443289932012703503e-15 3.187706999999999971e+04 1.938559812102789010e+03 2.775800000000000000e+04 3.716800000000000000e+04
4.177248169415655188e-02 9.899999999999985478e-01 1.443289932012703503e-15 3.094329999999999927e+04 1.862366073037199385e+03 2.661300000000000000e+04 3.512800000000000000e+04
4.594972986357220845e-02 9.899999999999985478e-01 1.443289932012703503e-15 3.047522999999999956e+04 1.810608747659195615e+03 2.654700000000000000e+04 3.637200000000000000e+04
5.054470284992943624e-02 9.899999999999985478e-01 1.443289932012703503e-15 2.967727999999999884e+04 1.873214553007743234e+03 2.424400000000000000e+04 3.507300000000000000e+04
5.559917313492238750e-02 9.899999999999985478e-01 1.443289932012703503e-15 2.890288999999999942e+04 1.604204331717128753e+03 2.592700000000000000e+04 3.271600000000000000e+04
6.115909044841463110e-02 9.899999999999985478e-01 1.443289932012703503e-15 2.863959000000000015e+04 1.690568331035453639e+03 2.506500000000000000e+04 3.331300000000000000e+04
6.727499949325610462e-02 9.899999999999985478e-01 1.443289932012703503e-15 2.790909000000000015e+04 1.663206307678034136e+03 2.373200000000000000e+04 3.207900000000000000e+04
7.400249944258172063e-02 9.899999999999985478e-01 1.443289932012703503e-15 2.697447999999999956e+04 1.452525727689530186e+03 2.417700000000000000e+04 3.192700000000000000e+04
8.140274938683990380e-02 9.899999999999985478e-01 1.443289932012703503e-15 2.647477000000000044e+04 1.470724670732085087e+03 2.333400000000000000e+04 3.063800000000000000e+04
8.954302432552389834e-02 9.899999999999985478e-01 1.443289932012703503e-15 2.576784999999999854e+04 1.305538818840711656e+03 2.298200000000000000e+04 2.890400000000000000e+04
9.849732675807629234e-02 9.899999999999985478e-01 1.443289932012703503e-15 2.529702999999999884e+04 1.385643002039125122e+03 2.217800000000000000e+04 2.907400000000000000e+04
1.083470594338839244e-01 9.899999999999985478e-01 1.443289932012703503e-15 2.459093999999999869e+04 1.214226245969012325e+03 2.193700000000000000e+04 2.739000000000000000e+04
1.191817653772723196e-01 9.899999999999985478e-01 1.443289932012703503e-15 2.415781999999999971e+04 1.202874618403763634e+03 2.160900000000000000e+04 2.891000000000000000e+04
1.310999419149995737e-01 9.899999999999985478e-01 1.443289932012703503e-15 2.339233000000000175e+04 1.140121695741292342e+03 2.101400000000000000e+04 2.667000000000000000e+04
1.442099361064995422e-01 9.899999999999985478e-01 1.443289932012703503e-15 2.329895000000000073e+04 1.158732836981847413e+03 2.083000000000000000e+04 2.576300000000000000e+04
1.586309297171495103e-01 9.899999999999985478e-01 1.443289932012703503e-15 2.245159999999999854e+04 1.180619015601561387e+03 1.932800000000000000e+04 2.577400000000000000e+04
1.744940226888644641e-01 9.899999999999985478e-01 1.443289932012703503e-15 2.200558000000000175e+04 9.805460435899989307e+02 1.939300000000000000e+04 2.457200000000000000e+04
1.919434249577509355e-01 9.899999999999985478e-01 1.443289932012703503e-15 2.162634000000000015e+04 8.725506887281677564e+02 1.992600000000000000e+04 2.387100000000000000e+04
2.111377674535260540e-01 9.899999999999985478e-01 1.443289932012703503e-15 2.143741999999999825e+04 1.098089497081180525e+03 1.878700000000000000e+04 2.496800000000000000e+04
2.322515441988786677e-01 9.899999999999985478e-01 1.443289932012703503e-15 2.075650000000000000e+04 8.885188743071246336e+02 1.888500000000000000e+04 2.305200000000000000e+04
2.554766986187665401e-01 9.899999999999985478e-01 1.443289932012703503e-15 2.036516999999999825e+04 9.355242920950796588e+02 1.856900000000000000e+04 2.308800000000000000e+04
2.810243684806432163e-01 9.899999999999985478e-01 1.443289932012703503e-15 1.996236000000000058e+04 8.863308583142074895e+02 1.761700000000000000e+04 2.237000000000000000e+04
3.091268053287075657e-01 9.899999999999985478e-01 1.443289932012703503e-15 1.939159999999999854e+04 8.185276415613586778e+02 1.797400000000000000e+04 2.174700000000000000e+04
3.400394858615783389e-01 9.899999999999985478e-01 1.443289932012703503e-15 1.935283000000000175e+04 7.158662033508775266e+02 1.781500000000000000e+04 2.090200000000000000e+04
3.740434344477361894e-01 9.899999999999985478e-01 1.443289932012703503e-15 1.907311000000000058e+04 8.392691927504546356e+02 1.740200000000000000e+04 2.222300000000000000e+04
4.114477778925098583e-01 9.899999999999985478e-01 1.443289932012703503e-15 1.890956999999999971e+04 8.394438903821983331e+02 1.733100000000000000e+04 2.213900000000000000e+04
4.525925556817608775e-01 9.899999999999985478e-01 1.443289932012703503e-15 1.852959000000000015e+04 7.094491115647407469e+02 1.693800000000000000e+04 2.033300000000000000e+04
4.978518112499369930e-01 9.899999999999985478e-01 1.443289932012703503e-15 1.836179999999999927e+04 7.357952160757773754e+02 1.692300000000000000e+04 2.042200000000000000e+04
5.476369923749306867e-01 9.899999999999985478e-01 1.443289932012703503e-15 1.813377000000000044e+04 7.229119013406819931e+02 1.671700000000000000e+04 2.006400000000000000e+04
6.024006916124238220e-01 9.899999999999985478e-01 1.443289932012703503e-15 1.791609000000000015e+04 7.395291893495482327e+02 1.645700000000000000e+04 2.007100000000000000e+04
6.626407607736662930e-01 9.899999999999985478e-01 1.443289932012703503e-15 1.770070999999999913e+04 6.844994126367093941e+02 1.628700000000000000e+04 1.967600000000000000e+04
7.289048368510330222e-01 9.899999999999985478e-01 1.443289932012703503e-15 1.754945000000000073e+04 6.863339766469382539e+02 1.639400000000000000e+04 1.945900000000000000e+04
8.017953205361363356e-01 9.899999999999985478e-01 1.443289932012703503e-15 1.769809000000000015e+04 7.524561129394855925e+02 1.623300000000000000e+04 2.067700000000000000e+04
8.819748525897500580e-01 9.899999999999985478e-01 1.443289932012703503e-15 1.759959000000000015e+04 7.351355534185513534e+02 1.581200000000000000e+04 1.955800000000000000e+04
9.701723378487251415e-01 9.899999999999985478e-01 1.443289932012703503e-15 1.761622999999999956e+04 5.783133554570566730e+02 1.641700000000000000e+04 1.957300000000000000e+04
9.801723378487251503e-01 9.899999999999985478e-01 1.443289932012703503e-15 1.770677000000000044e+04 7.138458917021235948e+02 1.637900000000000000e+04 1.959900000000000000e+04
9.901723378487251592e-01 9.899999999999985478e-01 1.443289932012703503e-15 1.748652000000000044e+04 6.671288103507448568e+02 1.602400000000000000e+04 1.926400000000000000e+04
1.000172337848725057e+00 9.899999999999985478e-01 1.443289932012703503e-15 1.755849000000000160e+04 7.284011325499158147e+02 1.614200000000000000e+04 1.957200000000000000e+04
