1.000000000000000021e-02 9.899999999999985478e-01 1.443289932012703503e-15 7.145411000000000058e+04 3.982314002925936620e+03 6.350500000000000000e+04 7.977800000000000000e+04
1.100000000000000110e-02 9.899999999999985478e-01 1.443289932012703503e-15 7.002744999999999709e+04 3.698784333737234647e+03 6.160900000000000000e+04 7.995800000000000000e+04
1.210000000000000138e-02 9.899999999999985478e-01 1.443289932012703503e-15 7.022961000000000058e+04 3.473660682608478055e+03 6.259400000000000000e+04 8.164800000000000000e+04
1.331000000000000238e-02 9.899999999999985478e-01 1.443289932012703503e-15 6.941055000000000291e+04 3.958139644770002178e+03 5.970800000000000000e+04 8.064100000000000000e+04
1.464100000000000297e-02 9.899999999999985478e-01 1.443289932012703503e-15 6.745392999999999302e+04 3.508463499183082604e+03 5.909600000000000000e+04 7.881900000000000000e+04
1.610510000000000413e-02 9.899999999999985478e-01 1.443289932012703503e-15 6.775100999999999476e+04 3.879182737368787457e+03 6.081000000000000000e+04 7.933500000000000000e+04
1.771561000000000663e-02 9.899999999999985478e-01 1.443289932012703503e-15 6.642085000000000582e+04 3.694679573048250404e+03 5.698400000000000000e+04 7.638800000000000000e+04
1.948717100000000799e-02 9.899999999999985478e-01 1.443289932012703503e-15 6.553081999999999971e+04 3.782972620519476095e+03 5.780100000000000000e+04 7.649900000000000000e+04
2.143588810000001191e-02 9.899999999999985478e-01 1.443289932012703503e-15 6.490641999999999825e+04 3.605221350153135518e+03 5.733400000000000000e+04 7.668900000000000000e+04
2.357947691000001483e-02 9.899999999999985478e-01 1.443289932012703503e-15 6.357820999999999913e+04 3.437273347567807377e+03 5.599200000000000000e+04 7.500400000000000000e+04
2.593742460100001770e-02 9.899999999999985478e-01 1.443289932012703503e-15 6.337255999999999767e+04 3.053779832666395578e+03 5.709300000000000000e+04 7.418800000000000000e+04
2.853116706110002052e-02 9.899999999999985478e-01 1.443289932012703503e-15 6.226311000000000058e+04 3.446047228042586539e+03 5.541500000000000000e+04 7.487700000000000000e+04
3.138428376721002361e-02 9.899999999999985478e-01 1.443289932012703503e-15 6.095205999999999767e+04 3.015889858134743008e+03 5.433600000000000000e+04 6.774400000000000000e+04
3.452271214393103083e-02 9.899999999999985478e-01 1.443289932012703503e-15 6.088430999999999767e+04 2.809062098619394874e+03 5.500800000000000000e+04 7.108300000000000000e+04
3.797498335832413807e-02 9.899999999999985478e-01 1.443289932012703503e-15 5.921281999999999971e+04 2.862185945671594709e+03 5.143200000000000000e+04 6.802500000000000000e+04
4.177248169415655188e-02 9.899999999999985478e-01 1.443289932012703503e-15 5.912477999999999884e+04 2.980822717237642337e+03 5.333400000000000000e+04 6.578500000000000000e+04
4.594972986357220845e-02 9.899999999999985478e-01 1.443289932012703503e-15 5.809290000000000146e+04 3.111797559289485889e+03 5.103000000000000000e+04 6.536300000000000000e+04
5.054470284992943624e-02 9.899999999999985478e-01 1.443289932012703503e-15 5.738105999999999767e+04 2.898858812774434682e+03 5.183500000000000000e+04 6.589200000000000000e+04
5.559917313492238750e-02 9.899999999999985478e-01 1.443289932012703503e-15 5.635252999999999884e+04 2.548335313317303644e+03 5.070900000000000000e+04 6.187900000000000000e+04
6.115909044841463110e-02 9.899999999999985478e-01 1.443289932012703503e-15 5.531655999999999767e+04 2.475254727578557322e+03 5.034600000000000000e+04 6.168000000000000000e+04
6.727499949325610462e-02 9.899999999999985478e-01 1.443289932012703503e-15 5.510563999999999942e+04 2.732561730391465517e+03 5.018500000000000000e+04 6.454400000000000000e+04
7.400249944258172063e-02 9.899999999999985478e-01 1.443289932012703503e-15 5.407204000000000087e+04 2.491025113964127740e+03 4.915000000000000000e+04 5.933600000000000000e+04
8.140274938683990380e-02 9.899999999999985478e-01 1.443289932012703503e-15 5.341443000000000029e+04 2.450537893014511155e+03 4.643000000000000000e+04 6.101000000000000000e+04
8.954302432552389834e-02 9.899999999999985478e-01 1.443289932012703503e-15 5.305436000000000058e+04 2.538999293107423910e+03 4.716900000000000000e+04 6.211800000000000000e+04
9.849732675807629234e-02 9.899999999999985478e-01 1.443289932012703503e-15 5.192961000000000058e+04 2.575058270777575672e+03 4.681800000000000000e+04 6.098500000000000000e+04
1.083470594338839244e-01 9.899999999999985478e-01 1.443289932012703503e-15 5.110568000000000029e+04 2.360595132080044095e+03 4.657300000000000000e+04 5.753800000000000000e+04
1.191817653772723196e-01 9.899999999999985478e-01 1.443289932012703503e-15 5.071044999999999709e+04 2.661378069252845307e+03 4.626000000000000000e+04 6.033600000000000000e+04
1.310999419149995737e-01 9.899999999999985478e-01 1.443289932012703503e-15 5.004572000000000116e+04 2.462699316116362752e+03 4.353700000000000000e+04 5.901900000000000000e+04
1.442099361064995422e-01 9.899999999999985478e-01 1.443289932012703503e-15 4.951470999999999913e+04 2.258289376032221298e+03 4.599300000000000000e+04 5.603800000000000000e+04
1.586309297171495103e-01 9.899999999999985478e-01 1.443289932012703503e-15 4.869911000000000058e+04 2.465077349273244181e+03 4.355400000000000000e+04 5.724300000000000000e+04
1.744940226888644641e-01 9.899999999999985478e-01 1.443289932012703503e-15 4.783366999999999825e+04 2.015540300043638581e+03 4.398500000000000000e+04 5.363000000000000000e+04
1.919434249577509355e-01 9.899999999999985478e-01 1.443289932012703503e-15 4.774394000000000233e+04 2.048039427452508335e+03 4.403200000000000000e+04 5.416800000000000000e+04
2.111377674535260540e-01 9.899999999999985478e-01 1.443289932012703503e-15 4.674898000000000320e+04 2.145755945954711933e+03 4.169300000000000000e+04 5.189300000000000000e+04
2.322515441988786677e-01 9.899929999999986796e-01 6.964912059746689174e-05 3.457167000000000116e+05 2.980368511953001842e+06 4.153800000000000000e+04 3.000000000000000000e+07
2.554766986187665401e-01 9.899949999999985151e-01 4.974937185532561911e-05 3.454607600000000093e+05 2.980394062352800276e+06 4.148700000000000000e+04 3.000000000000000000e+07
2.810243684806432163e-01 9.899889999999987866e-01 7.601973427998992517e-05 9.437420500000000466e+05 5.109924322266870178e+06 4.223500000000000000e+04 3.000000000000000000e+07
3.091268053287075657e-01 9.899589999999985901e-01 1.679851183884995501e-04 2.441475220000000205e+06 8.126565814127814025e+06 4.069100000000000000e+04 3.000000000000000000e+07
3.400394858615783389e-01 9.899159999999984638e-01 2.678507046845342819e-04 3.639348229999999981e+06 9.734316011980520561e+06 4.108800000000000000e+04 3.000000000000000000e+07
3.740434344477361894e-01 9.896729999999993588e-01 6.039627471955467432e-04 1.082816671000000089e+07 1.437887506037211604e+07 4.070400000000000000e+04 3.000000000000000000e+07
4.114477778925098583e-01 9.891960000000000752e-01 9.872102106441135640e-04 1.801735519999999925e+07 1.467568281300637126e+07 4.014200000000000000e+04 3.000000000000000000e+07
4.525925556817608775e-01 9.886759999999997772e-01 1.131911657330194818e-03 2.520685962000000104e+07 1.098246433176157437e+07 4.006100000000000000e+04 3.000000000000000000e+07
4.978518112499369930e-01 9.884189999999997145e-01 1.092492105234631802e-03 2.700424994999999925e+07 8.987250160448005423e+06 4.059200000000000000e+04 3.000000000000000000e+07
5.476369923749306867e-01 9.873049999999995441e-01 1.292004256958927252e-03 2.910121946000000089e+07 5.110682494774408638e+06 3.909800000000000000e+04 3.000000000000000000e+07
6.024006916124238220e-01 9.868160000000005816e-01 1.266311178186458860e-03 2.970041658999999985e+07 2.980817293155618943e+06 4.165900000000000000e+04 3.000000000000000000e+07
6.626407607736662930e-01 9.857730000000004544e-01 1.304672755904715117e-03 3.000000000000000000e+07 0.000000000000000000e+00 3.000000000000000000e+07 3.000000000000000000e+07
7.289048368510330222e-01 9.853100000000002412e-01 1.220778440176593579e-03 3.000000000000000000e+07 0.000000000000000000e+00 3.000000000000000000e+07 3.000000000000000000e+07
8.017953205361363356e-01 9.848320000000004848e-01 1.302449999040268926e-03 3.000000000000000000e+07 0.000000000000000000e+00 3.000000000000000000e+07 3.000000000000000000e+07
8.819748525897500580e-01 9.844259999999998012e-01 1.389361004203005547e-03 3.000000000000000000e+07 0.000000000000000000e+00 3.000000000000000000e+07 3.000000000000000000e+07
9.701723378487251415e-01 9.842299999999998272e-01 1.461608702765552657e-03 3.000000000000000000e+07 0.000000000000000000e+00 3.000000000000000000e+07 3.000000000000000000e+07
9.801723378487251503e-01 9.841519999999994717e-01 1.513834865498881691e-03 3.000000000000000000e+07 0.000000000000000000e+00 3.000000000000000000e+07 3.000000000000000000e+07
9.901723378487251592e-01 9.841700000000002113e-01 1.395743529449450498e-03 3.000000000000000000e+07 0.000000000000000000e+00 3.000000000000000000e+07 3.000000000000000000e+07
1.000172337848725057e+00 9.841249999999998055e-01 1.460778901819163433e-03 3.000000000000000000e+07 0.000000000000000000e+00 3.000000000000000000e+07 3.000000000000000000e+07
