1.000000000000000021e-02 9.899999999999985478e-01 1.443289932012703503e-15 5.455111000000000058e+04 4.120225692592578525e+03 4.627800000000000000e+04 6.963800000000000000e+04
1.100000000000000110e-02 9.899999999999985478e-01 1.443289932012703503e-15 5.426852999999999884e+04 3.832673256240348564e+03 4.602500000000000000e+04 6.296000000000000000e+04
1.210000000000000138e-02 9.899999999999985478e-01 1.443289932012703503e-15 5.263651999999999680e+04 4.139775666579048448e+03 4.369600000000000000e+04 6.350900000000000000e+04
1.331000000000000238e-02 9.899999999999985478e-01 1.443289932012703503e-15 5.244283999999999651e+04 3.680911016908720740e+03 4.401800000000000000e+04 6.318100000000000000e+04
1.464100000000000297e-02 9.899999999999985478e-01 1.443289932012703503e-15 5.092913999999999942e+04 3.262860061418509758e+03 4.346900000000000000e+04 6.086000000000000000e+04
1.610510000000000413e-02 9.899999999999985478e-01 1.443289932012703503e-15 5.056800000000000000e+04 3.664432690062678830e+03 4.349200000000000000e+04 5.998600000000000000e+04
1.771561000000000663e-02 9.899999999999985478e-01 1.443289932012703503e-15 4.922884999999999854e+04 3.727461198657873865e+03 4.219700000000000000e+04 6.062100000000000000e+04
1.948717100000000799e-02 9.899999999999985478e-01 1.443289932012703503e-15 4.866200000000000000e+04 3.486104539453743655e+03 4.143300000000000000e+04 5.784600000000000000e+04
2.143588810000001191e-02 9.899999999999985478e-01 1.443289932012703503e-15 4.785462000000000262e+04 3.320476317578547878e+03 4.158400000000000000e+04 5.575200000000000000e+04
2.357947691000001483e-02 9.899999999999985478e-01 1.443289932012703503e-15 4.699006999999999971e+04 3.257650540665772496e+03 4.035400000000000000e+04 5.462400000000000000e+04
2.593742460100001770e-02 9.899999999999985478e-01 1.443289932012703503e-15 4.578656999999999971e+04 3.237052604623533625e+03 3.967900000000000000e+04 5.611300000000000000e+04
2.853116706110002052e-02 9.899999999999985478e-01 1.443289932012703503e-15 4.493629000000000087e+04 2.895988319365256302e+03 3.880500000000000000e+04 5.387000000000000000e+04
3.138428376721002361e-02 9.899999999999985478e-01 1.443289932012703503e-15 4.377376999999999680e+04 2.917592808652365875e+03 3.778300000000000000e+04 5.168500000000000000e+04
3.452271214393103083e-02 9.899999999999985478e-01 1.443289932012703503e-15 4.375854000000000087e+04 3.349445668823424967e+03 3.658300000000000000e+04 5.139100000000000000e+04
3.797498335832413807e-02 9.899999999999985478e-01 1.443289932012703503e-15 4.196183999999999651e+04 2.513224127371054692e+03 3.622800000000000000e+04 4.916000000000000000e+04
4.177248169415655188e-02 9.899999999999985478e-01 1.443289932012703503e-15 4.188437999999999738e+04 2.827506257393607029e+03 3.683100000000000000e+04 4.919000000000000000e+04
4.594972986357220845e-02 9.899999999999985478e-01 1.443289932012703503e-15 4.158637000000000262e+04 3.029441092528455556e+03 3.594400000000000000e+04 5.243900000000000000e+04
5.054470284992943624e-02 9.899999999999985478e-01 1.443289932012703503e-15 4.035015000000000146e+04 3.220223449933249867e+03 3.381400000000000000e+04 5.150700000000000000e+04
5.559917313492238750e-02 9.899999999999985478e-01 1.443289932012703503e-15 3.971584999999999854e+04 2.756601524975998473e+03 3.352600000000000000e+04 4.643800000000000000e+04
6.115909044841463110e-02 9.899999999999985478e-01 1.443289932012703503e-15 3.902226000000000204e+04 3.163711423692116568e+03 3.260300000000000000e+04 5.020000000000000000e+04
6.727499949325610462e-02 9.899999999999985478e-01 1.443289932012703503e-15 3.813795999999999913e+04 2.611387994611295653e+03 3.293100000000000000e+04 4.528200000000000000e+04
7.400249944258172063e-02 9.899999999999985478e-01 1.443289932012703503e-15 3.764693000000000029e+04 2.535594578220265248e+03 3.318900000000000000e+04 4.759500000000000000e+04
8.140274938683990380e-02 9.899999999999985478e-01 1.443289932012703503e-15 3.680687000000000262e+04 2.373342742441554947e+03 3.177900000000000000e+04 4.308600000000000000e+04
8.954302432552389834e-02 9.899999999999985478e-01 1.443289932012703503e-15 3.620201999999999680e+04 2.574160907868814775e+03 3.005600000000000000e+04 4.601300000000000000e+04
9.849732675807629234e-02 9.899999999999985478e-01 1.443289932012703503e-15 3.621833000000000175e+04 2.390613565823635781e+03 3.106100000000000000e+04 4.586000000000000000e+04
1.083470594338839244e-01 9.899999999999985478e-01 1.443289932012703503e-15 3.507615000000000146e+04 2.307185187084036443e+03 3.034200000000000000e+04 4.230700000000000000e+04
1.191817653772723196e-01 9.899999999999985478e-01 1.443289932012703503e-15 3.424444999999999709e+04 2.067720002200491308e+03 2.989100000000000000e+04 4.072200000000000000e+04
1.310999419149995737e-01 9.899999999999985478e-01 1.443289932012703503e-15 3.406945999999999913e+04 2.392456020160036587e+03 3.038500000000000000e+04 4.305800000000000000e+04
1.442099361064995422e-01 9.899999999999985478e-01 1.443289932012703503e-15 3.304819000000000233e+04 2.288303536225034804e+03 2.887700000000000000e+04 3.965600000000000000e+04
1.586309297171495103e-01 9.899999999999985478e-01 1.443289932012703503e-15 3.231293000000000029e+04 2.049771969049240397e+03 2.801300000000000000e+04 3.931900000000000000e+04
1.744940226888644641e-01 9.899999999999985478e-01 1.443289932012703503e-15 3.219713999999999942e+04 2.596661183212010656e+03 2.827800000000000000e+04 4.627500000000000000e+04
1.919434249577509355e-01 9.899999999999985478e-01 1.443289932012703503e-15 3.115231999999999971e+04 2.176060802826979852e+03 2.716500000000000000e+04 3.783300000000000000e+04
2.111377674535260540e-01 9.899999999999985478e-01 1.443289932012703503e-15 3.097477000000000044e+04 1.961194094703530709e+03 2.651600000000000000e+04 3.820900000000000000e+04
2.322515441988786677e-01 9.899999999999985478e-01 1.443289932012703503e-15 3.029724000000000160e+04 1.800391335904502739e+03 2.628200000000000000e+04 3.619400000000000000e+04
2.554766986187665401e-01 9.899999999999985478e-01 1.443289932012703503e-15 2.997368999999999869e+04 2.102587642382595732e+03 2.610500000000000000e+04 3.920700000000000000e+04
2.810243684806432163e-01 9.899999999999985478e-01 1.443289932012703503e-15 2.998597000000000116e+04 2.081706984448100229e+03 2.562300000000000000e+04 4.153700000000000000e+04
3.091268053287075657e-01 9.899999999999985478e-01 1.443289932012703503e-15 2.939879000000000087e+04 2.104184318423649984e+03 2.542200000000000000e+04 3.739700000000000000e+04
3.400394858615783389e-01 9.899999999999985478e-01 1.443289932012703503e-15 2.894681999999999971e+04 1.742300475692984492e+03 2.572000000000000000e+04 3.426300000000000000e+04
3.740434344477361894e-01 9.899999999999985478e-01 1.443289932012703503e-15 2.861338999999999942e+04 1.693705079965222239e+03 2.431000000000000000e+04 3.348100000000000000e+04
4.114477778925098583e-01 9.899999999999985478e-01 1.443289932012703503e-15 2.846156000000000131e+04 1.865538562024382145e+03 2.435600000000000000e+04 3.419400000000000000e+04
4.525925556817608775e-01 9.899999999999985478e-01 1.443289932012703503e-15 2.771940000000000146e+04 1.787384726353003316e+03 2.490600000000000000e+04 3.232500000000000000e+04
4.978518112499369930e-01 9.899999999999985478e-01 1.443289932012703503e-15 2.809311999999999898e+04 2.347211474409581569e+03 2.434400000000000000e+04 4.160500000000000000e+04
5.476369923749306867e-01 9.899999999999985478e-01 1.443289932012703503e-15 2.775420999999999913e+04 2.074179767016350070e+03 2.374400000000000000e+04 3.460000000000000000e+04
6.024006916124238220e-01 9.899999999999985478e-01 1.443289932012703503e-15 2.770854999999999927e+04 1.830857828314367225e+03 2.388100000000000000e+04 3.239500000000000000e+04
6.626407607736662930e-01 9.899999999999985478e-01 1.443289932012703503e-15 2.723152000000000044e+04 1.437494775503549590e+03 2.446900000000000000e+04 3.137400000000000000e+04
7.289048368510330222e-01 9.899999999999985478e-01 1.443289932012703503e-15 2.687259000000000015e+04 1.639982329752366468e+03 2.392400000000000000e+04 3.189500000000000000e+04
8.017953205361363356e-01 9.899999999999985478e-01 1.443289932012703503e-15 2.719786999999999898e+04 2.167115209927705109e+03 2.399200000000000000e+04 3.703200000000000000e+04
8.819748525897500580e-01 9.899999999999985478e-01 1.443289932012703503e-15 2.697309999999999854e+04 1.628229888559966412e+03 2.387600000000000000e+04 3.287300000000000000e+04
9.701723378487251415e-01 9.899999999999985478e-01 1.443289932012703503e-15 2.735434000000000015e+04 1.925027050303449414e+03 2.441600000000000000e+04 3.314200000000000000e+04
9.801723378487251503e-01 9.899999999999985478e-01 1.443289932012703503e-15 2.737700000000000000e+04 2.030914547685352545e+03 2.376600000000000000e+04 3.359000000000000000e+04
9.901723378487251592e-01 9.899999999999985478e-01 1.443289932012703503e-15 2.724975000000000000e+04 2.422738369593382231e+03 2.325900000000000000e+04 3.858300000000000000e+04
1.000172337848725057e+00 9.899999999999985478e-01 1.443289932012703503e-15 2.688013999999999942e+04 2.128364879526064669e+03 2.377200000000000000e+04 3.832800000000000000e+04
