1.000000000000000021e-02 9.899999999999985478e-01 1.443289932012703503e-15 5.615690000000000146e+04 4.235646773516411486e+03 4.846700000000000000e+04 6.726000000000000000e+04
1.100000000000000110e-02 9.899999999999985478e-01 1.443289932012703503e-15 5.465347000000000116e+04 4.015175040904194702e+03 4.492700000000000000e+04 6.585400000000000000e+04
1.210000000000000138e-02 9.899999999999985478e-01 1.443289932012703503e-15 5.444784999999999854e+04 3.645309329467116640e+03 4.614200000000000000e+04 6.225400000000000000e+04
1.331000000000000238e-02 9.899999999999985478e-01 1.443289932012703503e-15 5.416088999999999942e+04 3.733275390042902927e+03 4.693000000000000000e+04 6.340300000000000000e+04
1.464100000000000297e-02 9.899999999999985478e-01 1.443289932012703503e-15 5.238250000000000000e+04 3.430834733705486997e+03 4.447000000000000000e+04 6.098400000000000000e+04
1.610510000000000413e-02 9.899999999999985478e-01 1.443289932012703503e-15 5.139700000000000000e+04 4.050374827099339200e+03 4.144600000000000000e+04 6.601600000000000000e+04
1.771561000000000663e-02 9.899999999999985478e-01 1.443289932012703503e-15 5.045893000000000029e+04 2.948176050560753538e+03 4.344100000000000000e+04 6.022700000000000000e+04
1.948717100000000799e-02 9.899999999999985478e-01 1.443289932012703503e-15 4.910783999999999651e+04 3.104842388012635183e+03 4.121600000000000000e+04 5.892400000000000000e+04
2.143588810000001191e-02 9.899999999999985478e-01 1.443289932012703503e-15 4.894537999999999738e+04 3.455204421680430642e+03 4.103700000000000000e+04 6.060900000000000000e+04
2.357947691000001483e-02 9.899999999999985478e-01 1.443289932012703503e-15 4.765087999999999738e+04 3.082715394842670776e+03 4.223000000000000000e+04 5.547400000000000000e+04
2.593742460100001770e-02 9.899999999999985478e-01 1.443289932012703503e-15 4.714573000000000320e+04 2.986115821112771755e+03 4.038000000000000000e+04 5.502800000000000000e+04
2.853116706110002052e-02 9.899999999999985478e-01 1.443289932012703503e-15 4.624834999999999854e+04 2.854272616184375693e+03 4.084100000000000000e+04 5.349300000000000000e+04
3.138428376721002361e-02 9.899999999999985478e-01 1.443289932012703503e-15 4.566319000000000233e+04 3.399718016821395395e+03 3.886300000000000000e+04 5.819300000000000000e+04
3.452271214393103083e-02 9.899999999999985478e-01 1.443289932012703503e-15 4.485630999999999767e+04 2.935079043893026210e+03 3.783800000000000000e+04 5.386300000000000000e+04
3.797498335832413807e-02 9.899999999999985478e-01 1.443289932012703503e-15 4.385787000000000262e+04 3.053807622149764939e+03 3.704700000000000000e+04 5.077500000000000000e+04
4.177248169415655188e-02 9.899999999999985478e-01 1.443289932012703503e-15 4.353997000000000116e+04 3.061190975600836737e+03 3.804600000000000000e+04 5.037600000000000000e+04
4.594972986357220845e-02 9.899999999999985478e-01 1.443289932012703503e-15 4.252995999999999913e+04 2.633506908743549502e+03 3.756500000000000000e+04 5.056800000000000000e+04
5.054470284992943624e-02 9.899999999999985478e-01 1.443289932012703503e-15 4.196955000000000291e+04 2.838174907841305412e+03 3.621200000000000000e+04 5.061600000000000000e+04
5.559917313492238750e-02 9.899999999999985478e-01 1.443289932012703503e-15 4.149591999999999825e+04 2.832870468906053247e+03 3.647800000000000000e+04 4.775100000000000000e+04
6.115909044841463110e-02 9.899999999999985478e-01 1.443289932012703503e-15 3.999943000000000029e+04 3.062958061270182952e+03 3.483700000000000000e+04 5.108400000000000000e+04
6.727499949325610462e-02 9.899999999999985478e-01 1.443289932012703503e-15 4.007112999999999738e+04 2.796818598532983287e+03 3.584800000000000000e+04 5.041200000000000000e+04
7.400249944258172063e-02 9.899999999999985478e-01 1.443289932012703503e-15 3.884395999999999913e+04 2.479823715186221762e+03 3.411100000000000000e+04 4.583900000000000000e+04
8.140274938683990380e-02 9.899999999999985478e-01 1.443289932012703503e-15 3.827212999999999738e+04 2.888235671322546295e+03 3.396200000000000000e+04 5.121600000000000000e+04
8.954302432552389834e-02 9.899999999999985478e-01 1.443289932012703503e-15 3.740854000000000087e+04 2.467792314681282733e+03 3.220000000000000000e+04 4.539900000000000000e+04
9.849732675807629234e-02 9.899999999999985478e-01 1.443289932012703503e-15 3.785437999999999738e+04 2.758171099768830572e+03 3.334900000000000000e+04 4.493500000000000000e+04
1.083470594338839244e-01 9.899999999999985478e-01 1.443289932012703503e-15 3.636161000000000058e+04 2.303521616547151098e+03 3.066800000000000000e+04 4.390200000000000000e+04
1.191817653772723196e-01 9.899999999999985478e-01 1.443289932012703503e-15 3.574247000000000116e+04 2.107696560015222531e+03 3.203200000000000000e+04 4.437300000000000000e+04
1.310999419149995737e-01 9.899999999999985478e-01 1.443289932012703503e-15 3.501444000000000233e+04 2.182514532918395162e+03 3.015300000000000000e+04 4.046900000000000000e+04
1.442099361064995422e-01 9.899999999999985478e-01 1.443289932012703503e-15 3.462898999999999796e+04 2.431902327376656558e+03 2.952800000000000000e+04 4.348600000000000000e+04
1.586309297171495103e-01 9.899999999999985478e-01 1.443289932012703503e-15 3.415515000000000146e+04 2.254152370071730275e+03 2.978200000000000000e+04 4.392500000000000000e+04
1.744940226888644641e-01 9.899999999999985478e-01 1.443289932012703503e-15 3.354676000000000204e+04 2.246739540400711121e+03 2.885700000000000000e+04 4.095100000000000000e+04
1.919434249577509355e-01 9.899999999999985478e-01 1.443289932012703503e-15 3.308576999999999680e+04 2.059636671138868678e+03 2.944100000000000000e+04 3.947100000000000000e+04
2.111377674535260540e-01 9.899999999999985478e-01 1.443289932012703503e-15 3.225961000000000058e+04 2.135238051810616980e+03 2.865200000000000000e+04 4.099400000000000000e+04
2.322515441988786677e-01 9.899999999999985478e-01 1.443289932012703503e-15 3.266374000000000160e+04 2.480368745247367769e+03 2.785600000000000000e+04 3.976700000000000000e+04
2.554766986187665401e-01 9.899999999999985478e-01 1.443289932012703503e-15 3.193013999999999942e+04 2.124977990568372661e+03 2.854900000000000000e+04 3.918900000000000000e+04
2.810243684806432163e-01 9.899999999999985478e-01 1.443289932012703503e-15 3.131170000000000073e+04 2.364327196053879561e+03 2.725700000000000000e+04 4.522700000000000000e+04
3.091268053287075657e-01 9.899999999999985478e-01 1.443289932012703503e-15 3.113954999999999927e+04 2.044982353835846197e+03 2.750800000000000000e+04 3.869700000000000000e+04
3.400394858615783389e-01 9.899999999999985478e-01 1.443289932012703503e-15 3.082509999999999854e+04 2.099669019155162459e+03 2.675900000000000000e+04 3.807100000000000000e+04
3.740434344477361894e-01 9.899999999999985478e-01 1.443289932012703503e-15 3.025520000000000073e+04 1.806200525966039777e+03 2.719700000000000000e+04 3.631500000000000000e+04
4.114477778925098583e-01 9.899999999999985478e-01 1.443289932012703503e-15 3.009627000000000044e+04 2.072282841964387444e+03 2.640100000000000000e+04 3.706000000000000000e+04
4.525925556817608775e-01 9.899999999999985478e-01 1.443289932012703503e-15 2.967895999999999913e+04 1.986769754752673862e+03 2.674500000000000000e+04 3.613600000000000000e+04
4.978518112499369930e-01 9.899999999999985478e-01 1.443289932012703503e-15 2.972115000000000146e+04 2.196439279265420737e+03 2.655500000000000000e+04 3.879300000000000000e+04
5.476369923749306867e-01 9.899999999999985478e-01 1.443289932012703503e-15 2.942608000000000175e+04 2.025693726504576944e+03 2.609300000000000000e+04 3.599000000000000000e+04
6.024006916124238220e-01 9.899999999999985478e-01 1.443289932012703503e-15 2.919543999999999869e+04 1.961962366203796591e+03 2.650300000000000000e+04 3.633000000000000000e+04
6.626407607736662930e-01 9.899999999999985478e-01 1.443289932012703503e-15 2.893056999999999971e+04 1.915275777818954111e+03 2.596900000000000000e+04 3.770800000000000000e+04
7.289048368510330222e-01 9.899999999999985478e-01 1.443289932012703503e-15 2.904747999999999956e+04 1.756761688334533801e+03 2.595700000000000000e+04 3.372900000000000000e+04
8.017953205361363356e-01 9.899999999999985478e-01 1.443289932012703503e-15 2.900154000000000087e+04 1.992514508955957353e+03 2.517000000000000000e+04 3.696700000000000000e+04
8.819748525897500580e-01 9.899999999999985478e-01 1.443289932012703503e-15 2.890349000000000160e+04 1.836314610817002858e+03 2.602900000000000000e+04 3.739500000000000000e+04
9.701723378487251415e-01 9.899999999999985478e-01 1.443289932012703503e-15 2.899052000000000044e+04 1.850835894832385975e+03 2.552900000000000000e+04 3.522300000000000000e+04
9.801723378487251503e-01 9.899999999999985478e-01 1.443289932012703503e-15 2.962104999999999927e+04 2.159447630182311059e+03 2.617100000000000000e+04 3.731400000000000000e+04
9.901723378487251592e-01 9.899999999999985478e-01 1.443289932012703503e-15 2.895093000000000029e+04 1.745792056660814978e+03 2.665000000000000000e+04 3.737900000000000000e+04
1.000172337848725057e+00 9.899999999999985478e-01 1.443289932012703503e-15 2.931504000000000087e+04 2.251745566976873306e+03 2.590600000000000000e+04 3.900500000000000000e+04
