1.000000000000000021e-02 9.899999999999985478e-01 1.443289932012703503e-15 4.329680000000000291e+04 3.304269492641301440e+03 3.645400000000000000e+04 5.067000000000000000e+04
1.100000000000000110e-02 9.899999999999985478e-01 1.443289932012703503e-15 4.189525000000000000e+04 2.834992191788188848e+03 3.533200000000000000e+04 4.844000000000000000e+04
1.210000000000000138e-02 9.899999999999985478e-01 1.443289932012703503e-15 4.170119999999999709e+04 2.540864652042685975e+03 3.642400000000000000e+04 4.738200000000000000e+04
1.331000000000000238e-02 9.899999999999985478e-01 1.443289932012703503e-15 4.087970999999999913e+04 2.758956017391360547e+03 3.505100000000000000e+04 4.921300000000000000e+04
1.464100000000000297e-02 9.899999999999985478e-01 1.443289932012703503e-15 3.973344999999999709e+04 2.679568686841223098e+03 3.346200000000000000e+04 4.593900000000000000e+04
1.610510000000000413e-02 9.899999999999985478e-01 1.443289932012703503e-15 3.904940000000000146e+04 2.657259806642926378e+03 3.160800000000000000e+04 4.586600000000000000e+04
1.771561000000000663e-02 9.899999999999985478e-01 1.443289932012703503e-15 3.824390000000000146e+04 2.408611539871052173e+03 3.280800000000000000e+04 4.411900000000000000e+04
1.948717100000000799e-02 9.899999999999985478e-01 1.443289932012703503e-15 3.685858000000000175e+04 2.173829046544369248e+03 3.176900000000000000e+04 4.240700000000000000e+04
2.143588810000001191e-02 9.899999999999985478e-01 1.443289932012703503e-15 3.634487000000000262e+04 2.298816724556353165e+03 3.138400000000000000e+04 4.362500000000000000e+04
2.357947691000001483e-02 9.899999999999985478e-01 1.443289932012703503e-15 3.540312999999999738e+04 2.175266354518453227e+03 3.129800000000000000e+04 4.094200000000000000e+04
2.593742460100001770e-02 9.899999999999985478e-01 1.443289932012703503e-15 3.467466000000000349e+04 2.070944978602763513e+03 2.888800000000000000e+04 4.049500000000000000e+04
2.853116706110002052e-02 9.899999999999985478e-01 1.443289932012703503e-15 3.420937999999999738e+04 2.007885105179078437e+03 2.902700000000000000e+04 3.899400000000000000e+04
3.138428376721002361e-02 9.899999999999985478e-01 1.443289932012703503e-15 3.297580000000000291e+04 2.042552677411282957e+03 2.857100000000000000e+04 3.916800000000000000e+04
3.452271214393103083e-02 9.899999999999985478e-01 1.443289932012703503e-15 3.281018000000000029e+04 1.797330350158256351e+03 2.865000000000000000e+04 3.831600000000000000e+04
3.797498335832413807e-02 9.899999999999985478e-01 1.443289932012703503e-15 3.170772000000000116e+04 1.888383891479695421e+03 2.828400000000000000e+04 3.709900000000000000e+04
4.177248169415655188e-02 9.899999999999985478e-01 1.443289932012703503e-15 3.124920999999999913e+04 2.010557252579492797e+03 2.626400000000000000e+04 3.794900000000000000e+04
4.594972986357220845e-02 9.899999999999985478e-01 1.443289932012703503e-15 3.043581999999999971e+04 2.041870012415090287e+03 2.662500000000000000e+04 3.716500000000000000e+04
5.054470284992943624e-02 9.899999999999985478e-01 1.443289932012703503e-15 2.978204999999999927e+04 1.778025097545026028e+03 2.593700000000000000e+04 3.381600000000000000e+04
5.559917313492238750e-02 9.899999999999985478e-01 1.443289932012703503e-15 2.947395000000000073e+04 1.655202618261583211e+03 2.539500000000000000e+04 3.343800000000000000e+04
6.115909044841463110e-02 9.899999999999985478e-01 1.443289932012703503e-15 2.852868999999999869e+04 1.598120081189144685e+03 2.424200000000000000e+04 3.395200000000000000e+04
6.727499949325610462e-02 9.899999999999985478e-01 1.443289932012703503e-15 2.766458000000000175e+04 1.626225040884563441e+03 2.394100000000000000e+04 3.171100000000000000e+04
7.400249944258172063e-02 9.899999999999985478e-01 1.443289932012703503e-15 2.704390000000000146e+04 1.494544823683786035e+03 2.442800000000000000e+04 3.129100000000000000e+04
8.140274938683990380e-02 9.899999999999985478e-01 1.443289932012703503e-15 2.663827999999999884e+04 1.348125410190016737e+03 2.297500000000000000e+04 2.998400000000000000e+04
8.954302432552389834e-02 9.899999999999985478e-01 1.443289932012703503e-15 2.589968000000000029e+04 1.214727738054910560e+03 2.245300000000000000e+04 2.935700000000000000e+04
9.849732675807629234e-02 9.899999999999985478e-01 1.443289932012703503e-15 2.512388999999999942e+04 1.240287812525786649e+03 2.273700000000000000e+04 2.790200000000000000e+04
1.083470594338839244e-01 9.899999999999985478e-01 1.443289932012703503e-15 2.476747999999999956e+04 1.304929902178657130e+03 2.212900000000000000e+04 2.996200000000000000e+04
1.191817653772723196e-01 9.899999999999985478e-01 1.443289932012703503e-15 2.399031000000000131e+04 1.235949357336294725e+03 2.113200000000000000e+04 2.740300000000000000e+04
1.310999419149995737e-01 9.899999999999985478e-01 1.443289932012703503e-15 2.338693000000000029e+04 1.186136419262135178e+03 2.113900000000000000e+04 2.654500000000000000e+04
1.442099361064995422e-01 9.899999999999985478e-01 1.443289932012703503e-15 2.318113000000000102e+04 1.237101084430856190e+03 2.043200000000000000e+04 2.665600000000000000e+04
1.586309297171495103e-01 9.899999999999985478e-01 1.443289932012703503e-15 2.255604000000000087e+04 1.025616760003462332e+03 2.046600000000000000e+04 2.547200000000000000e+04
1.744940226888644641e-01 9.899999999999985478e-01 1.443289932012703503e-15 2.189641999999999825e+04 1.062342968913523691e+03 2.006200000000000000e+04 2.552300000000000000e+04
1.919434249577509355e-01 9.899999999999985478e-01 1.443289932012703503e-15 2.157359999999999854e+04 1.001149239624143206e+03 1.905900000000000000e+04 2.382900000000000000e+04
2.111377674535260540e-01 9.899999999999985478e-01 1.443289932012703503e-15 2.114100999999999840e+04 9.825230734695243200e+02 1.908400000000000000e+04 2.396000000000000000e+04
2.322515441988786677e-01 9.899999999999985478e-01 1.443289932012703503e-15 2.085159999999999854e+04 9.742503374389971214e+02 1.880000000000000000e+04 2.450900000000000000e+04
2.554766986187665401e-01 9.899999999999985478e-01 1.443289932012703503e-15 2.038911000000000058e+04 8.040993084812346297e+02 1.851100000000000000e+04 2.234700000000000000e+04
2.810243684806432163e-01 9.899999999999985478e-01 1.443289932012703503e-15 1.998833000000000175e+04 8.356201176970309916e+02 1.815500000000000000e+04 2.216100000000000000e+04
3.091268053287075657e-01 9.899999999999985478e-01 1.443289932012703503e-15 1.957097999999999956e+04 7.727883795710180266e+02 1.781400000000000000e+04 2.179800000000000000e+04
3.400394858615783389e-01 9.899999999999985478e-01 1.443289932012703503e-15 1.938770999999999913e+04 8.528082351267489685e+02 1.789200000000000000e+04 2.176600000000000000e+04
3.740434344477361894e-01 9.899999999999985478e-01 1.443289932012703503e-15 1.907115000000000146e+04 6.482192896697845299e+02 1.721500000000000000e+04 2.055200000000000000e+04
4.114477778925098583e-01 9.899999999999985478e-01 1.443289932012703503e-15 1.871506000000000131e+04 7.009848760137410864e+02 1.715500000000000000e+04 2.086400000000000000e+04
4.525925556817608775e-01 9.899999999999985478e-01 1.443289932012703503e-15 1.845702000000000044e+04 7.327488380065847196e+02 1.697300000000000000e+04 2.060000000000000000e+04
4.978518112499369930e-01 9.899999999999985478e-01 1.443289932012703503e-15 1.806743000000000029e+04 7.085024242019221674e+02 1.641900000000000000e+04 1.997400000000000000e+04
5.476369923749306867e-01 9.899999999999985478e-01 1.443289932012703503e-15 1.799409999999999854e+04 7.389160642454594381e+02 1.622500000000000000e+04 2.075500000000000000e+04
6.024006916124238220e-01 9.899999999999985478e-01 1.443289932012703503e-15 1.785727999999999884e+04 6.200368872897803385e+02 1.675400000000000000e+04 2.016200000000000000e+04
6.626407607736662930e-01 9.899999999999985478e-01 1.443289932012703503e-15 1.798831999999999971e+04 6.650769711845389338e+02 1.680400000000000000e+04 2.052100000000000000e+04
7.289048368510330222e-01 9.899999999999985478e-01 1.443289932012703503e-15 1.764777000000000044e+04 6.279321755572013899e+02 1.625600000000000000e+04 1.911100000000000000e+04
8.017953205361363356e-01 9.899999999999985478e-01 1.443289932012703503e-15 1.777927999999999884e+04 7.664555313910911991e+02 1.615900000000000000e+04 1.998600000000000000e+04
8.819748525897500580e-01 9.899999999999985478e-01 1.443289932012703503e-15 1.767331999999999971e+04 6.673094017020889623e+02 1.630100000000000000e+04 1.998800000000000000e+04
9.701723378487251415e-01 9.899999999999985478e-01 1.443289932012703503e-15 1.758670999999999913e+04 7.060105989997599636e+02 1.610700000000000000e+04 1.973600000000000000e+04
9.801723378487251503e-01 9.899999999999985478e-01 1.443289932012703503e-15 1.750870000000000073e+04 6.800073455485610339e+02 1.641200000000000000e+04 1.995500000000000000e+04
9.901723378487251592e-01 9.899999999999985478e-01 1.443289932012703503e-15 1.756320999999999913e+04 6.685778981539848473e+02 1.610200000000000000e+04 1.939700000000000000e+04
1.000172337848725057e+00 9.899999999999985478e-01 1.443289932012703503e-15 1.754729999999999927e+04 6.730646848557722706e+02 1.616500000000000000e+04 1.927600000000000000e+04
