1.000000000000000021e-02 9.899999999999985478e-01 1.443289932012703503e-15 5.434433000000000175e+04 4.326779382069300482e+03 4.565500000000000000e+04 6.637700000000000000e+04
1.100000000000000110e-02 9.899999999999985478e-01 1.443289932012703503e-15 5.313658000000000175e+04 3.531925418748249740e+03 4.328000000000000000e+04 6.245700000000000000e+04
1.210000000000000138e-02 9.899999999999985478e-01 1.443289932012703503e-15 5.271109999999999854e+04 3.875358278920802604e+03 4.463500000000000000e+04 6.356800000000000000e+04
1.331000000000000238e-02 9.899999999999985478e-01 1.443289932012703503e-15 5.221026000000000204e+04 3.250313389874890618e+03 4.178900000000000000e+04 6.307300000000000000e+04
1.464100000000000297e-02 9.899999999999985478e-01 1.443289932012703503e-15 5.061709999999999854e+04 3.815983426326691642e+03 3.954500000000000000e+04 6.115200000000000000e+04
1.610510000000000413e-02 9.899999999999985478e-01 1.443289932012703503e-15 4.964106999999999971e+04 3.899405486109389130e+03 4.092800000000000000e+04 6.050300000000000000e+04
1.771561000000000663e-02 9.899999999999985478e-01 1.443289932012703503e-15 4.852494999999999709e+04 3.450475895800462240e+03 4.264000000000000000e+04 5.658900000000000000e+04
1.948717100000000799e-02 9.899999999999985478e-01 1.443289932012703503e-15 4.811886000000000058e+04 3.434747696760271992e+03 4.102800000000000000e+04 5.923300000000000000e+04
2.143588810000001191e-02 9.899999999999985478e-01 1.443289932012703503e-15 4.723731999999999971e+04 3.437759415316900686e+03 3.951300000000000000e+04 5.785300000000000000e+04
2.357947691000001483e-02 9.899999999999985478e-01 1.443289932012703503e-15 4.619719000000000233e+04 3.526864070800007084e+03 3.754200000000000000e+04 5.687800000000000000e+04
2.593742460100001770e-02 9.899999999999985478e-01 1.443289932012703503e-15 4.580019999999999709e+04 3.518311163043996203e+03 3.929500000000000000e+04 5.613000000000000000e+04
2.853116706110002052e-02 9.899999999999985478e-01 1.443289932012703503e-15 4.438795999999999913e+04 3.579283056479327570e+03 3.723200000000000000e+04 5.663600000000000000e+04
3.138428376721002361e-02 9.899999999999985478e-01 1.443289932012703503e-15 4.335679000000000087e+04 2.824295371575005447e+03 3.750000000000000000e+04 5.294200000000000000e+04
3.452271214393103083e-02 9.899999999999985478e-01 1.443289932012703503e-15 4.292038999999999942e+04 2.810053717974088613e+03 3.735000000000000000e+04 5.416000000000000000e+04
3.797498335832413807e-02 9.899999999999985478e-01 1.443289932012703503e-15 4.234650000000000000e+04 3.479059181732900470e+03 3.602700000000000000e+04 5.599700000000000000e+04
4.177248169415655188e-02 9.899999999999985478e-01 1.443289932012703503e-15 4.127062000000000262e+04 2.717945822786024564e+03 3.608500000000000000e+04 5.166400000000000000e+04
4.594972986357220845e-02 9.899999999999985478e-01 1.443289932012703503e-15 4.057150000000000000e+04 2.936392380115436936e+03 3.475700000000000000e+04 4.991700000000000000e+04
5.054470284992943624e-02 9.899999999999985478e-01 1.443289932012703503e-15 3.997536000000000058e+04 2.917202658438387971e+03 3.369900000000000000e+04 4.917000000000000000e+04
5.559917313492238750e-02 9.899999999999985478e-01 1.443289932012703503e-15 3.945462000000000262e+04 3.016573462655932417e+03 3.435000000000000000e+04 4.970600000000000000e+04
6.115909044841463110e-02 9.899999999999985478e-01 1.443289932012703503e-15 3.927379000000000087e+04 2.617001583090846452e+03 3.442900000000000000e+04 4.684700000000000000e+04
6.727499949325610462e-02 9.899999999999985478e-01 1.443289932012703503e-15 3.772520999999999913e+04 2.325657624393581955e+03 3.327400000000000000e+04 4.312100000000000000e+04
7.400249944258172063e-02 9.899999999999985478e-01 1.443289932012703503e-15 3.697256999999999971e+04 2.587462792988529145e+03 3.136800000000000000e+04 4.522500000000000000e+04
8.140274938683990380e-02 9.899999999999985478e-01 1.443289932012703503e-15 3.612730999999999767e+04 2.840145548013340431e+03 3.132300000000000000e+04 5.091200000000000000e+04
8.954302432552389834e-02 9.899999999999985478e-01 1.443289932012703503e-15 3.610737999999999738e+04 2.380744391067634297e+03 3.151600000000000000e+04 4.347700000000000000e+04
9.849732675807629234e-02 9.899999999999985478e-01 1.443289932012703503e-15 3.535030000000000291e+04 2.436052714946866672e+03 2.968800000000000000e+04 4.252300000000000000e+04
1.083470594338839244e-01 9.899999999999985478e-01 1.443289932012703503e-15 3.465126999999999680e+04 2.130630070448645256e+03 2.955600000000000000e+04 4.126200000000000000e+04
1.191817653772723196e-01 9.899999999999985478e-01 1.443289932012703503e-15 3.403880999999999767e+04 2.021589022007193080e+03 2.938700000000000000e+04 3.939200000000000000e+04
1.310999419149995737e-01 9.899999999999985478e-01 1.443289932012703503e-15 3.316868000000000029e+04 2.340551237977925666e+03 2.928100000000000000e+04 4.116600000000000000e+04
1.442099361064995422e-01 9.899999999999985478e-01 1.443289932012703503e-15 3.244249000000000160e+04 1.915737218383565050e+03 2.855400000000000000e+04 3.838400000000000000e+04
1.586309297171495103e-01 9.899999999999985478e-01 1.443289932012703503e-15 3.226472999999999956e+04 2.087693568773923289e+03 2.819700000000000000e+04 3.780500000000000000e+04
1.744940226888644641e-01 9.899999999999985478e-01 1.443289932012703503e-15 3.194320999999999913e+04 2.151173211505759355e+03 2.817800000000000000e+04 4.093800000000000000e+04
1.919434249577509355e-01 9.899999999999985478e-01 1.443289932012703503e-15 3.135618999999999869e+04 2.773519340819530953e+03 2.751400000000000000e+04 4.670200000000000000e+04
2.111377674535260540e-01 9.899999999999985478e-01 1.443289932012703503e-15 3.088831000000000131e+04 2.084920807584787326e+03 2.686400000000000000e+04 3.616400000000000000e+04
2.322515441988786677e-01 9.899999999999985478e-01 1.443289932012703503e-15 3.034161000000000058e+04 1.984010957101799931e+03 2.661600000000000000e+04 3.666900000000000000e+04
2.554766986187665401e-01 9.899999999999985478e-01 1.443289932012703503e-15 2.982608000000000175e+04 2.146210593953911484e+03 2.646800000000000000e+04 3.826800000000000000e+04
2.810243684806432163e-01 9.899999999999985478e-01 1.443289932012703503e-15 2.975034999999999854e+04 2.114805510561196115e+03 2.615300000000000000e+04 3.615800000000000000e+04
3.091268053287075657e-01 9.899999999999985478e-01 1.443289932012703503e-15 2.891502999999999884e+04 1.934118902523834549e+03 2.499700000000000000e+04 3.423400000000000000e+04
3.400394858615783389e-01 9.899999999999985478e-01 1.443289932012703503e-15 2.851724000000000160e+04 2.136024326265972377e+03 2.521800000000000000e+04 3.613800000000000000e+04
3.740434344477361894e-01 9.899999999999985478e-01 1.443289932012703503e-15 2.838361000000000058e+04 2.177621073074927608e+03 2.479800000000000000e+04 3.671600000000000000e+04
4.114477778925098583e-01 9.899999999999985478e-01 1.443289932012703503e-15 2.801593999999999869e+04 2.084713941143963893e+03 2.517700000000000000e+04 3.763800000000000000e+04
4.525925556817608775e-01 9.899999999999985478e-01 1.443289932012703503e-15 2.750833000000000175e+04 1.585501586596493780e+03 2.376800000000000000e+04 3.279500000000000000e+04
4.978518112499369930e-01 9.899999999999985478e-01 1.443289932012703503e-15 2.773413000000000102e+04 1.892068400745597046e+03 2.375000000000000000e+04 3.314300000000000000e+04
5.476369923749306867e-01 9.899999999999985478e-01 1.443289932012703503e-15 2.731352000000000044e+04 1.874657827338098286e+03 2.355700000000000000e+04 3.637000000000000000e+04
6.024006916124238220e-01 9.899999999999985478e-01 1.443289932012703503e-15 2.706858000000000175e+04 1.804452460886681365e+03 2.421400000000000000e+04 3.158900000000000000e+04
6.626407607736662930e-01 9.899999999999985478e-01 1.443289932012703503e-15 2.718927000000000044e+04 1.829216951894990643e+03 2.378700000000000000e+04 3.342800000000000000e+04
7.289048368510330222e-01 9.899999999999985478e-01 1.443289932012703503e-15 2.716188000000000102e+04 2.339169832568811216e+03 2.346100000000000000e+04 3.806400000000000000e+04
8.017953205361363356e-01 9.899999999999985478e-01 1.443289932012703503e-15 2.667868000000000029e+04 1.918349519143996076e+03 2.373500000000000000e+04 3.295900000000000000e+04
8.819748525897500580e-01 9.899999999999985478e-01 1.443289932012703503e-15 2.683095999999999913e+04 2.321738210565523332e+03 2.350900000000000000e+04 3.874000000000000000e+04
9.701723378487251415e-01 9.899999999999985478e-01 1.443289932012703503e-15 2.695784000000000015e+04 2.097895491772648256e+03 2.359700000000000000e+04 3.561100000000000000e+04
9.801723378487251503e-01 9.899999999999985478e-01 1.443289932012703503e-15 2.696316999999999825e+04 2.140486622499659006e+03 2.394400000000000000e+04 3.304800000000000000e+04
9.901723378487251592e-01 9.899999999999985478e-01 1.443289932012703503e-15 2.679729000000000087e+04 2.079322241957700953e+03 2.277000000000000000e+04 3.629700000000000000e+04
1.000172337848725057e+00 9.899999999999985478e-01 1.443289932012703503e-15 2.687468000000000029e+04 2.040102839956849039e+03 2.262600000000000000e+04 3.361400000000000000e+04
