1.000000000000000021e-02 9.899999999999985478e-01 1.443289932012703503e-15 5.435240000000000146e+04 4.011282004546676035e+03 4.670600000000000000e+04 6.614900000000000000e+04
1.100000000000000110e-02 9.899999999999985478e-01 1.443289932012703503e-15 5.378758000000000175e+04 4.313744234838221928e+03 4.605600000000000000e+04 6.817500000000000000e+04
1.210000000000000138e-02 9.899999999999985478e-01 1.443289932012703503e-15 5.275466999999999825e+04 4.237830676313059485e+03 4.401300000000000000e+04 6.489500000000000000e+04
1.331000000000000238e-02 9.899999999999985478e-01 1.443289932012703503e-15 5.226331999999999971e+04 3.761606680342856180e+03 4.317300000000000000e+04 6.342800000000000000e+04
1.464100000000000297e-02 9.899999999999985478e-01 1.443289932012703503e-15 5.131416999999999825e+04 3.723212365834105640e+03 4.322900000000000000e+04 5.859200000000000000e+04
1.610510000000000413e-02 9.899999999999985478e-01 1.443289932012703503e-15 4.997309999999999854e+04 3.271786803873381814e+03 4.036800000000000000e+04 6.052600000000000000e+04
1.771561000000000663e-02 9.899999999999985478e-01 1.443289932012703503e-15 4.920591999999999825e+04 3.563118083027841749e+03 4.274300000000000000e+04 6.005700000000000000e+04
1.948717100000000799e-02 9.899999999999985478e-01 1.443289932012703503e-15 4.891031999999999971e+04 3.444668840048343100e+03 4.121600000000000000e+04 5.768700000000000000e+04
2.143588810000001191e-02 9.899999999999985478e-01 1.443289932012703503e-15 4.780305000000000291e+04 3.229492815830374184e+03 4.098100000000000000e+04 5.517400000000000000e+04
2.357947691000001483e-02 9.899999999999985478e-01 1.443289932012703503e-15 4.676416000000000349e+04 3.570995255443502629e+03 3.975000000000000000e+04 5.707900000000000000e+04
2.593742460100001770e-02 9.899999999999985478e-01 1.443289932012703503e-15 4.603026000000000204e+04 3.330631206303093222e+03 3.680500000000000000e+04 5.494500000000000000e+04
2.853116706110002052e-02 9.899999999999985478e-01 1.443289932012703503e-15 4.564961000000000058e+04 3.404192702815161738e+03 4.013000000000000000e+04 5.844000000000000000e+04
3.138428376721002361e-02 9.899999999999985478e-01 1.443289932012703503e-15 4.436572000000000116e+04 2.909787239919785407e+03 3.867200000000000000e+04 5.079100000000000000e+04
3.452271214393103083e-02 9.899999999999985478e-01 1.443289932012703503e-15 4.369116999999999825e+04 2.793911577179922006e+03 3.743300000000000000e+04 5.048400000000000000e+04
3.797498335832413807e-02 9.899999999999985478e-01 1.443289932012703503e-15 4.291856999999999971e+04 3.056934354071084726e+03 3.598000000000000000e+04 5.534800000000000000e+04
4.177248169415655188e-02 9.899999999999985478e-01 1.443289932012703503e-15 4.199405000000000291e+04 3.101216991360004158e+03 3.588400000000000000e+04 5.075600000000000000e+04
4.594972986357220845e-02 9.899999999999985478e-01 1.443289932012703503e-15 4.133008000000000175e+04 2.732547429341345833e+03 3.624600000000000000e+04 5.130200000000000000e+04
5.054470284992943624e-02 9.899999999999985478e-01 1.443289932012703503e-15 4.040973999999999796e+04 2.677578475488626736e+03 3.543000000000000000e+04 5.160100000000000000e+04
5.559917313492238750e-02 9.899999999999985478e-01 1.443289932012703503e-15 4.018405000000000291e+04 3.122862092296104493e+03 3.398100000000000000e+04 5.284800000000000000e+04
6.115909044841463110e-02 9.899999999999985478e-01 1.443289932012703503e-15 3.917587000000000262e+04 2.525021158941049634e+03 3.452800000000000000e+04 4.768100000000000000e+04
6.727499949325610462e-02 9.899999999999985478e-01 1.443289932012703503e-15 3.905388999999999942e+04 2.887016324494892615e+03 3.444500000000000000e+04 4.810500000000000000e+04
7.400249944258172063e-02 9.899999999999985478e-01 1.443289932012703503e-15 3.753162000000000262e+04 2.338342159650721442e+03 3.288500000000000000e+04 4.464800000000000000e+04
8.140274938683990380e-02 9.899999999999985478e-01 1.443289932012703503e-15 3.749883999999999651e+04 2.903657874888155675e+03 3.281600000000000000e+04 4.504600000000000000e+04
8.954302432552389834e-02 9.899999999999985478e-01 1.443289932012703503e-15 3.685962000000000262e+04 2.285729138721383606e+03 3.252500000000000000e+04 4.289600000000000000e+04
9.849732675807629234e-02 9.899999999999985478e-01 1.443289932012703503e-15 3.635063999999999942e+04 3.053193916278493361e+03 3.188100000000000000e+04 5.173100000000000000e+04
1.083470594338839244e-01 9.899999999999985478e-01 1.443289932012703503e-15 3.527187999999999738e+04 2.359125173787944732e+03 3.104100000000000000e+04 4.224300000000000000e+04
1.191817653772723196e-01 9.899999999999985478e-01 1.443289932012703503e-15 3.472083999999999651e+04 2.463438140972896690e+03 3.001500000000000000e+04 4.244900000000000000e+04
1.310999419149995737e-01 9.899999999999985478e-01 1.443289932012703503e-15 3.387190000000000146e+04 1.971292522686575239e+03 2.982200000000000000e+04 3.887500000000000000e+04
1.442099361064995422e-01 9.899999999999985478e-01 1.443289932012703503e-15 3.389044000000000233e+04 2.502771572956668933e+03 2.957200000000000000e+04 4.031600000000000000e+04
1.586309297171495103e-01 9.899999999999985478e-01 1.443289932012703503e-15 3.330283000000000175e+04 2.011742931166902281e+03 2.985100000000000000e+04 3.972100000000000000e+04
1.744940226888644641e-01 9.899999999999985478e-01 1.443289932012703503e-15 3.258899000000000160e+04 2.130465092391799317e+03 2.839200000000000000e+04 3.858500000000000000e+04
1.919434249577509355e-01 9.899999999999985478e-01 1.443289932012703503e-15 3.192015999999999985e+04 2.125770988229916838e+03 2.816400000000000000e+04 3.873500000000000000e+04
2.111377674535260540e-01 9.899999999999985478e-01 1.443289932012703503e-15 3.168459999999999854e+04 1.801892438521234226e+03 2.825100000000000000e+04 3.699600000000000000e+04
2.322515441988786677e-01 9.899999999999985478e-01 1.443289932012703503e-15 3.086483000000000175e+04 2.309843527406131670e+03 2.729500000000000000e+04 4.058100000000000000e+04
2.554766986187665401e-01 9.899999999999985478e-01 1.443289932012703503e-15 3.081379999999999927e+04 2.115618812546343179e+03 2.652800000000000000e+04 3.795300000000000000e+04
2.810243684806432163e-01 9.899999999999985478e-01 1.443289932012703503e-15 3.038731999999999971e+04 2.169018892863775363e+03 2.672300000000000000e+04 3.796900000000000000e+04
3.091268053287075657e-01 9.899999999999985478e-01 1.443289932012703503e-15 2.991622999999999956e+04 2.219555644064820626e+03 2.606600000000000000e+04 3.991600000000000000e+04
3.400394858615783389e-01 9.899999999999985478e-01 1.443289932012703503e-15 2.930431000000000131e+04 2.062482623902562864e+03 2.644400000000000000e+04 3.727700000000000000e+04
3.740434344477361894e-01 9.899999999999985478e-01 1.443289932012703503e-15 2.890529000000000087e+04 1.592877429653644640e+03 2.529500000000000000e+04 3.427600000000000000e+04
4.114477778925098583e-01 9.899999999999985478e-01 1.443289932012703503e-15 2.878008000000000175e+04 1.649903552817557966e+03 2.543500000000000000e+04 3.410000000000000000e+04
4.525925556817608775e-01 9.899999999999985478e-01 1.443289932012703503e-15 2.808558000000000175e+04 1.712045952537489256e+03 2.507900000000000000e+04 3.274700000000000000e+04
4.978518112499369930e-01 9.899999999999985478e-01 1.443289932012703503e-15 2.810215999999999985e+04 1.749844888668706744e+03 2.495600000000000000e+04 3.292100000000000000e+04
5.476369923749306867e-01 9.899999999999985478e-01 1.443289932012703503e-15 2.816454999999999927e+04 1.968875127452220795e+03 2.504200000000000000e+04 3.676300000000000000e+04
6.024006916124238220e-01 9.899999999999985478e-01 1.443289932012703503e-15 2.800713999999999942e+04 1.845161987577242144e+03 2.549500000000000000e+04 3.521400000000000000e+04
6.626407607736662930e-01 9.899999999999985478e-01 1.443289932012703503e-15 2.784986999999999898e+04 1.669997291345108806e+03 2.491000000000000000e+04 3.261200000000000000e+04
7.289048368510330222e-01 9.899999999999985478e-01 1.443289932012703503e-15 2.796702999999999884e+04 1.747290173125231149e+03 2.522300000000000000e+04 3.353900000000000000e+04
8.017953205361363356e-01 9.899999999999985478e-01 1.443289932012703503e-15 2.818865000000000146e+04 2.141983232310654330e+03 2.424900000000000000e+04 3.415600000000000000e+04
8.819748525897500580e-01 9.899999999999985478e-01 1.443289932012703503e-15 2.786663000000000102e+04 1.901496866444959551e+03 2.440700000000000000e+04 3.408000000000000000e+04
9.701723378487251415e-01 9.899999999999985478e-01 1.443289932012703503e-15 2.774893000000000029e+04 2.047177511868475449e+03 2.442300000000000000e+04 3.502600000000000000e+04
9.801723378487251503e-01 9.899999999999985478e-01 1.443289932012703503e-15 2.793997000000000116e+04 2.015991138150165398e+03 2.428100000000000000e+04 3.598600000000000000e+04
9.901723378487251592e-01 9.899999999999985478e-01 1.443289932012703503e-15 2.762854999999999927e+04 1.839977561683837621e+03 2.372700000000000000e+04 3.595100000000000000e+04
1.000172337848725057e+00 9.899999999999985478e-01 1.443289932012703503e-15 2.761456000000000131e+04 2.003527540714127554e+03 2.444000000000000000e+04 3.527100000000000000e+04
