1.000000000000000021e-02 9.899999999999985478e-01 1.443289932012703503e-15 5.447162999999999738e+04 3.913645555374169817e+03 4.435500000000000000e+04 6.279000000000000000e+04
1.100000000000000110e-02 9.899999999999985478e-01 1.443289932012703503e-15 5.376576000000000204e+04 3.676507941294292777e+03 4.555700000000000000e+04 6.454100000000000000e+04
1.210000000000000138e-02 9.899999999999985478e-01 1.443289932012703503e-15 5.252938999999999942e+04 3.871248880903938698e+03 4.315000000000000000e+04 6.235900000000000000e+04
1.331000000000000238e-02 9.899999999999985478e-01 1.443289932012703503e-15 5.162076999999999680e+04 3.640734117880621852e+03 4.317700000000000000e+04 6.141800000000000000e+04
1.464100000000000297e-02 9.899999999999985478e-01 1.443289932012703503e-15 5.039284999999999854e+04 3.245272498188710415e+03 4.292800000000000000e+04 5.864300000000000000e+04
1.610510000000000413e-02 9.899999999999985478e-01 1.443289932012703503e-15 4.979475000000000000e+04 3.005685121149585484e+03 4.416300000000000000e+04 5.790800000000000000e+04
1.771561000000000663e-02 9.899999999999985478e-01 1.443289932012703503e-15 4.837859999999999854e+04 3.037581472158401084e+03 4.216900000000000000e+04 5.626500000000000000e+04
1.948717100000000799e-02 9.899999999999985478e-01 1.443289932012703503e-15 4.829583999999999651e+04 3.908276353381372701e+03 3.879100000000000000e+04 6.209400000000000000e+04
2.143588810000001191e-02 9.899999999999985478e-01 1.443289932012703503e-15 4.704850000000000000e+04 4.064786226851296760e+03 3.848900000000000000e+04 5.967000000000000000e+04
2.357947691000001483e-02 9.899999999999985478e-01 1.443289932012703503e-15 4.569580999999999767e+04 2.969569654663786423e+03 4.023500000000000000e+04 5.354000000000000000e+04
2.593742460100001770e-02 9.899999999999985478e-01 1.443289932012703503e-15 4.556687999999999738e+04 3.165471425490995898e+03 3.888800000000000000e+04 5.560300000000000000e+04
2.853116706110002052e-02 9.899999999999985478e-01 1.443289932012703503e-15 4.451929000000000087e+04 3.393810322616748635e+03 3.871800000000000000e+04 5.389700000000000000e+04
3.138428376721002361e-02 9.899999999999985478e-01 1.443289932012703503e-15 4.457002999999999884e+04 3.566145320805085703e+03 3.820800000000000000e+04 5.533900000000000000e+04
3.452271214393103083e-02 9.899999999999985478e-01 1.443289932012703503e-15 4.292829000000000087e+04 2.724899276285271753e+03 3.772500000000000000e+04 5.298500000000000000e+04
3.797498335832413807e-02 9.899999999999985478e-01 1.443289932012703503e-15 4.213509999999999854e+04 3.076892040680010723e+03 3.575100000000000000e+04 5.561700000000000000e+04
4.177248169415655188e-02 9.899999999999985478e-01 1.443289932012703503e-15 4.125173999999999796e+04 2.844335703182730413e+03 3.573900000000000000e+04 5.091300000000000000e+04
4.594972986357220845e-02 9.899999999999985478e-01 1.443289932012703503e-15 4.105761000000000058e+04 2.945109579947747534e+03 3.584100000000000000e+04 4.886700000000000000e+04
5.054470284992943624e-02 9.899999999999985478e-01 1.443289932012703503e-15 3.999900000000000000e+04 2.851333740550200673e+03 3.343200000000000000e+04 4.875900000000000000e+04
5.559917313492238750e-02 9.899999999999985478e-01 1.443289932012703503e-15 3.950547000000000116e+04 2.749812642544942719e+03 3.405000000000000000e+04 4.731000000000000000e+04
6.115909044841463110e-02 9.899999999999985478e-01 1.443289932012703503e-15 3.855677999999999884e+04 2.502394975138817244e+03 3.341900000000000000e+04 4.642800000000000000e+04
6.727499949325610462e-02 9.899999999999985478e-01 1.443289932012703503e-15 3.755394000000000233e+04 2.304364957293006682e+03 3.201300000000000000e+04 4.536700000000000000e+04
7.400249944258172063e-02 9.899999999999985478e-01 1.443289932012703503e-15 3.738820999999999913e+04 2.663312314750186943e+03 3.160800000000000000e+04 4.454700000000000000e+04
8.140274938683990380e-02 9.899999999999985478e-01 1.443289932012703503e-15 3.690020999999999913e+04 2.824463312896805746e+03 3.181900000000000000e+04 4.815100000000000000e+04
8.954302432552389834e-02 9.899999999999985478e-01 1.443289932012703503e-15 3.564087000000000262e+04 2.429260849126745597e+03 3.083500000000000000e+04 4.285200000000000000e+04
9.849732675807629234e-02 9.899999999999985478e-01 1.443289932012703503e-15 3.526273000000000320e+04 2.249023169533831151e+03 3.026400000000000000e+04 4.139200000000000000e+04
1.083470594338839244e-01 9.899999999999985478e-01 1.443289932012703503e-15 3.461277999999999884e+04 2.293404637563986853e+03 3.007700000000000000e+04 4.269600000000000000e+04
1.191817653772723196e-01 9.899999999999985478e-01 1.443289932012703503e-15 3.433426999999999680e+04 2.311915283287863076e+03 2.861900000000000000e+04 4.124500000000000000e+04
1.310999419149995737e-01 9.899999999999985478e-01 1.443289932012703503e-15 3.376544999999999709e+04 2.577130099063685520e+03 2.882800000000000000e+04 4.200000000000000000e+04
1.442099361064995422e-01 9.899999999999985478e-01 1.443289932012703503e-15 3.272663999999999942e+04 2.225733297230375229e+03 2.852100000000000000e+04 4.128200000000000000e+04
1.586309297171495103e-01 9.899999999999985478e-01 1.443289932012703503e-15 3.231050000000000000e+04 2.208837026582088129e+03 2.747200000000000000e+04 3.999500000000000000e+04
1.744940226888644641e-01 9.899999999999985478e-01 1.443289932012703503e-15 3.181338000000000102e+04 1.788641472067557743e+03 2.697400000000000000e+04 3.641300000000000000e+04
1.919434249577509355e-01 9.899999999999985478e-01 1.443289932012703503e-15 3.119572999999999956e+04 2.246701888791657439e+03 2.732700000000000000e+04 3.766200000000000000e+04
2.111377674535260540e-01 9.899999999999985478e-01 1.443289932012703503e-15 3.127950999999999840e+04 2.310799746819269785e+03 2.763700000000000000e+04 3.926300000000000000e+04
2.322515441988786677e-01 9.899999999999985478e-01 1.443289932012703503e-15 3.029613000000000102e+04 1.951987508438514851e+03 2.678400000000000000e+04 3.627100000000000000e+04
2.554766986187665401e-01 9.899999999999985478e-01 1.443289932012703503e-15 2.978947999999999956e+04 2.047460712590109779e+03 2.588900000000000000e+04 3.770300000000000000e+04
2.810243684806432163e-01 9.899999999999985478e-01 1.443289932012703503e-15 2.948450000000000000e+04 2.122272336435642501e+03 2.570100000000000000e+04 3.833900000000000000e+04
3.091268053287075657e-01 9.899999999999985478e-01 1.443289932012703503e-15 2.891609000000000015e+04 2.086240854239989403e+03 2.535000000000000000e+04 3.723300000000000000e+04
3.400394858615783389e-01 9.899999999999985478e-01 1.443289932012703503e-15 2.853359000000000015e+04 1.860091901466161289e+03 2.551400000000000000e+04 3.608300000000000000e+04
3.740434344477361894e-01 9.899999999999985478e-01 1.443289932012703503e-15 2.852697999999999956e+04 2.105699755330754670e+03 2.412800000000000000e+04 3.550600000000000000e+04
4.114477778925098583e-01 9.899999999999985478e-01 1.443289932012703503e-15 2.827859999999999854e+04 2.178465648111074643e+03 2.480500000000000000e+04 3.504300000000000000e+04
4.525925556817608775e-01 9.899999999999985478e-01 1.443289932012703503e-15 2.771197000000000116e+04 1.813187637587461722e+03 2.460800000000000000e+04 3.438000000000000000e+04
4.978518112499369930e-01 9.899999999999985478e-01 1.443289932012703503e-15 2.778216999999999825e+04 2.088128688826433063e+03 2.405900000000000000e+04 3.690900000000000000e+04
5.476369923749306867e-01 9.899999999999985478e-01 1.443289932012703503e-15 2.729447000000000116e+04 1.885932217525327815e+03 2.366100000000000000e+04 3.422000000000000000e+04
6.024006916124238220e-01 9.899999999999985478e-01 1.443289932012703503e-15 2.728179999999999927e+04 1.958099103722791824e+03 2.406700000000000000e+04 3.241000000000000000e+04
6.626407607736662930e-01 9.899999999999985478e-01 1.443289932012703503e-15 2.706797000000000116e+04 1.962346791242567178e+03 2.320700000000000000e+04 3.317000000000000000e+04
7.289048368510330222e-01 9.899999999999985478e-01 1.443289932012703503e-15 2.670750999999999840e+04 1.890673110270519146e+03 2.387400000000000000e+04 3.206200000000000000e+04
8.017953205361363356e-01 9.899999999999985478e-01 1.443289932012703503e-15 2.668833000000000175e+04 1.887800535305570747e+03 2.336200000000000000e+04 3.404100000000000000e+04
8.819748525897500580e-01 9.899999999999985478e-01 1.443289932012703503e-15 2.734952000000000044e+04 2.068484631221610016e+03 2.419300000000000000e+04 3.374000000000000000e+04
9.701723378487251415e-01 9.899999999999985478e-01 1.443289932012703503e-15 2.670406000000000131e+04 1.623981581299492291e+03 2.371700000000000000e+04 3.185300000000000000e+04
9.801723378487251503e-01 9.899999999999985478e-01 1.443289932012703503e-15 2.689597000000000116e+04 1.776048245149889226e+03 2.395700000000000000e+04 3.278500000000000000e+04
9.901723378487251592e-01 9.899999999999985478e-01 1.443289932012703503e-15 2.710890999999999985e+04 2.150933500111056219e+03 2.404000000000000000e+04 3.543300000000000000e+04
1.000172337848725057e+00 9.899999999999985478e-01 1.443289932012703503e-15 2.710690000000000146e+04 1.996708353766267692e+03 2.375900000000000000e+04 3.486500000000000000e+04
