1.000000000000000021e-02 9.899999999999985478e-01 1.443289932012703503e-15 5.446605999999999767e+04 3.785086563924264738e+03 4.591900000000000000e+04 6.455300000000000000e+04
1.100000000000000110e-02 9.899999999999985478e-01 1.443289932012703503e-15 5.362404000000000087e+04 3.554782820145275764e+03 4.514000000000000000e+04 6.239200000000000000e+04
1.210000000000000138e-02 9.899999999999985478e-01 1.443289932012703503e-15 5.213495999999999913e+04 4.378353841159940202e+03 4.282600000000000000e+04 6.178300000000000000e+04
1.331000000000000238e-02 9.899999999999985478e-01 1.443289932012703503e-15 5.206212000000000262e+04 4.164393915757730610e+03 4.363200000000000000e+04 6.531800000000000000e+04
1.464100000000000297e-02 9.899999999999985478e-01 1.443289932012703503e-15 5.140145999999999913e+04 4.020021421385711164e+03 4.406600000000000000e+04 6.385400000000000000e+04
1.610510000000000413e-02 9.899999999999985478e-01 1.443289932012703503e-15 4.967154000000000087e+04 3.168134906912898714e+03 4.351500000000000000e+04 5.848900000000000000e+04
1.771561000000000663e-02 9.899999999999985478e-01 1.443289932012703503e-15 4.842215000000000146e+04 3.239582403258173599e+03 3.770700000000000000e+04 5.756800000000000000e+04
1.948717100000000799e-02 9.899999999999985478e-01 1.443289932012703503e-15 4.793947000000000116e+04 3.441477811798297807e+03 4.193900000000000000e+04 5.734100000000000000e+04
2.143588810000001191e-02 9.899999999999985478e-01 1.443289932012703503e-15 4.733512000000000262e+04 3.274148619962141765e+03 4.036000000000000000e+04 5.504800000000000000e+04
2.357947691000001483e-02 9.899999999999985478e-01 1.443289932012703503e-15 4.629783000000000175e+04 3.473109776713083193e+03 3.795800000000000000e+04 5.463400000000000000e+04
2.593742460100001770e-02 9.899999999999985478e-01 1.443289932012703503e-15 4.622969000000000233e+04 3.698328986704671934e+03 3.876300000000000000e+04 5.439600000000000000e+04
2.853116706110002052e-02 9.899999999999985478e-01 1.443289932012703503e-15 4.405780000000000291e+04 2.722027644973504266e+03 3.894500000000000000e+04 5.309700000000000000e+04
3.138428376721002361e-02 9.899999999999985478e-01 1.443289932012703503e-15 4.422283999999999651e+04 3.111728075266217729e+03 3.897200000000000000e+04 5.449000000000000000e+04
3.452271214393103083e-02 9.899999999999985478e-01 1.443289932012703503e-15 4.347495999999999913e+04 3.078111563670167016e+03 3.714900000000000000e+04 5.113700000000000000e+04
3.797498335832413807e-02 9.899999999999985478e-01 1.443289932012703503e-15 4.294191999999999825e+04 2.928586671689946797e+03 3.439200000000000000e+04 4.964800000000000000e+04
4.177248169415655188e-02 9.899999999999985478e-01 1.443289932012703503e-15 4.154048000000000320e+04 2.434990691891860479e+03 3.650800000000000000e+04 4.798500000000000000e+04
4.594972986357220845e-02 9.899999999999985478e-01 1.443289932012703503e-15 4.128598999999999796e+04 3.238379173274804543e+03 3.558600000000000000e+04 5.050300000000000000e+04
5.054470284992943624e-02 9.899999999999985478e-01 1.443289932012703503e-15 4.034618000000000029e+04 2.552643129699096335e+03 3.541100000000000000e+04 4.954200000000000000e+04
5.559917313492238750e-02 9.899999999999985478e-01 1.443289932012703503e-15 4.016530999999999767e+04 2.621013081596503071e+03 3.528700000000000000e+04 4.899900000000000000e+04
6.115909044841463110e-02 9.899999999999985478e-01 1.443289932012703503e-15 3.919126000000000204e+04 2.768516402768818807e+03 3.395400000000000000e+04 4.695300000000000000e+04
6.727499949325610462e-02 9.899999999999985478e-01 1.443289932012703503e-15 3.836291000000000349e+04 2.547265816890731003e+03 3.286700000000000000e+04 4.496600000000000000e+04
7.400249944258172063e-02 9.899999999999985478e-01 1.443289932012703503e-15 3.721766999999999825e+04 2.246687851282415977e+03 3.281700000000000000e+04 4.487900000000000000e+04
8.140274938683990380e-02 9.899999999999985478e-01 1.443289932012703503e-15 3.707363999999999942e+04 2.594120824171457571e+03 3.244400000000000000e+04 4.674400000000000000e+04
8.954302432552389834e-02 9.899999999999985478e-01 1.443289932012703503e-15 3.664563999999999942e+04 2.828400171545745252e+03 3.199400000000000000e+04 4.769700000000000000e+04
9.849732675807629234e-02 9.899999999999985478e-01 1.443289932012703503e-15 3.574202999999999884e+04 2.463873070817569442e+03 3.017700000000000000e+04 4.406500000000000000e+04
1.083470594338839244e-01 9.899999999999985478e-01 1.443289932012703503e-15 3.473019999999999709e+04 2.589457939415119654e+03 2.879900000000000000e+04 4.237000000000000000e+04
1.191817653772723196e-01 9.899999999999985478e-01 1.443289932012703503e-15 3.457855000000000291e+04 2.125520112231357416e+03 3.098300000000000000e+04 4.100100000000000000e+04
1.310999419149995737e-01 9.899999999999985478e-01 1.443289932012703503e-15 3.404873000000000320e+04 2.477265943959186188e+03 2.876800000000000000e+04 4.440800000000000000e+04
1.442099361064995422e-01 9.899999999999985478e-01 1.443289932012703503e-15 3.325659999999999854e+04 2.469806676644956042e+03 2.817400000000000000e+04 4.233700000000000000e+04
1.586309297171495103e-01 9.899999999999985478e-01 1.443289932012703503e-15 3.309950000000000000e+04 1.941925006275989062e+03 2.876600000000000000e+04 3.806300000000000000e+04
1.744940226888644641e-01 9.899999999999985478e-01 1.443289932012703503e-15 3.269320999999999913e+04 2.136994030384736561e+03 2.818500000000000000e+04 4.078200000000000000e+04
1.919434249577509355e-01 9.899999999999985478e-01 1.443289932012703503e-15 3.176847999999999956e+04 1.813494342312652179e+03 2.820400000000000000e+04 3.824800000000000000e+04
2.111377674535260540e-01 9.899999999999985478e-01 1.443289932012703503e-15 3.164854000000000087e+04 2.377229304968286215e+03 2.724500000000000000e+04 3.808400000000000000e+04
2.322515441988786677e-01 9.899999999999985478e-01 1.443289932012703503e-15 3.081527999999999884e+04 1.958656345967817288e+03 2.719700000000000000e+04 3.708900000000000000e+04
2.554766986187665401e-01 9.899999999999985478e-01 1.443289932012703503e-15 3.022474000000000160e+04 2.031128556344969411e+03 2.649600000000000000e+04 3.691000000000000000e+04
2.810243684806432163e-01 9.899999999999985478e-01 1.443289932012703503e-15 3.001677999999999884e+04 1.987664149598719405e+03 2.586700000000000000e+04 3.630400000000000000e+04
3.091268053287075657e-01 9.899999999999985478e-01 1.443289932012703503e-15 2.966488999999999942e+04 2.173011062535117617e+03 2.684900000000000000e+04 3.843900000000000000e+04
3.400394858615783389e-01 9.899999999999985478e-01 1.443289932012703503e-15 2.917063999999999942e+04 2.200053733525615371e+03 2.513200000000000000e+04 3.984000000000000000e+04
3.740434344477361894e-01 9.899999999999985478e-01 1.443289932012703503e-15 2.895956999999999971e+04 1.914082303637960194e+03 2.538300000000000000e+04 3.786000000000000000e+04
4.114477778925098583e-01 9.899999999999985478e-01 1.443289932012703503e-15 2.871956999999999971e+04 2.052053991760451026e+03 2.536000000000000000e+04 3.534400000000000000e+04
4.525925556817608775e-01 9.899999999999985478e-01 1.443289932012703503e-15 2.815459999999999854e+04 2.147530325746297876e+03 2.436200000000000000e+04 3.662600000000000000e+04
4.978518112499369930e-01 9.899999999999985478e-01 1.443289932012703503e-15 2.823613000000000102e+04 1.696075568216227794e+03 2.569700000000000000e+04 3.337600000000000000e+04
5.476369923749306867e-01 9.899999999999985478e-01 1.443289932012703503e-15 2.796345000000000073e+04 2.064100876289722237e+03 2.459300000000000000e+04 3.757100000000000000e+04
6.024006916124238220e-01 9.899999999999985478e-01 1.443289932012703503e-15 2.764283000000000175e+04 1.927355717323607678e+03 2.479700000000000000e+04 3.338000000000000000e+04
6.626407607736662930e-01 9.899999999999985478e-01 1.443289932012703503e-15 2.763413999999999942e+04 1.651900511653168905e+03 2.474700000000000000e+04 3.252200000000000000e+04
7.289048368510330222e-01 9.899999999999985478e-01 1.443289932012703503e-15 2.766070999999999913e+04 1.897180151145377977e+03 2.430500000000000000e+04 3.620300000000000000e+04
8.017953205361363356e-01 9.899999999999985478e-01 1.443289932012703503e-15 2.722675999999999840e+04 1.537462956431796329e+03 2.479200000000000000e+04 3.300200000000000000e+04
8.819748525897500580e-01 9.899999999999985478e-01 1.443289932012703503e-15 2.732927999999999884e+04 2.264460730858452735e+03 2.447100000000000000e+04 4.106200000000000000e+04
9.701723378487251415e-01 9.899999999999985478e-01 1.443289932012703503e-15 2.755077000000000044e+04 1.890246316515389708e+03 2.410000000000000000e+04 3.448200000000000000e+04
9.801723378487251503e-01 9.899999999999985478e-01 1.443289932012703503e-15 2.740474000000000160e+04 1.870372506320599541e+03 2.425400000000000000e+04 3.473900000000000000e+04
9.901723378487251592e-01 9.899999999999985478e-01 1.443289932012703503e-15 2.710400000000000000e+04 2.029808114083693454e+03 2.423000000000000000e+04 3.529300000000000000e+04
1.000172337848725057e+00 9.899999999999985478e-01 1.443289932012703503e-15 2.712670000000000073e+04 1.692319588612033158e+03 2.389000000000000000e+04 3.345000000000000000e+04
