1.000000000000000021e-02 9.899999999999985478e-01 1.443289932012703503e-15 5.441866000000000349e+04 4.443146210108327978e+03 4.508300000000000000e+04 6.528100000000000000e+04
1.100000000000000110e-02 9.899999999999985478e-01 1.443289932012703503e-15 5.363369000000000233e+04 3.555644146128800003e+03 4.531100000000000000e+04 6.215700000000000000e+04
1.210000000000000138e-02 9.899999999999985478e-01 1.443289932012703503e-15 5.299556999999999971e+04 3.918724443629584130e+03 4.438800000000000000e+04 6.347200000000000000e+04
1.331000000000000238e-02 9.899999999999985478e-01 1.443289932012703503e-15 5.159341000000000349e+04 3.515117409404697810e+03 4.408700000000000000e+04 6.609900000000000000e+04
1.464100000000000297e-02 9.899999999999985478e-01 1.443289932012703503e-15 5.088250000000000000e+04 3.811722897850786921e+03 4.462100000000000000e+04 6.162000000000000000e+04
1.610510000000000413e-02 9.899999999999985478e-01 1.443289932012703503e-15 5.071216000000000349e+04 3.541707048077239506e+03 4.238300000000000000e+04 6.473300000000000000e+04
1.771561000000000663e-02 9.899999999999985478e-01 1.443289932012703503e-15 4.955619000000000233e+04 3.644129780057236076e+03 4.214100000000000000e+04 5.817400000000000000e+04
1.948717100000000799e-02 9.899999999999985478e-01 1.443289932012703503e-15 4.863615000000000146e+04 3.614211738055753358e+03 4.052800000000000000e+04 6.111600000000000000e+04
2.143588810000001191e-02 9.899999999999985478e-01 1.443289932012703503e-15 4.821697000000000116e+04 3.729468204597003478e+03 4.045200000000000000e+04 5.809600000000000000e+04
2.357947691000001483e-02 9.899999999999985478e-01 1.443289932012703503e-15 4.722090000000000146e+04 2.909592705173698050e+03 4.060700000000000000e+04 5.533500000000000000e+04
2.593742460100001770e-02 9.899999999999985478e-01 1.443289932012703503e-15 4.635791999999999825e+04 3.125010837357209311e+03 4.095000000000000000e+04 5.626300000000000000e+04
2.853116706110002052e-02 9.899999999999985478e-01 1.443289932012703503e-15 4.477062999999999738e+04 2.668018203292474027e+03 3.604000000000000000e+04 5.197900000000000000e+04
3.138428376721002361e-02 9.899999999999985478e-01 1.443289932012703503e-15 4.443000000000000000e+04 3.064792247445167504e+03 3.625000000000000000e+04 5.409800000000000000e+04
3.452271214393103083e-02 9.899999999999985478e-01 1.443289932012703503e-15 4.381181999999999971e+04 2.891098595274813306e+03 3.744700000000000000e+04 5.150100000000000000e+04
3.797498335832413807e-02 9.899999999999985478e-01 1.443289932012703503e-15 4.286748000000000320e+04 3.125745576594486465e+03 3.600600000000000000e+04 5.162200000000000000e+04
4.177248169415655188e-02 9.899999999999985478e-01 1.443289932012703503e-15 4.197669000000000233e+04 2.864495109770655290e+03 3.543700000000000000e+04 5.093000000000000000e+04
4.594972986357220845e-02 9.899999999999985478e-01 1.443289932012703503e-15 4.160522000000000116e+04 2.669533927785897959e+03 3.639900000000000000e+04 4.880000000000000000e+04
5.054470284992943624e-02 9.899999999999985478e-01 1.443289932012703503e-15 4.115381999999999971e+04 2.749550844701729602e+03 3.591300000000000000e+04 4.804500000000000000e+04
5.559917313492238750e-02 9.899999999999985478e-01 1.443289932012703503e-15 3.999775000000000000e+04 2.397645283919203848e+03 3.468900000000000000e+04 4.866700000000000000e+04
6.115909044841463110e-02 9.899999999999985478e-01 1.443289932012703503e-15 3.937340000000000146e+04 2.599694562828487506e+03 3.446600000000000000e+04 4.671700000000000000e+04
6.727499949325610462e-02 9.899999999999985478e-01 1.443289932012703503e-15 3.850773999999999796e+04 2.928372041322618315e+03 3.355900000000000000e+04 5.265400000000000000e+04
7.400249944258172063e-02 9.899999999999985478e-01 1.443289932012703503e-15 3.792469000000000233e+04 2.741971526821530915e+03 3.362500000000000000e+04 4.867600000000000000e+04
8.140274938683990380e-02 9.899999999999985478e-01 1.443289932012703503e-15 3.698786000000000058e+04 2.527694716614330446e+03 3.283800000000000000e+04 4.776600000000000000e+04
8.954302432552389834e-02 9.899999999999985478e-01 1.443289932012703503e-15 3.648597000000000116e+04 2.906326514536864124e+03 3.084400000000000000e+04 5.314800000000000000e+04
9.849732675807629234e-02 9.899999999999985478e-01 1.443289932012703503e-15 3.576401000000000204e+04 2.145455385203803871e+03 3.140000000000000000e+04 4.306700000000000000e+04
1.083470594338839244e-01 9.899999999999985478e-01 1.443289932012703503e-15 3.516752999999999884e+04 2.279907197475371049e+03 3.093500000000000000e+04 4.252000000000000000e+04
1.191817653772723196e-01 9.899999999999985478e-01 1.443289932012703503e-15 3.477673999999999796e+04 2.111761722448818546e+03 3.037400000000000000e+04 4.058400000000000000e+04
1.310999419149995737e-01 9.899999999999985478e-01 1.443289932012703503e-15 3.463009999999999854e+04 2.333064420456494645e+03 3.028500000000000000e+04 4.212300000000000000e+04
1.442099361064995422e-01 9.899999999999985478e-01 1.443289932012703503e-15 3.393102999999999884e+04 2.177272378252202543e+03 2.982300000000000000e+04 4.098000000000000000e+04
1.586309297171495103e-01 9.899999999999985478e-01 1.443289932012703503e-15 3.300381999999999971e+04 2.212213757212445216e+03 2.832300000000000000e+04 4.048100000000000000e+04
1.744940226888644641e-01 9.899999999999985478e-01 1.443289932012703503e-15 3.220675000000000000e+04 2.078178656299789964e+03 2.802300000000000000e+04 3.811700000000000000e+04
1.919434249577509355e-01 9.899999999999985478e-01 1.443289932012703503e-15 3.212638999999999942e+04 2.232790863000832360e+03 2.773800000000000000e+04 3.934000000000000000e+04
2.111377674535260540e-01 9.899999999999985478e-01 1.443289932012703503e-15 3.178765000000000146e+04 2.318474538894055058e+03 2.744500000000000000e+04 4.071100000000000000e+04
2.322515441988786677e-01 9.899999999999985478e-01 1.443289932012703503e-15 3.140986999999999898e+04 2.462778470163324073e+03 2.701700000000000000e+04 4.245400000000000000e+04
2.554766986187665401e-01 9.899999999999985478e-01 1.443289932012703503e-15 3.060677000000000044e+04 2.114984193108780801e+03 2.612800000000000000e+04 3.738000000000000000e+04
2.810243684806432163e-01 9.899999999999985478e-01 1.443289932012703503e-15 3.012986000000000058e+04 1.875690310365759842e+03 2.654300000000000000e+04 3.634600000000000000e+04
3.091268053287075657e-01 9.899999999999985478e-01 1.443289932012703503e-15 3.024254999999999927e+04 2.188698720130296806e+03 2.593100000000000000e+04 3.799400000000000000e+04
3.400394858615783389e-01 9.899999999999985478e-01 1.443289932012703503e-15 2.916924000000000160e+04 1.885561031205301333e+03 2.588300000000000000e+04 3.543100000000000000e+04
3.740434344477361894e-01 9.899999999999985478e-01 1.443289932012703503e-15 2.910525000000000000e+04 1.750898394396431058e+03 2.539600000000000000e+04 3.599500000000000000e+04
4.114477778925098583e-01 9.899999999999985478e-01 1.443289932012703503e-15 2.891863000000000102e+04 2.065317213674451068e+03 2.545500000000000000e+04 4.011800000000000000e+04
4.525925556817608775e-01 9.899999999999985478e-01 1.443289932012703503e-15 2.834804000000000087e+04 1.805487479435955038e+03 2.494700000000000000e+04 3.570000000000000000e+04
4.978518112499369930e-01 9.899999999999985478e-01 1.443289932012703503e-15 2.811800000000000000e+04 1.479541212673712607e+03 2.541300000000000000e+04 3.374500000000000000e+04
5.476369923749306867e-01 9.899999999999985478e-01 1.443289932012703503e-15 2.831672000000000116e+04 2.084905724871030543e+03 2.517900000000000000e+04 3.607500000000000000e+04
6.024006916124238220e-01 9.899999999999985478e-01 1.443289932012703503e-15 2.786081999999999971e+04 1.534197349626181222e+03 2.480500000000000000e+04 3.337900000000000000e+04
6.626407607736662930e-01 9.899999999999985478e-01 1.443289932012703503e-15 2.783058000000000175e+04 1.981984778851745432e+03 2.473800000000000000e+04 3.681400000000000000e+04
7.289048368510330222e-01 9.899999999999985478e-01 1.443289932012703503e-15 2.824336999999999898e+04 2.306055253696234104e+03 2.488100000000000000e+04 3.665300000000000000e+04
8.017953205361363356e-01 9.899999999999985478e-01 1.443289932012703503e-15 2.767768999999999869e+04 1.778036066535209784e+03 2.452900000000000000e+04 3.416300000000000000e+04
8.819748525897500580e-01 9.899999999999985478e-01 1.443289932012703503e-15 2.776040000000000146e+04 1.916454565075833443e+03 2.423600000000000000e+04 3.450900000000000000e+04
9.701723378487251415e-01 9.899999999999985478e-01 1.443289932012703503e-15 2.759902000000000044e+04 2.014657256110825301e+03 2.449400000000000000e+04 3.603400000000000000e+04
9.801723378487251503e-01 9.899999999999985478e-01 1.443289932012703503e-15 2.800274000000000160e+04 2.118030432359271344e+03 2.453900000000000000e+04 3.661600000000000000e+04
9.901723378487251592e-01 9.899999999999985478e-01 1.443289932012703503e-15 2.797497000000000116e+04 2.072161747813138390e+03 2.419200000000000000e+04 3.784800000000000000e+04
1.000172337848725057e+00 9.899999999999985478e-01 1.443289932012703503e-15 2.731766999999999825e+04 1.572192444041122826e+03 2.418600000000000000e+04 3.149000000000000000e+04
