1.000000000000000021e-02 9.899999999999985478e-01 1.443289932012703503e-15 5.437901000000000204e+04 4.089920655697369057e+03 4.618800000000000000e+04 6.783300000000000000e+04
1.100000000000000110e-02 9.899999999999985478e-01 1.443289932012703503e-15 5.289612000000000262e+04 4.107123522077222333e+03 4.180000000000000000e+04 6.529700000000000000e+04
1.210000000000000138e-02 9.899999999999985478e-01 1.443289932012703503e-15 5.156937999999999738e+04 3.662270895987897802e+03 4.447900000000000000e+04 6.028700000000000000e+04
1.331000000000000238e-02 9.899999999999985478e-01 1.443289932012703503e-15 5.090041000000000349e+04 3.683417970024580882e+03 4.303800000000000000e+04 5.965800000000000000e+04
1.464100000000000297e-02 9.899999999999985478e-01 1.443289932012703503e-15 4.955316999999999825e+04 3.375966845379261940e+03 4.273400000000000000e+04 5.885500000000000000e+04
1.610510000000000413e-02 9.899999999999985478e-01 1.443289932012703503e-15 4.946090000000000146e+04 3.758490983094146031e+03 4.049000000000000000e+04 5.936600000000000000e+04
1.771561000000000663e-02 9.899999999999985478e-01 1.443289932012703503e-15 4.891329000000000087e+04 3.561014451796004323e+03 4.211600000000000000e+04 6.113100000000000000e+04
1.948717100000000799e-02 9.899999999999985478e-01 1.443289932012703503e-15 4.741006999999999971e+04 3.337539918128321005e+03 4.098200000000000000e+04 5.616200000000000000e+04
2.143588810000001191e-02 9.899999999999985478e-01 1.443289932012703503e-15 4.743884999999999854e+04 3.634593593168292500e+03 3.926800000000000000e+04 5.751800000000000000e+04
2.357947691000001483e-02 9.899999999999985478e-01 1.443289932012703503e-15 4.597813999999999942e+04 3.207041028798977550e+03 4.030500000000000000e+04 5.550200000000000000e+04
2.593742460100001770e-02 9.899999999999985478e-01 1.443289932012703503e-15 4.472719000000000233e+04 3.263339160108860142e+03 3.789700000000000000e+04 5.469100000000000000e+04
2.853116706110002052e-02 9.899999999999985478e-01 1.443289932012703503e-15 4.374851000000000204e+04 3.237223089300458014e+03 3.785500000000000000e+04 5.502800000000000000e+04
3.138428376721002361e-02 9.899999999999985478e-01 1.443289932012703503e-15 4.398937999999999738e+04 3.482647374570098691e+03 3.744400000000000000e+04 5.164700000000000000e+04
3.452271214393103083e-02 9.899999999999985478e-01 1.443289932012703503e-15 4.205911000000000058e+04 2.704657911437229814e+03 3.530700000000000000e+04 5.145800000000000000e+04
3.797498335832413807e-02 9.899999999999985478e-01 1.443289932012703503e-15 4.207684999999999854e+04 3.083816513267285700e+03 3.701800000000000000e+04 5.311000000000000000e+04
4.177248169415655188e-02 9.899999999999985478e-01 1.443289932012703503e-15 4.068966000000000349e+04 3.087134688412541891e+03 3.448800000000000000e+04 5.213200000000000000e+04
4.594972986357220845e-02 9.899999999999985478e-01 1.443289932012703503e-15 4.013358999999999651e+04 2.717912762010584174e+03 3.430000000000000000e+04 4.729500000000000000e+04
5.054470284992943624e-02 9.899999999999985478e-01 1.443289932012703503e-15 3.978873000000000320e+04 2.783866724018949753e+03 3.405300000000000000e+04 4.684300000000000000e+04
5.559917313492238750e-02 9.899999999999985478e-01 1.443289932012703503e-15 3.931229000000000087e+04 2.833686151623005571e+03 3.281700000000000000e+04 5.074600000000000000e+04
6.115909044841463110e-02 9.899999999999985478e-01 1.443289932012703503e-15 3.802476000000000204e+04 2.475771003626950460e+03 3.335000000000000000e+04 4.516500000000000000e+04
6.727499949325610462e-02 9.899999999999985478e-01 1.443289932012703503e-15 3.728333000000000175e+04 2.622326493993453823e+03 3.282700000000000000e+04 4.598700000000000000e+04
7.400249944258172063e-02 9.899999999999985478e-01 1.443289932012703503e-15 3.670968000000000029e+04 2.539217351389989744e+03 3.008300000000000000e+04 4.407100000000000000e+04
8.140274938683990380e-02 9.899999999999985478e-01 1.443289932012703503e-15 3.644859999999999854e+04 2.580643877019841511e+03 3.203900000000000000e+04 4.384400000000000000e+04
8.954302432552389834e-02 9.899999999999985478e-01 1.443289932012703503e-15 3.536587000000000262e+04 2.556426574947929566e+03 2.962700000000000000e+04 4.440600000000000000e+04
9.849732675807629234e-02 9.899999999999985478e-01 1.443289932012703503e-15 3.528019000000000233e+04 2.902802245055628646e+03 3.065200000000000000e+04 4.368100000000000000e+04
1.083470594338839244e-01 9.899999999999985478e-01 1.443289932012703503e-15 3.437363999999999942e+04 2.264629627643336335e+03 2.966000000000000000e+04 3.954700000000000000e+04
1.191817653772723196e-01 9.899999999999985478e-01 1.443289932012703503e-15 3.388083999999999651e+04 2.373334378969806949e+03 2.978000000000000000e+04 4.144200000000000000e+04
1.310999419149995737e-01 9.899999999999985478e-01 1.443289932012703503e-15 3.311176000000000204e+04 2.507458183579538854e+03 2.875700000000000000e+04 4.146500000000000000e+04
1.442099361064995422e-01 9.899999999999985478e-01 1.443289932012703503e-15 3.261197999999999956e+04 2.107764559812124389e+03 2.783900000000000000e+04 3.702300000000000000e+04
1.586309297171495103e-01 9.899999999999985478e-01 1.443289932012703503e-15 3.215559000000000015e+04 2.580113796308216934e+03 2.789500000000000000e+04 4.192900000000000000e+04
1.744940226888644641e-01 9.899999999999985478e-01 1.443289932012703503e-15 3.166179999999999927e+04 2.121958599973147557e+03 2.814700000000000000e+04 4.041500000000000000e+04
1.919434249577509355e-01 9.899999999999985478e-01 1.443289932012703503e-15 3.154599000000000160e+04 2.549312470039716573e+03 2.592500000000000000e+04 4.028600000000000000e+04
2.111377674535260540e-01 9.899999999999985478e-01 1.443289932012703503e-15 3.055177000000000044e+04 2.298381329784071568e+03 2.652500000000000000e+04 3.984700000000000000e+04
2.322515441988786677e-01 9.899999999999985478e-01 1.443289932012703503e-15 3.028131999999999971e+04 2.223818481261453599e+03 2.636100000000000000e+04 3.714500000000000000e+04
2.554766986187665401e-01 9.899999999999985478e-01 1.443289932012703503e-15 2.968924000000000160e+04 2.154139090773852331e+03 2.618900000000000000e+04 3.730200000000000000e+04
2.810243684806432163e-01 9.899999999999985478e-01 1.443289932012703503e-15 2.928174000000000160e+04 1.860229279524435015e+03 2.525100000000000000e+04 3.464100000000000000e+04
3.091268053287075657e-01 9.899999999999985478e-01 1.443289932012703503e-15 2.884883000000000175e+04 1.958281910527695118e+03 2.567200000000000000e+04 3.609400000000000000e+04
3.400394858615783389e-01 9.899999999999985478e-01 1.443289932012703503e-15 2.861581999999999971e+04 1.761004874382805383e+03 2.483700000000000000e+04 3.287200000000000000e+04
3.740434344477361894e-01 9.899999999999985478e-01 1.443289932012703503e-15 2.807018000000000029e+04 1.658392513128300379e+03 2.500400000000000000e+04 3.376700000000000000e+04
4.114477778925098583e-01 9.899999999999985478e-01 1.443289932012703503e-15 2.769724000000000160e+04 1.854060679265918679e+03 2.461500000000000000e+04 3.302200000000000000e+04
4.525925556817608775e-01 9.899999999999985478e-01 1.443289932012703503e-15 2.755365999999999985e+04 1.914547754536302591e+03 2.404800000000000000e+04 3.433200000000000000e+04
4.978518112499369930e-01 9.899999999999985478e-01 1.443289932012703503e-15 2.741820000000000073e+04 1.741562935985949252e+03 2.469400000000000000e+04 3.422000000000000000e+04
5.476369923749306867e-01 9.899999999999985478e-01 1.443289932012703503e-15 2.737029000000000087e+04 2.054623835620525824e+03 2.351800000000000000e+04 3.365300000000000000e+04
6.024006916124238220e-01 9.899999999999985478e-01 1.443289932012703503e-15 2.725220999999999913e+04 2.408128353286011588e+03 2.390200000000000000e+04 3.640500000000000000e+04
6.626407607736662930e-01 9.899999999999985478e-01 1.443289932012703503e-15 2.717016999999999825e+04 2.099163914776547699e+03 2.354000000000000000e+04 3.312500000000000000e+04
7.289048368510330222e-01 9.899999999999985478e-01 1.443289932012703503e-15 2.691336000000000058e+04 2.095146870842233056e+03 2.386800000000000000e+04 3.527600000000000000e+04
8.017953205361363356e-01 9.899999999999985478e-01 1.443289932012703503e-15 2.697643000000000029e+04 2.359566592639419923e+03 2.306400000000000000e+04 3.778600000000000000e+04
8.819748525897500580e-01 9.899999999999985478e-01 1.443289932012703503e-15 2.678015999999999985e+04 1.796138751433195694e+03 2.340500000000000000e+04 3.174300000000000000e+04
9.701723378487251415e-01 9.899999999999985478e-01 1.443289932012703503e-15 2.671108000000000175e+04 2.053506959715501125e+03 2.308800000000000000e+04 3.400300000000000000e+04
9.801723378487251503e-01 9.899999999999985478e-01 1.443289932012703503e-15 2.695945000000000073e+04 2.295623847127398676e+03 2.358700000000000000e+04 3.579100000000000000e+04
9.901723378487251592e-01 9.899999999999985478e-01 1.443289932012703503e-15 2.638602999999999884e+04 2.049112776081394259e+03 2.325700000000000000e+04 4.031300000000000000e+04
1.000172337848725057e+00 9.899999999999985478e-01 1.443289932012703503e-15 2.647063999999999942e+04 1.637076446107511629e+03 2.374000000000000000e+04 3.067500000000000000e+04
