1.000000000000000021e-02 9.899999999999985478e-01 1.443289932012703503e-15 5.349898000000000320e+04 4.525567064976497932e+03 4.417900000000000000e+04 6.514200000000000000e+04
1.100000000000000110e-02 9.899999999999985478e-01 1.443289932012703503e-15 5.253162999999999738e+04 3.527904150214401852e+03 4.354300000000000000e+04 6.113300000000000000e+04
1.210000000000000138e-02 9.899999999999985478e-01 1.443289932012703503e-15 5.086716999999999825e+04 3.253526520731004894e+03 4.408800000000000000e+04 5.985300000000000000e+04
1.331000000000000238e-02 9.899999999999985478e-01 1.443289932012703503e-15 5.093916000000000349e+04 3.771294328794824196e+03 4.247400000000000000e+04 6.081300000000000000e+04
1.464100000000000297e-02 9.899999999999985478e-01 1.443289932012703503e-15 4.998063999999999942e+04 3.550243043849251080e+03 4.073700000000000000e+04 5.921400000000000000e+04
1.610510000000000413e-02 9.899999999999985478e-01 1.443289932012703503e-15 4.863605999999999767e+04 3.075990493548379163e+03 4.170200000000000000e+04 5.772400000000000000e+04
1.771561000000000663e-02 9.899999999999985478e-01 1.443289932012703503e-15 4.783811000000000058e+04 3.350868648261223825e+03 3.853800000000000000e+04 5.664700000000000000e+04
1.948717100000000799e-02 9.899999999999985478e-01 1.443289932012703503e-15 4.687168000000000029e+04 3.135443553566225091e+03 3.926800000000000000e+04 5.449900000000000000e+04
2.143588810000001191e-02 9.899999999999985478e-01 1.443289932012703503e-15 4.672451000000000204e+04 3.219248311314303919e+03 4.100400000000000000e+04 5.560900000000000000e+04
2.357947691000001483e-02 9.899999999999985478e-01 1.443289932012703503e-15 4.538802999999999884e+04 3.536992090618806742e+03 3.704400000000000000e+04 5.603300000000000000e+04
2.593742460100001770e-02 9.899999999999985478e-01 1.443289932012703503e-15 4.395636000000000058e+04 3.119951937193905451e+03 3.632400000000000000e+04 5.169500000000000000e+04
2.853116706110002052e-02 9.899999999999985478e-01 1.443289932012703503e-15 4.418769000000000233e+04 3.265953541295405557e+03 3.703300000000000000e+04 5.575400000000000000e+04
3.138428376721002361e-02 9.899999999999985478e-01 1.443289932012703503e-15 4.263452999999999884e+04 3.204494002038386952e+03 3.668600000000000000e+04 4.954700000000000000e+04
3.452271214393103083e-02 9.899999999999985478e-01 1.443289932012703503e-15 4.208488999999999942e+04 2.826317377418891738e+03 3.452400000000000000e+04 4.891200000000000000e+04
3.797498335832413807e-02 9.899999999999985478e-01 1.443289932012703503e-15 4.142636000000000058e+04 2.781325915889757653e+03 3.574000000000000000e+04 4.796400000000000000e+04
4.177248169415655188e-02 9.899999999999985478e-01 1.443289932012703503e-15 4.087422000000000116e+04 2.962225226345896317e+03 3.403400000000000000e+04 4.997500000000000000e+04
4.594972986357220845e-02 9.899999999999985478e-01 1.443289932012703503e-15 3.976441999999999825e+04 2.685027125300599437e+03 3.352200000000000000e+04 4.954700000000000000e+04
5.054470284992943624e-02 9.899999999999985478e-01 1.443289932012703503e-15 3.932000000000000000e+04 2.866823381375280860e+03 3.387000000000000000e+04 4.786300000000000000e+04
5.559917313492238750e-02 9.899999999999985478e-01 1.443289932012703503e-15 3.831701999999999680e+04 2.798812476676491769e+03 3.078900000000000000e+04 4.710200000000000000e+04
6.115909044841463110e-02 9.899999999999985478e-01 1.443289932012703503e-15 3.775240000000000146e+04 2.390144075155303199e+03 3.269800000000000000e+04 4.452200000000000000e+04
6.727499949325610462e-02 9.899999999999985478e-01 1.443289932012703503e-15 3.694469000000000233e+04 2.630796304144431815e+03 3.207500000000000000e+04 4.503100000000000000e+04
7.400249944258172063e-02 9.899999999999985478e-01 1.443289932012703503e-15 3.666376999999999680e+04 2.667295074996390667e+03 3.165500000000000000e+04 4.293100000000000000e+04
8.140274938683990380e-02 9.899999999999985478e-01 1.443289932012703503e-15 3.607058999999999651e+04 3.132566740214803758e+03 3.080900000000000000e+04 4.699500000000000000e+04
8.954302432552389834e-02 9.899999999999985478e-01 1.443289932012703503e-15 3.463577999999999884e+04 2.392461935245783479e+03 3.021600000000000000e+04 4.379800000000000000e+04
9.849732675807629234e-02 9.899999999999985478e-01 1.443289932012703503e-15 3.429527999999999884e+04 2.496843671838507817e+03 2.925400000000000000e+04 4.277900000000000000e+04
1.083470594338839244e-01 9.899999999999985478e-01 1.443289932012703503e-15 3.371494000000000233e+04 2.366192586498402306e+03 2.928700000000000000e+04 4.056500000000000000e+04
1.191817653772723196e-01 9.899999999999985478e-01 1.443289932012703503e-15 3.326091000000000349e+04 2.302206585408876890e+03 2.894800000000000000e+04 4.111300000000000000e+04
1.310999419149995737e-01 9.899999999999985478e-01 1.443289932012703503e-15 3.268247000000000116e+04 2.576418717735919472e+03 2.819100000000000000e+04 4.111200000000000000e+04
1.442099361064995422e-01 9.899999999999985478e-01 1.443289932012703503e-15 3.219875000000000000e+04 2.390304199782948217e+03 2.736900000000000000e+04 4.016400000000000000e+04
1.586309297171495103e-01 9.899999999999985478e-01 1.443289932012703503e-15 3.160406999999999971e+04 2.093850659693761372e+03 2.778400000000000000e+04 4.015500000000000000e+04
1.744940226888644641e-01 9.899999999999985478e-01 1.443289932012703503e-15 3.106781000000000131e+04 1.955621112051105229e+03 2.714000000000000000e+04 3.622400000000000000e+04
1.919434249577509355e-01 9.899999999999985478e-01 1.443289932012703503e-15 3.050793999999999869e+04 1.974009391163071086e+03 2.707900000000000000e+04 3.549900000000000000e+04
2.111377674535260540e-01 9.899999999999985478e-01 1.443289932012703503e-15 3.021906999999999971e+04 1.910245064147529547e+03 2.539000000000000000e+04 3.465800000000000000e+04
2.322515441988786677e-01 9.899999999999985478e-01 1.443289932012703503e-15 2.957518000000000029e+04 2.065873947655083612e+03 2.604600000000000000e+04 3.590400000000000000e+04
2.554766986187665401e-01 9.899999999999985478e-01 1.443289932012703503e-15 2.909140999999999985e+04 2.374721807265011194e+03 2.448700000000000000e+04 3.639800000000000000e+04
2.810243684806432163e-01 9.899999999999985478e-01 1.443289932012703503e-15 2.898675000000000000e+04 2.281378273653889210e+03 2.500000000000000000e+04 3.759100000000000000e+04
3.091268053287075657e-01 9.899999999999985478e-01 1.443289932012703503e-15 2.843554999999999927e+04 1.983127471318977086e+03 2.524900000000000000e+04 3.519300000000000000e+04
3.400394858615783389e-01 9.899999999999985478e-01 1.443289932012703503e-15 2.778493000000000029e+04 1.847918717124754949e+03 2.443600000000000000e+04 3.546500000000000000e+04
3.740434344477361894e-01 9.899999999999985478e-01 1.443289932012703503e-15 2.718500999999999840e+04 1.638099658109969596e+03 2.435800000000000000e+04 3.426300000000000000e+04
4.114477778925098583e-01 9.899999999999985478e-01 1.443289932012703503e-15 2.710154000000000087e+04 1.949392481877366436e+03 2.339100000000000000e+04 3.300700000000000000e+04
4.525925556817608775e-01 9.899999999999985478e-01 1.443289932012703503e-15 2.738150999999999840e+04 1.941945738145121368e+03 2.417500000000000000e+04 3.322000000000000000e+04
4.978518112499369930e-01 9.899999999999985478e-01 1.443289932012703503e-15 2.678563999999999942e+04 1.865268299843215800e+03 2.393100000000000000e+04 3.230900000000000000e+04
5.476369923749306867e-01 9.899999999999985478e-01 1.443289932012703503e-15 2.665522999999999956e+04 1.939876856168968288e+03 2.316500000000000000e+04 3.474500000000000000e+04
6.024006916124238220e-01 9.899999999999985478e-01 1.443289932012703503e-15 2.629406999999999971e+04 1.766760041743076954e+03 2.247700000000000000e+04 3.175400000000000000e+04
6.626407607736662930e-01 9.899999999999985478e-01 1.443289932012703503e-15 2.618252999999999884e+04 1.796462008810651241e+03 2.290100000000000000e+04 3.202300000000000000e+04
7.289048368510330222e-01 9.899999999999985478e-01 1.443289932012703503e-15 2.642427999999999884e+04 1.950307253127054992e+03 2.301100000000000000e+04 3.306900000000000000e+04
8.017953205361363356e-01 9.899999999999985478e-01 1.443289932012703503e-15 2.620004999999999927e+04 2.047138795367817693e+03 2.301300000000000000e+04 3.297400000000000000e+04
8.819748525897500580e-01 9.899999999999985478e-01 1.443289932012703503e-15 2.630811000000000058e+04 1.899350872772063212e+03 2.290300000000000000e+04 3.377100000000000000e+04
9.701723378487251415e-01 9.899999999999985478e-01 1.443289932012703503e-15 2.652831999999999971e+04 2.161141364557164252e+03 2.331200000000000000e+04 3.460600000000000000e+04
9.801723378487251503e-01 9.899999999999985478e-01 1.443289932012703503e-15 2.614345999999999913e+04 1.991293039308880452e+03 2.217300000000000000e+04 3.382900000000000000e+04
9.901723378487251592e-01 9.899999999999985478e-01 1.443289932012703503e-15 2.630879999999999927e+04 2.006092924069072069e+03 2.262300000000000000e+04 3.451500000000000000e+04
1.000172337848725057e+00 9.899999999999985478e-01 1.443289932012703503e-15 2.603288999999999942e+04 1.714059689129874187e+03 2.265400000000000000e+04 3.387500000000000000e+04
