1.000000000000000021e-02 9.899999999999985478e-01 1.443289932012703503e-15 6.999561000000000058e+04 4.162282303964976563e+03 6.116100000000000000e+04 8.374300000000000000e+04
1.100000000000000110e-02 9.899999999999985478e-01 1.443289932012703503e-15 6.944255999999999767e+04 3.876593110761045864e+03 6.295600000000000000e+04 7.977500000000000000e+04
1.210000000000000138e-02 9.899999999999985478e-01 1.443289932012703503e-15 6.865508000000000175e+04 4.065205966934517164e+03 5.691000000000000000e+04 8.196200000000000000e+04
1.331000000000000238e-02 9.899999999999985478e-01 1.443289932012703503e-15 6.729891999999999825e+04 3.436890134060151468e+03 5.874000000000000000e+04 7.507500000000000000e+04
1.464100000000000297e-02 9.899999999999985478e-01 1.443289932012703503e-15 6.679030000000000291e+04 3.444300139360679623e+03 6.022500000000000000e+04 7.685500000000000000e+04
1.610510000000000413e-02 9.899999999999985478e-01 1.443289932012703503e-15 6.625930000000000291e+04 3.988923362262052251e+03 5.791300000000000000e+04 7.926900000000000000e+04
1.771561000000000663e-02 9.899999999999985478e-01 1.443289932012703503e-15 6.522969000000000233e+04 3.492230690246565246e+03 5.669200000000000000e+04 7.391600000000000000e+04
1.948717100000000799e-02 9.899999999999985478e-01 1.443289932012703503e-15 6.330173999999999796e+04 2.967073920953098877e+03 5.703800000000000000e+04 7.675500000000000000e+04
2.143588810000001191e-02 9.899999999999985478e-01 1.443289932012703503e-15 6.304598000000000320e+04 2.934452412222763542e+03 5.678400000000000000e+04 7.089700000000000000e+04
2.357947691000001483e-02 9.899999999999985478e-01 1.443289932012703503e-15 6.278165000000000146e+04 3.226153094243979012e+03 5.577000000000000000e+04 7.269100000000000000e+04
2.593742460100001770e-02 9.899999999999985478e-01 1.443289932012703503e-15 6.086272000000000116e+04 3.500724293856914755e+03 5.257100000000000000e+04 7.140600000000000000e+04
2.853116706110002052e-02 9.899999999999985478e-01 1.443289932012703503e-15 6.044316999999999825e+04 3.167430782369206099e+03 5.428300000000000000e+04 6.884400000000000000e+04
3.138428376721002361e-02 9.899999999999985478e-01 1.443289932012703503e-15 5.930116000000000349e+04 2.736854865424909349e+03 5.400700000000000000e+04 6.691700000000000000e+04
3.452271214393103083e-02 9.899999999999985478e-01 1.443289932012703503e-15 5.968245999999999913e+04 3.052045787402279529e+03 5.325400000000000000e+04 6.653700000000000000e+04
3.797498335832413807e-02 9.899999999999985478e-01 1.443289932012703503e-15 5.827136000000000058e+04 3.189010261883771364e+03 5.124800000000000000e+04 6.829600000000000000e+04
4.177248169415655188e-02 9.899999999999985478e-01 1.443289932012703503e-15 5.761898000000000320e+04 3.267428533204666564e+03 5.060300000000000000e+04 6.620600000000000000e+04
4.594972986357220845e-02 9.899999999999985478e-01 1.443289932012703503e-15 5.675418000000000029e+04 2.796794080299799589e+03 5.151100000000000000e+04 6.457500000000000000e+04
5.054470284992943624e-02 9.899999999999985478e-01 1.443289932012703503e-15 5.586201000000000204e+04 2.710004452007412510e+03 5.036700000000000000e+04 6.193200000000000000e+04
5.559917313492238750e-02 9.899999999999985478e-01 1.443289932012703503e-15 5.482308000000000175e+04 2.483347904261502663e+03 5.056100000000000000e+04 6.053100000000000000e+04
6.115909044841463110e-02 9.899999999999985478e-01 1.443289932012703503e-15 5.418495999999999913e+04 2.560260752032885648e+03 4.924100000000000000e+04 6.120100000000000000e+04
6.727499949325610462e-02 9.899999999999985478e-01 1.443289932012703503e-15 5.331212000000000262e+04 2.911091332404394961e+03 4.784900000000000000e+04 6.247800000000000000e+04
7.400249944258172063e-02 9.899999999999985478e-01 1.443289932012703503e-15 5.255194000000000233e+04 2.444646419505283120e+03 4.783700000000000000e+04 6.031500000000000000e+04
8.140274938683990380e-02 9.899999999999985478e-01 1.443289932012703503e-15 5.190023000000000320e+04 2.578199774474428978e+03 4.564800000000000000e+04 5.918600000000000000e+04
8.954302432552389834e-02 9.899999999999985478e-01 1.443289932012703503e-15 5.187816000000000349e+04 2.883472534011726111e+03 4.603400000000000000e+04 5.971900000000000000e+04
9.849732675807629234e-02 9.899999999999985478e-01 1.443289932012703503e-15 5.074647000000000116e+04 2.523663572883675897e+03 4.521600000000000000e+04 5.936200000000000000e+04
1.083470594338839244e-01 9.899999999999985478e-01 1.443289932012703503e-15 4.996913999999999942e+04 2.262416478104772068e+03 4.506500000000000000e+04 5.581000000000000000e+04
1.191817653772723196e-01 9.899999999999985478e-01 1.443289932012703503e-15 4.969868000000000029e+04 2.521089129245533059e+03 4.538400000000000000e+04 5.626200000000000000e+04
1.310999419149995737e-01 9.899999999999985478e-01 1.443289932012703503e-15 4.921341000000000349e+04 2.487267862917060029e+03 4.417200000000000000e+04 5.608800000000000000e+04
1.442099361064995422e-01 9.899999999999985478e-01 1.443289932012703503e-15 4.805816000000000349e+04 2.455579421317910146e+03 4.306000000000000000e+04 5.539000000000000000e+04
1.586309297171495103e-01 9.899999999999985478e-01 1.443289932012703503e-15 4.745087000000000262e+04 2.082628332924528422e+03 4.302300000000000000e+04 5.328600000000000000e+04
1.744940226888644641e-01 9.899999999999985478e-01 1.443289932012703503e-15 4.681204000000000087e+04 2.107294350203596878e+03 4.317400000000000000e+04 5.311800000000000000e+04
1.919434249577509355e-01 9.899999999999985478e-01 1.443289932012703503e-15 4.638273000000000320e+04 2.017358058724330249e+03 4.235400000000000000e+04 5.237900000000000000e+04
2.111377674535260540e-01 9.899999999999985478e-01 1.443289932012703503e-15 4.552800000000000000e+04 2.271341304163687255e+03 4.168900000000000000e+04 5.335100000000000000e+04
2.322515441988786677e-01 9.899999999999985478e-01 1.443289932012703503e-15 4.536336000000000058e+04 2.026214670364420954e+03 4.176800000000000000e+04 5.631400000000000000e+04
2.554766986187665401e-01 9.899999999999985478e-01 1.443289932012703503e-15 4.456548000000000320e+04 2.120944829456909702e+03 4.086700000000000000e+04 5.123300000000000000e+04
2.810243684806432163e-01 9.899999999999985478e-01 1.443289932012703503e-15 4.424481999999999971e+04 1.773457004722696865e+03 4.143000000000000000e+04 5.147100000000000000e+04
3.091268053287075657e-01 9.899999999999985478e-01 1.443289932012703503e-15 4.379506999999999971e+04 2.303572014307344944e+03 3.921000000000000000e+04 5.554800000000000000e+04
3.400394858615783389e-01 9.899999999999985478e-01 1.443289932012703503e-15 4.305558999999999651e+04 1.864208207765430643e+03 3.974500000000000000e+04 4.981400000000000000e+04
3.740434344477361894e-01 9.899969999999985726e-01 2.984962311319529015e-05 3.426093800000000047e+05 2.980680474371259101e+06 3.843300000000000000e+04 3.000000000000000000e+07
4.114477778925098583e-01 9.898939999999986084e-01 3.997048911384489152e-04 3.038673299999999814e+06 8.987109105089299381e+06 3.904600000000000000e+04 3.000000000000000000e+07
4.525925556817608775e-01 9.895859999999990775e-01 6.745398431523513642e-04 1.352338589000000060e+07 1.490365830043260381e+07 3.909900000000000000e+04 3.000000000000000000e+07
4.978518112499369930e-01 9.889139999999997377e-01 9.690221875684741464e-04 2.191141378000000119e+07 1.330001615685718507e+07 3.957700000000000000e+04 3.000000000000000000e+07
5.476369923749306867e-01 9.876309999999997036e-01 1.196469389495604307e-03 2.880166533999999985e+07 5.870616916714434512e+06 4.125400000000000000e+04 3.000000000000000000e+07
6.024006916124238220e-01 9.867609999999998882e-01 1.539343691317825559e-03 2.940085589999999851e+07 4.194008703219451942e+06 4.163300000000000000e+04 3.000000000000000000e+07
6.626407607736662930e-01 9.857630000000001669e-01 1.473543687849123698e-03 3.000000000000000000e+07 0.000000000000000000e+00 3.000000000000000000e+07 3.000000000000000000e+07
7.289048368510330222e-01 9.846690000000001275e-01 1.519914142311994685e-03 3.000000000000000000e+07 0.000000000000000000e+00 3.000000000000000000e+07 3.000000000000000000e+07
8.017953205361363356e-01 9.837330000000001906e-01 1.800058610156908719e-03 3.000000000000000000e+07 0.000000000000000000e+00 3.000000000000000000e+07 3.000000000000000000e+07
8.819748525897500580e-01 9.832000000000000739e-01 1.444091409849113843e-03 3.000000000000000000e+07 0.000000000000000000e+00 3.000000000000000000e+07 3.000000000000000000e+07
9.701723378487251415e-01 9.831900000000001194e-01 1.691774216614024299e-03 3.000000000000000000e+07 0.000000000000000000e+00 3.000000000000000000e+07 3.000000000000000000e+07
9.801723378487251503e-01 9.833679999999996868e-01 1.438045896346840710e-03 3.000000000000000000e+07 0.000000000000000000e+00 3.000000000000000000e+07 3.000000000000000000e+07
9.901723378487251592e-01 9.830230000000002022e-01 1.543428326810157829e-03 3.000000000000000000e+07 0.000000000000000000e+00 3.000000000000000000e+07 3.000000000000000000e+07
1.000172337848725057e+00 9.829299999999999704e-01 1.405097861360554180e-03 3.000000000000000000e+07 0.000000000000000000e+00 3.000000000000000000e+07 3.000000000000000000e+07
