1.000000000000000021e-02 9.899999999999985478e-01 1.443289932012703503e-15 5.336387000000000262e+04 3.681522624281969911e+03 4.543800000000000000e+04 6.091100000000000000e+04
1.100000000000000110e-02 9.899999999999985478e-01 1.443289932012703503e-15 5.220673000000000320e+04 4.178416374309768798e+03 4.397300000000000000e+04 6.328100000000000000e+04
1.210000000000000138e-02 9.899999999999985478e-01 1.443289932012703503e-15 5.102426000000000204e+04 3.752009210063322371e+03 4.206700000000000000e+04 6.030600000000000000e+04
1.331000000000000238e-02 9.899999999999985478e-01 1.443289932012703503e-15 4.988811000000000058e+04 3.799299087713417066e+03 4.245000000000000000e+04 6.020900000000000000e+04
1.464100000000000297e-02 9.899999999999985478e-01 1.443289932012703503e-15 4.920198999999999796e+04 3.406763964512364055e+03 4.095100000000000000e+04 5.926300000000000000e+04
1.610510000000000413e-02 9.899999999999985478e-01 1.443289932012703503e-15 4.843447000000000116e+04 3.556838605995498256e+03 3.982900000000000000e+04 5.789900000000000000e+04
1.771561000000000663e-02 9.899999999999985478e-01 1.443289932012703503e-15 4.791012000000000262e+04 3.753907514257643925e+03 4.002600000000000000e+04 6.048400000000000000e+04
1.948717100000000799e-02 9.899999999999985478e-01 1.443289932012703503e-15 4.675762000000000262e+04 3.335622729806234474e+03 3.971300000000000000e+04 5.581200000000000000e+04
2.143588810000001191e-02 9.899999999999985478e-01 1.443289932012703503e-15 4.629719999999999709e+04 3.454452683132307357e+03 3.736000000000000000e+04 5.506800000000000000e+04
2.357947691000001483e-02 9.899999999999985478e-01 1.443289932012703503e-15 4.493298000000000320e+04 3.801701974063721991e+03 3.834300000000000000e+04 5.451100000000000000e+04
2.593742460100001770e-02 9.899999999999985478e-01 1.443289932012703503e-15 4.431151000000000204e+04 3.218101572340437997e+03 3.745700000000000000e+04 5.275300000000000000e+04
2.853116706110002052e-02 9.899999999999985478e-01 1.443289932012703503e-15 4.358694000000000233e+04 3.167483461109149630e+03 3.809900000000000000e+04 5.299000000000000000e+04
3.138428376721002361e-02 9.899999999999985478e-01 1.443289932012703503e-15 4.305183000000000175e+04 3.407841519363833868e+03 3.551200000000000000e+04 5.137500000000000000e+04
3.452271214393103083e-02 9.899999999999985478e-01 1.443289932012703503e-15 4.156923999999999796e+04 2.912477701614211128e+03 3.467100000000000000e+04 5.198100000000000000e+04
3.797498335832413807e-02 9.899999999999985478e-01 1.443289932012703503e-15 4.162723000000000320e+04 3.080891409494985510e+03 3.519100000000000000e+04 4.981900000000000000e+04
4.177248169415655188e-02 9.899999999999985478e-01 1.443289932012703503e-15 4.036587000000000262e+04 2.582644581257745813e+03 3.402000000000000000e+04 4.699300000000000000e+04
4.594972986357220845e-02 9.899999999999985478e-01 1.443289932012703503e-15 3.932063999999999942e+04 2.928187946563540208e+03 3.401200000000000000e+04 5.269100000000000000e+04
5.054470284992943624e-02 9.899999999999985478e-01 1.443289932012703503e-15 3.913891000000000349e+04 2.988562049196904354e+03 3.377200000000000000e+04 5.020900000000000000e+04
5.559917313492238750e-02 9.899999999999985478e-01 1.443289932012703503e-15 3.848002999999999884e+04 2.862140095994603598e+03 3.166300000000000000e+04 4.633300000000000000e+04
6.115909044841463110e-02 9.899999999999985478e-01 1.443289932012703503e-15 3.765616999999999825e+04 2.626484460471830062e+03 3.269800000000000000e+04 4.520500000000000000e+04
6.727499949325610462e-02 9.899999999999985478e-01 1.443289932012703503e-15 3.692876000000000204e+04 3.219165979318245718e+03 3.146500000000000000e+04 4.997500000000000000e+04
7.400249944258172063e-02 9.899999999999985478e-01 1.443289932012703503e-15 3.640779000000000087e+04 2.651196519668053043e+03 3.191000000000000000e+04 4.388500000000000000e+04
8.140274938683990380e-02 9.899999999999985478e-01 1.443289932012703503e-15 3.596190000000000146e+04 2.756175827119887799e+03 3.035500000000000000e+04 4.577400000000000000e+04
8.954302432552389834e-02 9.899999999999985478e-01 1.443289932012703503e-15 3.476666999999999825e+04 2.515026914587595911e+03 2.899000000000000000e+04 4.322100000000000000e+04
9.849732675807629234e-02 9.899999999999985478e-01 1.443289932012703503e-15 3.407323000000000320e+04 2.550687836074811003e+03 2.921400000000000000e+04 4.194300000000000000e+04
1.083470594338839244e-01 9.899999999999985478e-01 1.443289932012703503e-15 3.338305000000000291e+04 2.740987950995042411e+03 2.813400000000000000e+04 4.230900000000000000e+04
1.191817653772723196e-01 9.899999999999985478e-01 1.443289932012703503e-15 3.304793000000000029e+04 2.430333603664320435e+03 2.799900000000000000e+04 3.940600000000000000e+04
1.310999419149995737e-01 9.899999999999985478e-01 1.443289932012703503e-15 3.273920999999999913e+04 2.646432622588377853e+03 2.675100000000000000e+04 4.119000000000000000e+04
1.442099361064995422e-01 9.899999999999985478e-01 1.443289932012703503e-15 3.223875000000000000e+04 2.351436932494681969e+03 2.722000000000000000e+04 3.902200000000000000e+04
1.586309297171495103e-01 9.899999999999985478e-01 1.443289932012703503e-15 3.123279000000000087e+04 2.063636883247632795e+03 2.704600000000000000e+04 3.863900000000000000e+04
1.744940226888644641e-01 9.899999999999985478e-01 1.443289932012703503e-15 3.126316999999999825e+04 2.306888263679019019e+03 2.738500000000000000e+04 3.919100000000000000e+04
1.919434249577509355e-01 9.899999999999985478e-01 1.443289932012703503e-15 3.046847000000000116e+04 2.246631921143291947e+03 2.611300000000000000e+04 3.702500000000000000e+04
2.111377674535260540e-01 9.899999999999985478e-01 1.443289932012703503e-15 3.024295999999999913e+04 2.063883063160314578e+03 2.539600000000000000e+04 3.677600000000000000e+04
2.322515441988786677e-01 9.899999999999985478e-01 1.443289932012703503e-15 2.940784000000000015e+04 2.261095436818181042e+03 2.482400000000000000e+04 3.529800000000000000e+04
2.554766986187665401e-01 9.899999999999985478e-01 1.443289932012703503e-15 2.858906000000000131e+04 1.896019128700973852e+03 2.523400000000000000e+04 3.412100000000000000e+04
2.810243684806432163e-01 9.899999999999985478e-01 1.443289932012703503e-15 2.823511000000000058e+04 1.940043462889426792e+03 2.422900000000000000e+04 3.443900000000000000e+04
3.091268053287075657e-01 9.899999999999985478e-01 1.443289932012703503e-15 2.809079999999999927e+04 2.081179924946422943e+03 2.429200000000000000e+04 3.583000000000000000e+04
3.400394858615783389e-01 9.899999999999985478e-01 1.443289932012703503e-15 2.783516999999999825e+04 1.836497901196731618e+03 2.438800000000000000e+04 3.337900000000000000e+04
3.740434344477361894e-01 9.899999999999985478e-01 1.443289932012703503e-15 2.763740000000000146e+04 2.446369833038332672e+03 2.418000000000000000e+04 4.127200000000000000e+04
4.114477778925098583e-01 9.899999999999985478e-01 1.443289932012703503e-15 2.749249000000000160e+04 1.904778556656915043e+03 2.376300000000000000e+04 3.285300000000000000e+04
4.525925556817608775e-01 9.899999999999985478e-01 1.443289932012703503e-15 2.705402999999999884e+04 1.929203610068154831e+03 2.334000000000000000e+04 3.514300000000000000e+04
4.978518112499369930e-01 9.899999999999985478e-01 1.443289932012703503e-15 2.657672000000000116e+04 1.836084470170150098e+03 2.400700000000000000e+04 3.345900000000000000e+04
5.476369923749306867e-01 9.899999999999985478e-01 1.443289932012703503e-15 2.636556999999999971e+04 1.990038428046051195e+03 2.274000000000000000e+04 3.392700000000000000e+04
6.024006916124238220e-01 9.899999999999985478e-01 1.443289932012703503e-15 2.636125000000000000e+04 2.356895705690007617e+03 2.214400000000000000e+04 3.599400000000000000e+04
6.626407607736662930e-01 9.899999999999985478e-01 1.443289932012703503e-15 2.611631999999999971e+04 1.593903804374655010e+03 2.257200000000000000e+04 2.988700000000000000e+04
7.289048368510330222e-01 9.899999999999985478e-01 1.443289932012703503e-15 2.624409999999999854e+04 1.841795289927738168e+03 2.312100000000000000e+04 3.317200000000000000e+04
8.017953205361363356e-01 9.899999999999985478e-01 1.443289932012703503e-15 2.617525000000000000e+04 2.109644768083006056e+03 2.275700000000000000e+04 3.296900000000000000e+04
8.819748525897500580e-01 9.899999999999985478e-01 1.443289932012703503e-15 2.560516999999999825e+04 1.722971445236397358e+03 2.283000000000000000e+04 3.218500000000000000e+04
9.701723378487251415e-01 9.899999999999985478e-01 1.443289932012703503e-15 2.571429999999999927e+04 1.656479673886764431e+03 2.249600000000000000e+04 3.178100000000000000e+04
9.801723378487251503e-01 9.899999999999985478e-01 1.443289932012703503e-15 2.568300999999999840e+04 1.542646268559321925e+03 2.246100000000000000e+04 3.068200000000000000e+04
9.901723378487251592e-01 9.899999999999985478e-01 1.443289932012703503e-15 2.574620000000000073e+04 1.681152640303669614e+03 2.257800000000000000e+04 3.154300000000000000e+04
1.000172337848725057e+00 9.899999999999985478e-01 1.443289932012703503e-15 2.584359000000000015e+04 1.824250663121710431e+03 2.238700000000000000e+04 3.329900000000000000e+04
