1.000000000000000021e-02 9.899999999999985478e-01 1.443289932012703503e-15 5.308248000000000320e+04 3.299995952967215999e+03 4.530500000000000000e+04 6.220400000000000000e+04
1.100000000000000110e-02 9.899999999999985478e-01 1.443289932012703503e-15 5.270230000000000291e+04 4.364462999041234070e+03 4.459300000000000000e+04 7.249600000000000000e+04
1.210000000000000138e-02 9.899999999999985478e-01 1.443289932012703503e-15 5.242776999999999680e+04 4.090978264070832211e+03 4.386800000000000000e+04 6.055200000000000000e+04
1.331000000000000238e-02 9.899999999999985478e-01 1.443289932012703503e-15 5.091533999999999651e+04 3.692047429868689960e+03 4.098800000000000000e+04 6.046600000000000000e+04
1.464100000000000297e-02 9.899999999999985478e-01 1.443289932012703503e-15 5.014073000000000320e+04 3.650902890669649423e+03 4.279600000000000000e+04 6.194400000000000000e+04
1.610510000000000413e-02 9.899999999999985478e-01 1.443289932012703503e-15 4.901966999999999825e+04 3.955834834911588587e+03 4.022800000000000000e+04 6.105400000000000000e+04
1.771561000000000663e-02 9.899999999999985478e-01 1.443289932012703503e-15 4.859462999999999738e+04 3.568513218848992437e+03 4.192900000000000000e+04 5.888100000000000000e+04
1.948717100000000799e-02 9.899999999999985478e-01 1.443289932012703503e-15 4.740373000000000320e+04 3.214765549320821265e+03 4.049600000000000000e+04 5.515400000000000000e+04
2.143588810000001191e-02 9.899999999999985478e-01 1.443289932012703503e-15 4.689216999999999825e+04 3.270518500345167013e+03 4.070200000000000000e+04 5.743000000000000000e+04
2.357947691000001483e-02 9.899999999999985478e-01 1.443289932012703503e-15 4.564762999999999738e+04 3.188194782804212991e+03 3.900900000000000000e+04 5.420800000000000000e+04
2.593742460100001770e-02 9.899999999999985478e-01 1.443289932012703503e-15 4.486594999999999709e+04 2.969406578341875502e+03 3.761600000000000000e+04 5.600700000000000000e+04
2.853116706110002052e-02 9.899999999999985478e-01 1.443289932012703503e-15 4.428568000000000029e+04 3.165316220790587067e+03 3.756500000000000000e+04 5.323300000000000000e+04
3.138428376721002361e-02 9.899999999999985478e-01 1.443289932012703503e-15 4.335683000000000175e+04 3.156426618994967157e+03 3.662500000000000000e+04 5.338800000000000000e+04
3.452271214393103083e-02 9.899999999999985478e-01 1.443289932012703503e-15 4.270183000000000175e+04 3.349432020671564715e+03 3.564500000000000000e+04 5.278500000000000000e+04
3.797498335832413807e-02 9.899999999999985478e-01 1.443289932012703503e-15 4.143708999999999651e+04 2.798528617309460060e+03 3.504100000000000000e+04 4.903800000000000000e+04
4.177248169415655188e-02 9.899999999999985478e-01 1.443289932012703503e-15 4.137266000000000349e+04 3.078377661106577762e+03 3.457000000000000000e+04 4.857500000000000000e+04
4.594972986357220845e-02 9.899999999999985478e-01 1.443289932012703503e-15 4.033561000000000058e+04 2.881769674679085256e+03 3.408600000000000000e+04 4.991900000000000000e+04
5.054470284992943624e-02 9.899999999999985478e-01 1.443289932012703503e-15 3.928608999999999651e+04 2.561298557743707079e+03 3.354600000000000000e+04 4.643400000000000000e+04
5.559917313492238750e-02 9.899999999999985478e-01 1.443289932012703503e-15 3.892895999999999913e+04 2.749221485875592407e+03 3.372300000000000000e+04 4.642700000000000000e+04
6.115909044841463110e-02 9.899999999999985478e-01 1.443289932012703503e-15 3.820801999999999680e+04 2.694897463652374427e+03 3.214400000000000000e+04 4.435600000000000000e+04
6.727499949325610462e-02 9.899999999999985478e-01 1.443289932012703503e-15 3.742468000000000029e+04 2.413919637767587119e+03 3.245900000000000000e+04 4.431800000000000000e+04
7.400249944258172063e-02 9.899999999999985478e-01 1.443289932012703503e-15 3.666881999999999971e+04 2.640034361064264885e+03 3.163900000000000000e+04 4.561600000000000000e+04
8.140274938683990380e-02 9.899999999999985478e-01 1.443289932012703503e-15 3.622100000000000000e+04 2.545961327278951558e+03 3.070500000000000000e+04 4.478800000000000000e+04
8.954302432552389834e-02 9.899999999999985478e-01 1.443289932012703503e-15 3.543111000000000058e+04 2.378990260152403607e+03 3.034100000000000000e+04 4.162000000000000000e+04
9.849732675807629234e-02 9.899999999999985478e-01 1.443289932012703503e-15 3.483137000000000262e+04 2.283028517802614260e+03 3.005100000000000000e+04 4.246200000000000000e+04
1.083470594338839244e-01 9.899999999999985478e-01 1.443289932012703503e-15 3.420775000000000000e+04 2.474646105506805725e+03 2.994400000000000000e+04 4.011000000000000000e+04
1.191817653772723196e-01 9.899999999999985478e-01 1.443289932012703503e-15 3.322987000000000262e+04 2.243586132311394067e+03 2.887600000000000000e+04 4.192000000000000000e+04
1.310999419149995737e-01 9.899999999999985478e-01 1.443289932012703503e-15 3.265236999999999898e+04 2.149606194887798210e+03 2.899000000000000000e+04 4.111100000000000000e+04
1.442099361064995422e-01 9.899999999999985478e-01 1.443289932012703503e-15 3.198966999999999825e+04 2.072183476697948663e+03 2.816300000000000000e+04 4.078200000000000000e+04
1.586309297171495103e-01 9.899999999999985478e-01 1.443289932012703503e-15 3.165511000000000058e+04 2.089221974300481179e+03 2.793400000000000000e+04 3.941600000000000000e+04
1.744940226888644641e-01 9.899999999999985478e-01 1.443289932012703503e-15 3.125840000000000146e+04 1.981390239200748283e+03 2.725200000000000000e+04 3.625000000000000000e+04
1.919434249577509355e-01 9.899999999999985478e-01 1.443289932012703503e-15 3.102086000000000058e+04 2.229554874947014923e+03 2.647900000000000000e+04 3.731300000000000000e+04
2.111377674535260540e-01 9.899999999999985478e-01 1.443289932012703503e-15 3.043688999999999942e+04 2.621903293010632751e+03 2.708800000000000000e+04 4.440800000000000000e+04
2.322515441988786677e-01 9.899999999999985478e-01 1.443289932012703503e-15 3.000022999999999956e+04 1.967217562218271041e+03 2.615100000000000000e+04 3.681100000000000000e+04
2.554766986187665401e-01 9.899999999999985478e-01 1.443289932012703503e-15 2.962725000000000000e+04 2.347224128092585943e+03 2.555600000000000000e+04 4.277100000000000000e+04
2.810243684806432163e-01 9.899999999999985478e-01 1.443289932012703503e-15 2.912129999999999927e+04 1.792650342370201088e+03 2.572500000000000000e+04 3.480600000000000000e+04
3.091268053287075657e-01 9.899999999999985478e-01 1.443289932012703503e-15 2.859872999999999956e+04 1.958002445631771934e+03 2.515300000000000000e+04 3.575400000000000000e+04
3.400394858615783389e-01 9.899999999999985478e-01 1.443289932012703503e-15 2.826093000000000029e+04 1.779184983384246152e+03 2.495000000000000000e+04 3.382500000000000000e+04
3.740434344477361894e-01 9.899999999999985478e-01 1.443289932012703503e-15 2.786918999999999869e+04 2.162463362441084428e+03 2.431500000000000000e+04 3.511300000000000000e+04
4.114477778925098583e-01 9.899999999999985478e-01 1.443289932012703503e-15 2.744238999999999942e+04 1.831194942626262446e+03 2.406900000000000000e+04 3.668700000000000000e+04
4.525925556817608775e-01 9.899999999999985478e-01 1.443289932012703503e-15 2.761968000000000029e+04 2.050692633624063546e+03 2.393600000000000000e+04 3.732100000000000000e+04
4.978518112499369930e-01 9.899999999999985478e-01 1.443289932012703503e-15 2.710475000000000000e+04 2.016732626676129257e+03 2.390600000000000000e+04 3.315300000000000000e+04
5.476369923749306867e-01 9.899999999999985478e-01 1.443289932012703503e-15 2.676952000000000044e+04 1.841310535895561316e+03 2.366700000000000000e+04 3.236400000000000000e+04
6.024006916124238220e-01 9.899999999999985478e-01 1.443289932012703503e-15 2.695527999999999884e+04 2.062457893291400069e+03 2.347500000000000000e+04 3.367500000000000000e+04
6.626407607736662930e-01 9.899999999999985478e-01 1.443289932012703503e-15 2.647290000000000146e+04 1.697028930218928281e+03 2.277900000000000000e+04 3.333000000000000000e+04
7.289048368510330222e-01 9.899999999999985478e-01 1.443289932012703503e-15 2.629343000000000029e+04 1.743600098961915137e+03 2.345900000000000000e+04 3.225200000000000000e+04
8.017953205361363356e-01 9.899999999999985478e-01 1.443289932012703503e-15 2.650672999999999956e+04 1.810378197256032081e+03 2.356600000000000000e+04 3.333500000000000000e+04
8.819748525897500580e-01 9.899999999999985478e-01 1.443289932012703503e-15 2.678295999999999913e+04 2.178682601573712418e+03 2.257900000000000000e+04 3.573300000000000000e+04
9.701723378487251415e-01 9.899999999999985478e-01 1.443289932012703503e-15 2.640122000000000116e+04 2.370401263836989983e+03 2.292900000000000000e+04 3.677100000000000000e+04
9.801723378487251503e-01 9.899999999999985478e-01 1.443289932012703503e-15 2.661602999999999884e+04 2.070639710113760884e+03 2.263600000000000000e+04 3.251800000000000000e+04
9.901723378487251592e-01 9.899999999999985478e-01 1.443289932012703503e-15 2.649509999999999854e+04 2.078901572946636861e+03 2.318200000000000000e+04 3.435300000000000000e+04
1.000172337848725057e+00 9.899999999999985478e-01 1.443289932012703503e-15 2.654349000000000160e+04 2.396740922565474193e+03 2.294000000000000000e+04 3.481900000000000000e+04
