1.000000000000000021e-02 9.899999999999985478e-01 1.443289932012703503e-15 4.343347000000000116e+04 3.005769011268164832e+03 3.681600000000000000e+04 5.160000000000000000e+04
1.100000000000000110e-02 9.899999999999985478e-01 1.443289932012703503e-15 4.234638999999999942e+04 2.797094606533715250e+03 3.602900000000000000e+04 5.152200000000000000e+04
1.210000000000000138e-02 9.899999999999985478e-01 1.443289932012703503e-15 4.153479000000000087e+04 2.738452443607519854e+03 3.594400000000000000e+04 4.891200000000000000e+04
1.331000000000000238e-02 9.899999999999985478e-01 1.443289932012703503e-15 4.102155999999999767e+04 2.866289888758637062e+03 3.544300000000000000e+04 4.817700000000000000e+04
1.464100000000000297e-02 9.899999999999985478e-01 1.443289932012703503e-15 3.951976999999999680e+04 2.547062460384511269e+03 3.491000000000000000e+04 4.660700000000000000e+04
1.610510000000000413e-02 9.899999999999985478e-01 1.443289932012703503e-15 3.876386000000000058e+04 2.529472510307237826e+03 3.317700000000000000e+04 4.534500000000000000e+04
1.771561000000000663e-02 9.899999999999985478e-01 1.443289932012703503e-15 3.796947000000000116e+04 2.764637645171605072e+03 3.313900000000000000e+04 4.511200000000000000e+04
1.948717100000000799e-02 9.899999999999985478e-01 1.443289932012703503e-15 3.739215000000000146e+04 2.502096742234401063e+03 3.167600000000000000e+04 4.364600000000000000e+04
2.143588810000001191e-02 9.899999999999985478e-01 1.443289932012703503e-15 3.640280999999999767e+04 2.474124425711043386e+03 3.146500000000000000e+04 4.270000000000000000e+04
2.357947691000001483e-02 9.899999999999985478e-01 1.443289932012703503e-15 3.603148000000000320e+04 2.353781058127539836e+03 3.131600000000000000e+04 4.348100000000000000e+04
2.593742460100001770e-02 9.899999999999985478e-01 1.443289932012703503e-15 3.468795999999999913e+04 2.186800379184162921e+03 3.022600000000000000e+04 3.895000000000000000e+04
2.853116706110002052e-02 9.899999999999985478e-01 1.443289932012703503e-15 3.411323000000000320e+04 1.958292975297619250e+03 2.965800000000000000e+04 3.923100000000000000e+04
3.138428376721002361e-02 9.899999999999985478e-01 1.443289932012703503e-15 3.300483999999999651e+04 1.843790480070878402e+03 2.933800000000000000e+04 3.746300000000000000e+04
3.452271214393103083e-02 9.899999999999985478e-01 1.443289932012703503e-15 3.218581999999999971e+04 1.813975685504080730e+03 2.867300000000000000e+04 3.661500000000000000e+04
3.797498335832413807e-02 9.899999999999985478e-01 1.443289932012703503e-15 3.188772999999999956e+04 2.075338660821409121e+03 2.716200000000000000e+04 3.727500000000000000e+04
4.177248169415655188e-02 9.899999999999985478e-01 1.443289932012703503e-15 3.121461000000000058e+04 1.896334780016439709e+03 2.643000000000000000e+04 3.737400000000000000e+04
4.594972986357220845e-02 9.899999999999985478e-01 1.443289932012703503e-15 3.051277999999999884e+04 1.761829648859389636e+03 2.625500000000000000e+04 3.597700000000000000e+04
5.054470284992943624e-02 9.899999999999985478e-01 1.443289932012703503e-15 2.947038000000000102e+04 1.717179063347791725e+03 2.633900000000000000e+04 3.408900000000000000e+04
5.559917313492238750e-02 9.899999999999985478e-01 1.443289932012703503e-15 2.913720000000000073e+04 1.663027486243086742e+03 2.468400000000000000e+04 3.371900000000000000e+04
6.115909044841463110e-02 9.899999999999985478e-01 1.443289932012703503e-15 2.852102999999999884e+04 1.538009144673723767e+03 2.485400000000000000e+04 3.306400000000000000e+04
6.727499949325610462e-02 9.899999999999985478e-01 1.443289932012703503e-15 2.765890999999999985e+04 1.413114709391987162e+03 2.450700000000000000e+04 3.145300000000000000e+04
7.400249944258172063e-02 9.899999999999985478e-01 1.443289932012703503e-15 2.723470000000000073e+04 1.449560930075034776e+03 2.407800000000000000e+04 3.181900000000000000e+04
8.140274938683990380e-02 9.899999999999985478e-01 1.443289932012703503e-15 2.637234999999999854e+04 1.377674797439511622e+03 2.374000000000000000e+04 3.012700000000000000e+04
8.954302432552389834e-02 9.899999999999985478e-01 1.443289932012703503e-15 2.588661999999999898e+04 1.382214214801743310e+03 2.241200000000000000e+04 2.934200000000000000e+04
9.849732675807629234e-02 9.899999999999985478e-01 1.443289932012703503e-15 2.542681000000000131e+04 1.397299915515634893e+03 2.222700000000000000e+04 3.006100000000000000e+04
1.083470594338839244e-01 9.899999999999985478e-01 1.443289932012703503e-15 2.455820000000000073e+04 1.367171415733959748e+03 2.179800000000000000e+04 2.839000000000000000e+04
1.191817653772723196e-01 9.899999999999985478e-01 1.443289932012703503e-15 2.401404999999999927e+04 1.189883585692314909e+03 2.159100000000000000e+04 2.718800000000000000e+04
1.310999419149995737e-01 9.899999999999985478e-01 1.443289932012703503e-15 2.352408000000000175e+04 1.062412421614129926e+03 2.158400000000000000e+04 2.648100000000000000e+04
1.442099361064995422e-01 9.899999999999985478e-01 1.443289932012703503e-15 2.325125000000000000e+04 1.176473292302039454e+03 2.130000000000000000e+04 2.726800000000000000e+04
1.586309297171495103e-01 9.899999999999985478e-01 1.443289932012703503e-15 2.243604999999999927e+04 1.059751795233204575e+03 2.049900000000000000e+04 2.573600000000000000e+04
1.744940226888644641e-01 9.899999999999985478e-01 1.443289932012703503e-15 2.213879999999999927e+04 1.102046605185098542e+03 1.992700000000000000e+04 2.516200000000000000e+04
1.919434249577509355e-01 9.899999999999985478e-01 1.443289932012703503e-15 2.157599000000000160e+04 9.449095670486143490e+02 1.963500000000000000e+04 2.465800000000000000e+04
2.111377674535260540e-01 9.899999999999985478e-01 1.443289932012703503e-15 2.118111000000000058e+04 1.060639664494968883e+03 1.911100000000000000e+04 2.437600000000000000e+04
2.322515441988786677e-01 9.899999999999985478e-01 1.443289932012703503e-15 2.098413000000000102e+04 9.820319307945131868e+02 1.900900000000000000e+04 2.393200000000000000e+04
2.554766986187665401e-01 9.899999999999985478e-01 1.443289932012703503e-15 2.030277000000000044e+04 8.193275639815861950e+02 1.863200000000000000e+04 2.240200000000000000e+04
2.810243684806432163e-01 9.899999999999985478e-01 1.443289932012703503e-15 1.985633000000000175e+04 7.429604842116436885e+02 1.817900000000000000e+04 2.238600000000000000e+04
3.091268053287075657e-01 9.899999999999985478e-01 1.443289932012703503e-15 1.970331000000000131e+04 7.752355473660894631e+02 1.795000000000000000e+04 2.184200000000000000e+04
3.400394858615783389e-01 9.899999999999985478e-01 1.443289932012703503e-15 1.920690999999999985e+04 8.192624255389721384e+02 1.743400000000000000e+04 2.145300000000000000e+04
3.740434344477361894e-01 9.899999999999985478e-01 1.443289932012703503e-15 1.897675000000000000e+04 7.485528354765614267e+02 1.708000000000000000e+04 2.094900000000000000e+04
4.114477778925098583e-01 9.899999999999985478e-01 1.443289932012703503e-15 1.863493999999999869e+04 7.099159361501896228e+02 1.749200000000000000e+04 2.165100000000000000e+04
4.525925556817608775e-01 9.899999999999985478e-01 1.443289932012703503e-15 1.841090000000000146e+04 6.537651642600728792e+02 1.679400000000000000e+04 2.029800000000000000e+04
4.978518112499369930e-01 9.899999999999985478e-01 1.443289932012703503e-15 1.812915999999999985e+04 6.900408353133892660e+02 1.665000000000000000e+04 2.003500000000000000e+04
5.476369923749306867e-01 9.899999999999985478e-01 1.443289932012703503e-15 1.778604999999999927e+04 5.972136866315105408e+02 1.645800000000000000e+04 1.981900000000000000e+04
6.024006916124238220e-01 9.899999999999985478e-01 1.443289932012703503e-15 1.788577999999999884e+04 7.419117545908002285e+02 1.627900000000000000e+04 2.083000000000000000e+04
6.626407607736662930e-01 9.899999999999985478e-01 1.443289932012703503e-15 1.772516999999999825e+04 7.227064695296425043e+02 1.646800000000000000e+04 2.011000000000000000e+04
7.289048368510330222e-01 9.899999999999985478e-01 1.443289932012703503e-15 1.768259999999999854e+04 5.938430095572398386e+02 1.634900000000000000e+04 1.925700000000000000e+04
8.017953205361363356e-01 9.899999999999985478e-01 1.443289932012703503e-15 1.758052000000000044e+04 5.780750726333043303e+02 1.649500000000000000e+04 1.917500000000000000e+04
8.819748525897500580e-01 9.899999999999985478e-01 1.443289932012703503e-15 1.758913000000000102e+04 6.823970494514172742e+02 1.610700000000000000e+04 1.942400000000000000e+04
9.701723378487251415e-01 9.899999999999985478e-01 1.443289932012703503e-15 1.754643000000000029e+04 6.923584946398793818e+02 1.610900000000000000e+04 1.986700000000000000e+04
9.801723378487251503e-01 9.899999999999985478e-01 1.443289932012703503e-15 1.754159999999999854e+04 7.243044249485155888e+02 1.579700000000000000e+04 2.065900000000000000e+04
9.901723378487251592e-01 9.899999999999985478e-01 1.443289932012703503e-15 1.754229000000000087e+04 7.304910854349971032e+02 1.631200000000000000e+04 2.020400000000000000e+04
1.000172337848725057e+00 9.899999999999985478e-01 1.443289932012703503e-15 1.753683000000000175e+04 6.540896583038138488e+02 1.606400000000000000e+04 1.922300000000000000e+04
