1.000000000000000021e-02 9.899999999999985478e-01 1.443289932012703503e-15 5.404983999999999651e+04 4.178554967258418401e+03 4.291600000000000000e+04 6.446600000000000000e+04
1.100000000000000110e-02 9.899999999999985478e-01 1.443289932012703503e-15 5.341776999999999680e+04 4.508337101093927231e+03 4.422800000000000000e+04 7.081700000000000000e+04
1.210000000000000138e-02 9.899999999999985478e-01 1.443289932012703503e-15 5.219258999999999651e+04 4.047935071354282172e+03 4.324600000000000000e+04 6.277400000000000000e+04
1.331000000000000238e-02 9.899999999999985478e-01 1.443289932012703503e-15 5.028516000000000349e+04 3.409376179655158012e+03 4.222700000000000000e+04 5.966800000000000000e+04
1.464100000000000297e-02 9.899999999999985478e-01 1.443289932012703503e-15 5.069645999999999913e+04 3.585842674797655491e+03 4.249300000000000000e+04 5.927200000000000000e+04
1.610510000000000413e-02 9.899999999999985478e-01 1.443289932012703503e-15 4.987893000000000029e+04 4.037359682403835450e+03 4.243000000000000000e+04 6.143700000000000000e+04
1.771561000000000663e-02 9.899999999999985478e-01 1.443289932012703503e-15 4.882237999999999738e+04 3.267942134677418380e+03 4.204600000000000000e+04 5.851200000000000000e+04
1.948717100000000799e-02 9.899999999999985478e-01 1.443289932012703503e-15 4.706313999999999942e+04 3.493741341370307055e+03 4.045700000000000000e+04 5.699500000000000000e+04
2.143588810000001191e-02 9.899999999999985478e-01 1.443289932012703503e-15 4.736762000000000262e+04 3.411262513439854956e+03 3.926000000000000000e+04 5.591400000000000000e+04
2.357947691000001483e-02 9.899999999999985478e-01 1.443289932012703503e-15 4.568890000000000146e+04 3.019339005477854698e+03 3.996600000000000000e+04 5.364100000000000000e+04
2.593742460100001770e-02 9.899999999999985478e-01 1.443289932012703503e-15 4.504086000000000058e+04 2.791138244587681129e+03 3.830700000000000000e+04 5.209700000000000000e+04
2.853116706110002052e-02 9.899999999999985478e-01 1.443289932012703503e-15 4.433891999999999825e+04 3.211628925265183625e+03 3.781800000000000000e+04 5.343400000000000000e+04
3.138428376721002361e-02 9.899999999999985478e-01 1.443289932012703503e-15 4.385366999999999825e+04 3.066803293512644359e+03 3.881300000000000000e+04 5.250100000000000000e+04
3.452271214393103083e-02 9.899999999999985478e-01 1.443289932012703503e-15 4.254529000000000087e+04 3.302512904728761896e+03 3.587800000000000000e+04 5.118400000000000000e+04
3.797498335832413807e-02 9.899999999999985478e-01 1.443289932012703503e-15 4.205376000000000204e+04 2.991623903902360325e+03 3.592200000000000000e+04 5.080800000000000000e+04
4.177248169415655188e-02 9.899999999999985478e-01 1.443289932012703503e-15 4.136983999999999651e+04 3.234792793116740086e+03 3.463700000000000000e+04 5.249500000000000000e+04
4.594972986357220845e-02 9.899999999999985478e-01 1.443289932012703503e-15 4.082294999999999709e+04 2.644017372768189489e+03 3.506500000000000000e+04 4.708100000000000000e+04
5.054470284992943624e-02 9.899999999999985478e-01 1.443289932012703503e-15 3.967529000000000087e+04 2.721135341341918320e+03 3.475000000000000000e+04 4.732700000000000000e+04
5.559917313492238750e-02 9.899999999999985478e-01 1.443289932012703503e-15 3.904891999999999825e+04 2.809130437270579023e+03 3.289800000000000000e+04 4.815300000000000000e+04
6.115909044841463110e-02 9.899999999999985478e-01 1.443289932012703503e-15 3.844912999999999738e+04 2.614812645888802308e+03 3.338500000000000000e+04 4.625100000000000000e+04
6.727499949325610462e-02 9.899999999999985478e-01 1.443289932012703503e-15 3.720913999999999942e+04 2.341927595037900119e+03 3.275400000000000000e+04 4.396700000000000000e+04
7.400249944258172063e-02 9.899999999999985478e-01 1.443289932012703503e-15 3.719733999999999651e+04 2.868729751022218807e+03 3.171100000000000000e+04 4.517300000000000000e+04
8.140274938683990380e-02 9.899999999999985478e-01 1.443289932012703503e-15 3.696880000000000291e+04 2.452470586979587097e+03 3.099000000000000000e+04 4.359000000000000000e+04
8.954302432552389834e-02 9.899999999999985478e-01 1.443289932012703503e-15 3.565344999999999709e+04 2.531425615636374914e+03 3.078800000000000000e+04 4.352900000000000000e+04
9.849732675807629234e-02 9.899999999999985478e-01 1.443289932012703503e-15 3.502130999999999767e+04 2.889762352495443338e+03 2.985700000000000000e+04 4.365500000000000000e+04
1.083470594338839244e-01 9.899999999999985478e-01 1.443289932012703503e-15 3.473348999999999796e+04 2.523433856850621396e+03 3.007600000000000000e+04 4.143700000000000000e+04
1.191817653772723196e-01 9.899999999999985478e-01 1.443289932012703503e-15 3.375504000000000087e+04 2.099307756952276577e+03 2.971100000000000000e+04 3.927500000000000000e+04
1.310999419149995737e-01 9.899999999999985478e-01 1.443289932012703503e-15 3.400808999999999651e+04 2.595393411777875372e+03 2.856200000000000000e+04 3.977000000000000000e+04
1.442099361064995422e-01 9.899999999999985478e-01 1.443289932012703503e-15 3.277781999999999971e+04 1.973892005049921636e+03 2.861500000000000000e+04 3.793700000000000000e+04
1.586309297171495103e-01 9.899999999999985478e-01 1.443289932012703503e-15 3.210820000000000073e+04 2.080111386440639308e+03 2.777000000000000000e+04 4.064800000000000000e+04
1.744940226888644641e-01 9.899999999999985478e-01 1.443289932012703503e-15 3.177170999999999913e+04 2.333142294396121542e+03 2.695400000000000000e+04 3.960100000000000000e+04
1.919434249577509355e-01 9.899999999999985478e-01 1.443289932012703503e-15 3.128472999999999956e+04 2.252573136903661634e+03 2.750800000000000000e+04 3.694900000000000000e+04
2.111377674535260540e-01 9.899999999999985478e-01 1.443289932012703503e-15 3.063884999999999854e+04 2.212503836719837636e+03 2.679000000000000000e+04 3.917400000000000000e+04
2.322515441988786677e-01 9.899999999999985478e-01 1.443289932012703503e-15 3.056545999999999913e+04 2.343864426198750607e+03 2.691400000000000000e+04 4.398400000000000000e+04
2.554766986187665401e-01 9.899999999999985478e-01 1.443289932012703503e-15 3.003556000000000131e+04 2.218837305076692246e+03 2.632800000000000000e+04 3.860100000000000000e+04
2.810243684806432163e-01 9.899999999999985478e-01 1.443289932012703503e-15 2.933690000000000146e+04 1.841606562216805287e+03 2.555000000000000000e+04 3.572400000000000000e+04
3.091268053287075657e-01 9.899999999999985478e-01 1.443289932012703503e-15 2.918452999999999884e+04 2.034210261772366493e+03 2.547700000000000000e+04 3.622500000000000000e+04
3.400394858615783389e-01 9.899999999999985478e-01 1.443289932012703503e-15 2.845888999999999942e+04 2.213562056482718162e+03 2.455600000000000000e+04 3.475000000000000000e+04
3.740434344477361894e-01 9.899999999999985478e-01 1.443289932012703503e-15 2.855445000000000073e+04 2.394058091922583117e+03 2.426000000000000000e+04 3.833100000000000000e+04
4.114477778925098583e-01 9.899999999999985478e-01 1.443289932012703503e-15 2.760927999999999884e+04 1.745366403251764268e+03 2.488000000000000000e+04 3.276400000000000000e+04
4.525925556817608775e-01 9.899999999999985478e-01 1.443289932012703503e-15 2.771874000000000160e+04 1.972633177354573718e+03 2.467700000000000000e+04 3.437200000000000000e+04
4.978518112499369930e-01 9.899999999999985478e-01 1.443289932012703503e-15 2.732261000000000058e+04 1.565021954446646305e+03 2.481700000000000000e+04 3.184200000000000000e+04
5.476369923749306867e-01 9.899999999999985478e-01 1.443289932012703503e-15 2.718145999999999913e+04 1.485787363117616223e+03 2.372900000000000000e+04 3.260800000000000000e+04
6.024006916124238220e-01 9.899999999999985478e-01 1.443289932012703503e-15 2.694579000000000087e+04 1.688461946832086369e+03 2.391200000000000000e+04 3.335700000000000000e+04
6.626407607736662930e-01 9.899999999999985478e-01 1.443289932012703503e-15 2.716886000000000058e+04 2.349250169820149040e+03 2.426500000000000000e+04 3.993300000000000000e+04
7.289048368510330222e-01 9.899999999999985478e-01 1.443289932012703503e-15 2.649599000000000160e+04 1.678995363275312684e+03 2.343400000000000000e+04 3.474700000000000000e+04
8.017953205361363356e-01 9.899999999999985478e-01 1.443289932012703503e-15 2.656495999999999913e+04 1.860001461934909230e+03 2.332300000000000000e+04 3.281300000000000000e+04
8.819748525897500580e-01 9.899999999999985478e-01 1.443289932012703503e-15 2.722152000000000044e+04 2.255426817611247316e+03 2.410900000000000000e+04 3.863100000000000000e+04
9.701723378487251415e-01 9.899999999999985478e-01 1.443289932012703503e-15 2.661997000000000116e+04 1.839387840859018070e+03 2.329600000000000000e+04 3.420700000000000000e+04
9.801723378487251503e-01 9.899999999999985478e-01 1.443289932012703503e-15 2.673538000000000102e+04 2.140213123873414588e+03 2.307600000000000000e+04 3.302700000000000000e+04
9.901723378487251592e-01 9.899999999999985478e-01 1.443289932012703503e-15 2.690131999999999971e+04 2.129271635465987401e+03 2.310100000000000000e+04 3.578100000000000000e+04
1.000172337848725057e+00 9.899999999999985478e-01 1.443289932012703503e-15 2.722481999999999971e+04 2.081555103186077304e+03 2.361600000000000000e+04 3.341100000000000000e+04
