1.000000000000000021e-02 9.899999999999985478e-01 1.443289932012703503e-15 5.564590000000000146e+04 3.926396550273545472e+03 4.813300000000000000e+04 6.574200000000000000e+04
1.100000000000000110e-02 9.899999999999985478e-01 1.443289932012703503e-15 5.430926999999999680e+04 3.608927142115783681e+03 4.583700000000000000e+04 6.711400000000000000e+04
1.210000000000000138e-02 9.899999999999985478e-01 1.443289932012703503e-15 5.346306999999999971e+04 3.862507812950027073e+03 4.454700000000000000e+04 6.674100000000000000e+04
1.331000000000000238e-02 9.899999999999985478e-01 1.443289932012703503e-15 5.297290000000000146e+04 3.570932817906267701e+03 4.446600000000000000e+04 6.296800000000000000e+04
1.464100000000000297e-02 9.899999999999985478e-01 1.443289932012703503e-15 5.221572000000000116e+04 3.708434278991606334e+03 4.282300000000000000e+04 6.508200000000000000e+04
1.610510000000000413e-02 9.899999999999985478e-01 1.443289932012703503e-15 5.090669000000000233e+04 3.488177150590261135e+03 4.353400000000000000e+04 6.068800000000000000e+04
1.771561000000000663e-02 9.899999999999985478e-01 1.443289932012703503e-15 5.013248999999999796e+04 3.192696081668282204e+03 4.507500000000000000e+04 5.964200000000000000e+04
1.948717100000000799e-02 9.899999999999985478e-01 1.443289932012703503e-15 4.992584999999999854e+04 3.732740005344599012e+03 4.228700000000000000e+04 6.262700000000000000e+04
2.143588810000001191e-02 9.899999999999985478e-01 1.443289932012703503e-15 4.796609999999999854e+04 3.194574314364905149e+03 4.183900000000000000e+04 5.707500000000000000e+04
2.357947691000001483e-02 9.899999999999985478e-01 1.443289932012703503e-15 4.806955999999999767e+04 3.584804564603208291e+03 4.132200000000000000e+04 5.867300000000000000e+04
2.593742460100001770e-02 9.899999999999985478e-01 1.443289932012703503e-15 4.672151999999999680e+04 3.283459835234778438e+03 3.982700000000000000e+04 5.646800000000000000e+04
2.853116706110002052e-02 9.899999999999985478e-01 1.443289932012703503e-15 4.592365000000000146e+04 3.203616701089566959e+03 3.936600000000000000e+04 5.279600000000000000e+04
3.138428376721002361e-02 9.899999999999985478e-01 1.443289932012703503e-15 4.544927999999999884e+04 3.733166800666694598e+03 3.925100000000000000e+04 5.826600000000000000e+04
3.452271214393103083e-02 9.899999999999985478e-01 1.443289932012703503e-15 4.523087000000000262e+04 3.406696551367614575e+03 3.740700000000000000e+04 5.929600000000000000e+04
3.797498335832413807e-02 9.899999999999985478e-01 1.443289932012703503e-15 4.358925000000000000e+04 2.519474561788628307e+03 3.853200000000000000e+04 5.036100000000000000e+04
4.177248169415655188e-02 9.899999999999985478e-01 1.443289932012703503e-15 4.371956999999999971e+04 3.120767332740459551e+03 3.751200000000000000e+04 5.319500000000000000e+04
4.594972986357220845e-02 9.899999999999985478e-01 1.443289932012703503e-15 4.240783000000000175e+04 2.932084316846976890e+03 3.435900000000000000e+04 5.078400000000000000e+04
5.054470284992943624e-02 9.899999999999985478e-01 1.443289932012703503e-15 4.144379000000000087e+04 2.731269222522743803e+03 3.529500000000000000e+04 4.910900000000000000e+04
5.559917313492238750e-02 9.899999999999985478e-01 1.443289932012703503e-15 4.092183999999999651e+04 2.567081166305421448e+03 3.474900000000000000e+04 4.749500000000000000e+04
6.115909044841463110e-02 9.899999999999985478e-01 1.443289932012703503e-15 4.002195999999999913e+04 2.404567000189431383e+03 3.596700000000000000e+04 4.758900000000000000e+04
6.727499949325610462e-02 9.899999999999985478e-01 1.443289932012703503e-15 3.951123000000000320e+04 2.551306582341682770e+03 3.373800000000000000e+04 4.573700000000000000e+04
7.400249944258172063e-02 9.899999999999985478e-01 1.443289932012703503e-15 3.889981999999999971e+04 2.746660395389281348e+03 3.378600000000000000e+04 4.829100000000000000e+04
8.140274938683990380e-02 9.899999999999985478e-01 1.443289932012703503e-15 3.786972000000000116e+04 2.519662561058524716e+03 3.309300000000000000e+04 4.646400000000000000e+04
8.954302432552389834e-02 9.899999999999985478e-01 1.443289932012703503e-15 3.726027999999999884e+04 2.253117498400826662e+03 3.124600000000000000e+04 4.202200000000000000e+04
9.849732675807629234e-02 9.899999999999985478e-01 1.443289932012703503e-15 3.629001999999999680e+04 2.454348410393276026e+03 3.153000000000000000e+04 4.309900000000000000e+04
1.083470594338839244e-01 9.899999999999985478e-01 1.443289932012703503e-15 3.573302999999999884e+04 2.475633536915348486e+03 3.206800000000000000e+04 4.574700000000000000e+04
1.191817653772723196e-01 9.899999999999985478e-01 1.443289932012703503e-15 3.556919999999999709e+04 2.255736602531421795e+03 3.100300000000000000e+04 4.097300000000000000e+04
1.310999419149995737e-01 9.899999999999985478e-01 1.443289932012703503e-15 3.546736000000000058e+04 2.388348498523613216e+03 3.057600000000000000e+04 4.379500000000000000e+04
1.442099361064995422e-01 9.899999999999985478e-01 1.443289932012703503e-15 3.491250000000000000e+04 2.244630443970677334e+03 3.030200000000000000e+04 4.324400000000000000e+04
1.586309297171495103e-01 9.899999999999985478e-01 1.443289932012703503e-15 3.405959999999999854e+04 2.241519788000988683e+03 2.939700000000000000e+04 4.071300000000000000e+04
1.744940226888644641e-01 9.899999999999985478e-01 1.443289932012703503e-15 3.361637999999999738e+04 2.326968425999803003e+03 2.900800000000000000e+04 4.075000000000000000e+04
1.919434249577509355e-01 9.899999999999985478e-01 1.443289932012703503e-15 3.325866000000000349e+04 2.499756577029051186e+03 2.899600000000000000e+04 4.555500000000000000e+04
2.111377674535260540e-01 9.899999999999985478e-01 1.443289932012703503e-15 3.251495999999999913e+04 2.249875449530484275e+03 2.827300000000000000e+04 3.941000000000000000e+04
2.322515441988786677e-01 9.899999999999985478e-01 1.443289932012703503e-15 3.220816999999999825e+04 2.122173668930043277e+03 2.769000000000000000e+04 3.852700000000000000e+04
2.554766986187665401e-01 9.899999999999985478e-01 1.443289932012703503e-15 3.168552000000000044e+04 2.025950243614092869e+03 2.837500000000000000e+04 4.152700000000000000e+04
2.810243684806432163e-01 9.899999999999985478e-01 1.443289932012703503e-15 3.130711000000000058e+04 1.902944927710731690e+03 2.706800000000000000e+04 3.734200000000000000e+04
3.091268053287075657e-01 9.899999999999985478e-01 1.443289932012703503e-15 3.078008000000000175e+04 2.075606439959175532e+03 2.654700000000000000e+04 3.553700000000000000e+04
3.400394858615783389e-01 9.899999999999985478e-01 1.443289932012703503e-15 3.049093000000000029e+04 1.937233693982220984e+03 2.742600000000000000e+04 3.567200000000000000e+04
3.740434344477361894e-01 9.899999999999985478e-01 1.443289932012703503e-15 3.021240000000000146e+04 1.612700722390859482e+03 2.727300000000000000e+04 3.515500000000000000e+04
4.114477778925098583e-01 9.899999999999985478e-01 1.443289932012703503e-15 2.984965000000000146e+04 1.862079420298715377e+03 2.632100000000000000e+04 3.561600000000000000e+04
4.525925556817608775e-01 9.899999999999985478e-01 1.443289932012703503e-15 3.000550999999999840e+04 2.781865386732434672e+03 2.577800000000000000e+04 4.385000000000000000e+04
4.978518112499369930e-01 9.899999999999985478e-01 1.443289932012703503e-15 2.910620999999999913e+04 2.049719094388301528e+03 2.569200000000000000e+04 3.619100000000000000e+04
5.476369923749306867e-01 9.899999999999985478e-01 1.443289932012703503e-15 2.933152999999999884e+04 1.879568447569813998e+03 2.585800000000000000e+04 3.545400000000000000e+04
6.024006916124238220e-01 9.899999999999985478e-01 1.443289932012703503e-15 2.895974000000000160e+04 2.063487541130306454e+03 2.553800000000000000e+04 3.490100000000000000e+04
6.626407607736662930e-01 9.899999999999985478e-01 1.443289932012703503e-15 2.862640999999999985e+04 1.732775086934250794e+03 2.532400000000000000e+04 3.553400000000000000e+04
7.289048368510330222e-01 9.899999999999985478e-01 1.443289932012703503e-15 2.843775000000000000e+04 1.986449165596743796e+03 2.432500000000000000e+04 3.515100000000000000e+04
8.017953205361363356e-01 9.899999999999985478e-01 1.443289932012703503e-15 2.875883000000000175e+04 2.024495695500486818e+03 2.553000000000000000e+04 3.666100000000000000e+04
8.819748525897500580e-01 9.899999999999985478e-01 1.443289932012703503e-15 2.830697000000000116e+04 1.915818057410462870e+03 2.509200000000000000e+04 3.514300000000000000e+04
9.701723378487251415e-01 9.899999999999985478e-01 1.443289932012703503e-15 2.845881000000000131e+04 1.827155251723289666e+03 2.557200000000000000e+04 3.479000000000000000e+04
9.801723378487251503e-01 9.899999999999985478e-01 1.443289932012703503e-15 2.853661000000000058e+04 1.805172146333972250e+03 2.543000000000000000e+04 3.476000000000000000e+04
9.901723378487251592e-01 9.899999999999985478e-01 1.443289932012703503e-15 2.847199000000000160e+04 1.867894972930758740e+03 2.574500000000000000e+04 3.702300000000000000e+04
1.000172337848725057e+00 9.899999999999985478e-01 1.443289932012703503e-15 2.839422999999999956e+04 1.825491368673103807e+03 2.458800000000000000e+04 3.536200000000000000e+04
