1.000000000000000021e-02 9.899999999999985478e-01 1.443289932012703503e-15 4.296991999999999825e+04 3.080931202347757790e+03 3.670400000000000000e+04 5.126200000000000000e+04
1.100000000000000110e-02 9.899999999999985478e-01 1.443289932012703503e-15 4.285455000000000291e+04 2.840721786359938505e+03 3.682000000000000000e+04 5.274000000000000000e+04
1.210000000000000138e-02 9.899999999999985478e-01 1.443289932012703503e-15 4.143350000000000000e+04 2.716057221414895139e+03 3.580600000000000000e+04 4.696100000000000000e+04
1.331000000000000238e-02 9.899999999999985478e-01 1.443289932012703503e-15 4.076744999999999709e+04 2.549263793235215871e+03 3.550200000000000000e+04 4.660200000000000000e+04
1.464100000000000297e-02 9.899999999999985478e-01 1.443289932012703503e-15 3.991034999999999854e+04 2.753691218619110714e+03 3.374100000000000000e+04 5.003600000000000000e+04
1.610510000000000413e-02 9.899999999999985478e-01 1.443289932012703503e-15 3.899105000000000291e+04 2.603427338624990171e+03 3.295900000000000000e+04 4.569500000000000000e+04
1.771561000000000663e-02 9.899999999999985478e-01 1.443289932012703503e-15 3.779144000000000233e+04 2.456879774510751758e+03 3.233900000000000000e+04 4.611800000000000000e+04
1.948717100000000799e-02 9.899999999999985478e-01 1.443289932012703503e-15 3.722426999999999680e+04 2.230409513318126301e+03 3.310600000000000000e+04 4.250900000000000000e+04
2.143588810000001191e-02 9.899999999999985478e-01 1.443289932012703503e-15 3.690087999999999738e+04 2.278849776883066170e+03 3.226800000000000000e+04 4.274900000000000000e+04
2.357947691000001483e-02 9.899999999999985478e-01 1.443289932012703503e-15 3.565508000000000175e+04 2.234105716746635608e+03 3.043200000000000000e+04 4.174400000000000000e+04
2.593742460100001770e-02 9.899999999999985478e-01 1.443289932012703503e-15 3.472059999999999854e+04 2.008653489280816984e+03 2.979000000000000000e+04 4.037900000000000000e+04
2.853116706110002052e-02 9.899999999999985478e-01 1.443289932012703503e-15 3.430008000000000175e+04 2.124232033841877183e+03 3.014300000000000000e+04 4.065700000000000000e+04
3.138428376721002361e-02 9.899999999999985478e-01 1.443289932012703503e-15 3.321095999999999913e+04 2.031224832065618557e+03 2.882300000000000000e+04 3.875400000000000000e+04
3.452271214393103083e-02 9.899999999999985478e-01 1.443289932012703503e-15 3.295129000000000087e+04 2.110048825477742866e+03 2.843400000000000000e+04 3.831500000000000000e+04
3.797498335832413807e-02 9.899999999999985478e-01 1.443289932012703503e-15 3.159525999999999840e+04 1.785191337756264375e+03 2.774800000000000000e+04 3.647500000000000000e+04
4.177248169415655188e-02 9.899999999999985478e-01 1.443289932012703503e-15 3.120077000000000044e+04 1.568645038592224182e+03 2.762400000000000000e+04 3.617500000000000000e+04
4.594972986357220845e-02 9.899999999999985478e-01 1.443289932012703503e-15 3.030674000000000160e+04 1.774107001395349698e+03 2.665700000000000000e+04 3.512200000000000000e+04
5.054470284992943624e-02 9.899999999999985478e-01 1.443289932012703503e-15 2.997866999999999825e+04 1.705910935863886152e+03 2.596500000000000000e+04 3.354500000000000000e+04
5.559917313492238750e-02 9.899999999999985478e-01 1.443289932012703503e-15 2.894920999999999913e+04 1.557083153174550262e+03 2.543500000000000000e+04 3.379800000000000000e+04
6.115909044841463110e-02 9.899999999999985478e-01 1.443289932012703503e-15 2.845434000000000015e+04 1.666349484471969845e+03 2.467200000000000000e+04 3.296600000000000000e+04
6.727499949325610462e-02 9.899999999999985478e-01 1.443289932012703503e-15 2.775918999999999869e+04 1.553321471524809795e+03 2.442400000000000000e+04 3.410500000000000000e+04
7.400249944258172063e-02 9.899999999999985478e-01 1.443289932012703503e-15 2.714370999999999913e+04 1.627562215677176255e+03 2.376500000000000000e+04 3.225600000000000000e+04
8.140274938683990380e-02 9.899999999999985478e-01 1.443289932012703503e-15 2.638002000000000044e+04 1.371136025199542246e+03 2.365800000000000000e+04 3.029900000000000000e+04
8.954302432552389834e-02 9.899999999999985478e-01 1.443289932012703503e-15 2.583327000000000044e+04 1.320047285933348348e+03 2.298900000000000000e+04 2.981100000000000000e+04
9.849732675807629234e-02 9.899999999999985478e-01 1.443289932012703503e-15 2.536249000000000160e+04 1.292094590151975126e+03 2.260000000000000000e+04 2.964800000000000000e+04
1.083470594338839244e-01 9.899999999999985478e-01 1.443289932012703503e-15 2.454711999999999898e+04 1.226789862038320280e+03 2.194200000000000000e+04 2.797000000000000000e+04
1.191817653772723196e-01 9.899999999999985478e-01 1.443289932012703503e-15 2.415195000000000073e+04 1.027256612293150511e+03 2.199100000000000000e+04 2.679200000000000000e+04
1.310999419149995737e-01 9.899999999999985478e-01 1.443289932012703503e-15 2.357591999999999825e+04 1.154130761049197417e+03 2.128400000000000000e+04 2.700400000000000000e+04
1.442099361064995422e-01 9.899999999999985478e-01 1.443289932012703503e-15 2.305033000000000175e+04 1.110519230405309145e+03 2.093500000000000000e+04 2.639400000000000000e+04
1.586309297171495103e-01 9.899999999999985478e-01 1.443289932012703503e-15 2.254206000000000131e+04 1.040305184260849501e+03 2.051500000000000000e+04 2.549300000000000000e+04
1.744940226888644641e-01 9.899999999999985478e-01 1.443289932012703503e-15 2.205202999999999884e+04 1.071083175621762848e+03 1.992000000000000000e+04 2.509900000000000000e+04
1.919434249577509355e-01 9.899999999999985478e-01 1.443289932012703503e-15 2.181652000000000044e+04 1.032060002906807767e+03 1.962800000000000000e+04 2.427100000000000000e+04
2.111377674535260540e-01 9.899999999999985478e-01 1.443289932012703503e-15 2.122277999999999884e+04 1.005758714404205193e+03 1.892200000000000000e+04 2.454500000000000000e+04
2.322515441988786677e-01 9.899999999999985478e-01 1.443289932012703503e-15 2.066666999999999825e+04 8.547357609811351722e+02 1.865100000000000000e+04 2.310600000000000000e+04
2.554766986187665401e-01 9.899999999999985478e-01 1.443289932012703503e-15 2.018318999999999869e+04 9.414175449289225526e+02 1.832400000000000000e+04 2.369600000000000000e+04
2.810243684806432163e-01 9.899999999999985478e-01 1.443289932012703503e-15 1.996250000000000000e+04 7.938923037792972082e+02 1.839900000000000000e+04 2.218400000000000000e+04
3.091268053287075657e-01 9.899999999999985478e-01 1.443289932012703503e-15 1.957570000000000073e+04 8.723073254306649460e+02 1.784000000000000000e+04 2.249800000000000000e+04
3.400394858615783389e-01 9.899999999999985478e-01 1.443289932012703503e-15 1.935733000000000175e+04 7.821229322171806189e+02 1.795500000000000000e+04 2.125900000000000000e+04
3.740434344477361894e-01 9.899999999999985478e-01 1.443289932012703503e-15 1.906295000000000073e+04 8.029516844119577854e+02 1.721100000000000000e+04 2.162700000000000000e+04
4.114477778925098583e-01 9.899999999999985478e-01 1.443289932012703503e-15 1.865197000000000116e+04 6.916582892585036006e+02 1.715400000000000000e+04 2.035200000000000000e+04
4.525925556817608775e-01 9.899999999999985478e-01 1.443289932012703503e-15 1.845725000000000000e+04 7.819980738467327228e+02 1.653700000000000000e+04 2.144100000000000000e+04
4.978518112499369930e-01 9.899999999999985478e-01 1.443289932012703503e-15 1.823186000000000058e+04 6.126542421300940759e+02 1.668600000000000000e+04 2.010100000000000000e+04
5.476369923749306867e-01 9.899999999999985478e-01 1.443289932012703503e-15 1.806065000000000146e+04 6.587136156934969904e+02 1.687300000000000000e+04 1.991500000000000000e+04
6.024006916124238220e-01 9.899999999999985478e-01 1.443289932012703503e-15 1.783695999999999913e+04 7.044452273952886117e+02 1.648500000000000000e+04 2.025700000000000000e+04
6.626407607736662930e-01 9.899999999999985478e-01 1.443289932012703503e-15 1.764949000000000160e+04 6.531759563088647838e+02 1.632000000000000000e+04 1.931200000000000000e+04
7.289048368510330222e-01 9.899999999999985478e-01 1.443289932012703503e-15 1.766020000000000073e+04 7.837243010140746264e+02 1.589200000000000000e+04 2.009800000000000000e+04
8.017953205361363356e-01 9.899999999999985478e-01 1.443289932012703503e-15 1.761397999999999956e+04 6.788844523186548940e+02 1.626400000000000000e+04 2.082100000000000000e+04
8.819748525897500580e-01 9.899999999999985478e-01 1.443289932012703503e-15 1.752681000000000131e+04 6.707866679503998739e+02 1.601300000000000000e+04 1.899200000000000000e+04
9.701723378487251415e-01 9.899999999999985478e-01 1.443289932012703503e-15 1.759759000000000015e+04 6.301990176920302247e+02 1.609800000000000000e+04 1.900600000000000000e+04
9.801723378487251503e-01 9.899999999999985478e-01 1.443289932012703503e-15 1.750481000000000131e+04 6.354291572630264682e+02 1.571700000000000000e+04 1.980100000000000000e+04
9.901723378487251592e-01 9.899999999999985478e-01 1.443289932012703503e-15 1.763747999999999956e+04 7.389797626457709612e+02 1.621500000000000000e+04 2.029900000000000000e+04
1.000172337848725057e+00 9.899999999999985478e-01 1.443289932012703503e-15 1.748143000000000029e+04 6.261155045995907358e+02 1.611200000000000000e+04 1.937300000000000000e+04
