1.000000000000000021e-02 9.899999999999985478e-01 1.443289932012703503e-15 5.262308999999999651e+04 3.960570355630612539e+03 4.442500000000000000e+04 6.390600000000000000e+04
1.100000000000000110e-02 9.899999999999985478e-01 1.443289932012703503e-15 5.187194999999999709e+04 4.054784434159231296e+03 4.435900000000000000e+04 6.408800000000000000e+04
1.210000000000000138e-02 9.899999999999985478e-01 1.443289932012703503e-15 5.083080000000000291e+04 3.690608163975146454e+03 4.100300000000000000e+04 6.650800000000000000e+04
1.331000000000000238e-02 9.899999999999985478e-01 1.443289932012703503e-15 5.043041999999999825e+04 3.885272405327585147e+03 4.130300000000000000e+04 5.978900000000000000e+04
1.464100000000000297e-02 9.899999999999985478e-01 1.443289932012703503e-15 4.854390000000000146e+04 3.451475364246426125e+03 4.097700000000000000e+04 5.852100000000000000e+04
1.610510000000000413e-02 9.899999999999985478e-01 1.443289932012703503e-15 4.854518000000000029e+04 3.853176218082946889e+03 3.965900000000000000e+04 5.862600000000000000e+04
1.771561000000000663e-02 9.899999999999985478e-01 1.443289932012703503e-15 4.726112000000000262e+04 3.304687489854373325e+03 4.017800000000000000e+04 5.656200000000000000e+04
1.948717100000000799e-02 9.899999999999985478e-01 1.443289932012703503e-15 4.693501999999999680e+04 3.366142857871602700e+03 3.716800000000000000e+04 5.520400000000000000e+04
2.143588810000001191e-02 9.899999999999985478e-01 1.443289932012703503e-15 4.502972000000000116e+04 3.290527559769101117e+03 3.779100000000000000e+04 5.290000000000000000e+04
2.357947691000001483e-02 9.899999999999985478e-01 1.443289932012703503e-15 4.517027999999999884e+04 3.406498513371171157e+03 3.763600000000000000e+04 5.406500000000000000e+04
2.593742460100001770e-02 9.899999999999985478e-01 1.443289932012703503e-15 4.365858999999999651e+04 3.052239463394050290e+03 3.678400000000000000e+04 5.192800000000000000e+04
2.853116706110002052e-02 9.899999999999985478e-01 1.443289932012703503e-15 4.283780999999999767e+04 2.909908777590803311e+03 3.715400000000000000e+04 5.150800000000000000e+04
3.138428376721002361e-02 9.899999999999985478e-01 1.443289932012703503e-15 4.292763999999999942e+04 3.079116712695379192e+03 3.592600000000000000e+04 5.184300000000000000e+04
3.452271214393103083e-02 9.899999999999985478e-01 1.443289932012703503e-15 4.149147000000000116e+04 2.812648330150785114e+03 3.408700000000000000e+04 4.798600000000000000e+04
3.797498335832413807e-02 9.899999999999985478e-01 1.443289932012703503e-15 4.078666999999999825e+04 2.701822366681422409e+03 3.411300000000000000e+04 4.771300000000000000e+04
4.177248169415655188e-02 9.899999999999985478e-01 1.443289932012703503e-15 3.981966999999999825e+04 3.190021708562497679e+03 3.208400000000000000e+04 4.907500000000000000e+04
4.594972986357220845e-02 9.899999999999985478e-01 1.443289932012703503e-15 3.975206999999999971e+04 3.016042921627608848e+03 3.383400000000000000e+04 4.754300000000000000e+04
5.054470284992943624e-02 9.899999999999985478e-01 1.443289932012703503e-15 3.865788999999999942e+04 2.572142227385570550e+03 3.303900000000000000e+04 4.630400000000000000e+04
5.559917313492238750e-02 9.899999999999985478e-01 1.443289932012703503e-15 3.789205000000000291e+04 2.470432676172334595e+03 3.265300000000000000e+04 4.461600000000000000e+04
6.115909044841463110e-02 9.899999999999985478e-01 1.443289932012703503e-15 3.700398999999999796e+04 2.475455269218169633e+03 3.225200000000000000e+04 4.485800000000000000e+04
6.727499949325610462e-02 9.899999999999985478e-01 1.443289932012703503e-15 3.645487999999999738e+04 2.780084319872330525e+03 3.143700000000000000e+04 4.575700000000000000e+04
7.400249944258172063e-02 9.899999999999985478e-01 1.443289932012703503e-15 3.556555999999999767e+04 2.327260919278283382e+03 2.986000000000000000e+04 4.168500000000000000e+04
8.140274938683990380e-02 9.899999999999985478e-01 1.443289932012703503e-15 3.499305000000000291e+04 2.519125869721479376e+03 2.977800000000000000e+04 4.294600000000000000e+04
8.954302432552389834e-02 9.899999999999985478e-01 1.443289932012703503e-15 3.462697000000000116e+04 2.438181172329078890e+03 2.926500000000000000e+04 4.347500000000000000e+04
9.849732675807629234e-02 9.899999999999985478e-01 1.443289932012703503e-15 3.348526000000000204e+04 2.281058331652217930e+03 2.847400000000000000e+04 3.874600000000000000e+04
1.083470594338839244e-01 9.899999999999985478e-01 1.443289932012703503e-15 3.304965000000000146e+04 2.155596865719562629e+03 2.827200000000000000e+04 4.028300000000000000e+04
1.191817653772723196e-01 9.899999999999985478e-01 1.443289932012703503e-15 3.262595000000000073e+04 2.046308913018754765e+03 2.823000000000000000e+04 3.948200000000000000e+04
1.310999419149995737e-01 9.899999999999985478e-01 1.443289932012703503e-15 3.177700000000000000e+04 2.522577534982819998e+03 2.746200000000000000e+04 4.071700000000000000e+04
1.442099361064995422e-01 9.899999999999985478e-01 1.443289932012703503e-15 3.137454000000000087e+04 2.295119602199415112e+03 2.646300000000000000e+04 3.749000000000000000e+04
1.586309297171495103e-01 9.899999999999985478e-01 1.443289932012703503e-15 3.129981000000000131e+04 2.173400854398470528e+03 2.669900000000000000e+04 3.858000000000000000e+04
1.744940226888644641e-01 9.899999999999985478e-01 1.443289932012703503e-15 3.050190000000000146e+04 2.122540998426178703e+03 2.518700000000000000e+04 3.735600000000000000e+04
1.919434249577509355e-01 9.899999999999985478e-01 1.443289932012703503e-15 2.996106999999999971e+04 1.840097569451141680e+03 2.554900000000000000e+04 3.766700000000000000e+04
2.111377674535260540e-01 9.899999999999985478e-01 1.443289932012703503e-15 2.961345999999999913e+04 2.329619133764143953e+03 2.579900000000000000e+04 3.847900000000000000e+04
2.322515441988786677e-01 9.899999999999985478e-01 1.443289932012703503e-15 2.898709999999999854e+04 2.339360654110434552e+03 2.556800000000000000e+04 3.723400000000000000e+04
2.554766986187665401e-01 9.899999999999985478e-01 1.443289932012703503e-15 2.894190999999999985e+04 2.039210460423346831e+03 2.527500000000000000e+04 3.715400000000000000e+04
2.810243684806432163e-01 9.899999999999985478e-01 1.443289932012703503e-15 2.829113999999999942e+04 1.989019436908548641e+03 2.367500000000000000e+04 3.436700000000000000e+04
3.091268053287075657e-01 9.899999999999985478e-01 1.443289932012703503e-15 2.789211000000000058e+04 1.799337866522015929e+03 2.419500000000000000e+04 3.279100000000000000e+04
3.400394858615783389e-01 9.899999999999985478e-01 1.443289932012703503e-15 2.766434000000000015e+04 2.105087661927645513e+03 2.415000000000000000e+04 3.884500000000000000e+04
3.740434344477361894e-01 9.899999999999985478e-01 1.443289932012703503e-15 2.731690999999999985e+04 2.143226054782835945e+03 2.382800000000000000e+04 3.400700000000000000e+04
4.114477778925098583e-01 9.899999999999985478e-01 1.443289932012703503e-15 2.669849000000000160e+04 1.748279311179996057e+03 2.354500000000000000e+04 3.401100000000000000e+04
4.525925556817608775e-01 9.899999999999985478e-01 1.443289932012703503e-15 2.563172999999999956e+04 1.594313813871033062e+03 2.271200000000000000e+04 3.065300000000000000e+04
4.978518112499369930e-01 9.899999999999985478e-01 1.443289932012703503e-15 2.610925999999999840e+04 1.992133477556159733e+03 2.321300000000000000e+04 3.393800000000000000e+04
5.476369923749306867e-01 9.899999999999985478e-01 1.443289932012703503e-15 2.622320000000000073e+04 2.269439468238798327e+03 2.277100000000000000e+04 3.300300000000000000e+04
6.024006916124238220e-01 9.899999999999985478e-01 1.443289932012703503e-15 2.573041999999999825e+04 1.804179687170875923e+03 2.305600000000000000e+04 3.130900000000000000e+04
6.626407607736662930e-01 9.899999999999985478e-01 1.443289932012703503e-15 2.566324000000000160e+04 2.069812513828245301e+03 2.258500000000000000e+04 3.375000000000000000e+04
7.289048368510330222e-01 9.899999999999985478e-01 1.443289932012703503e-15 2.566206999999999971e+04 1.965203807522263105e+03 2.289400000000000000e+04 3.163100000000000000e+04
8.017953205361363356e-01 9.899999999999985478e-01 1.443289932012703503e-15 2.579493999999999869e+04 2.160283378726041065e+03 2.223200000000000000e+04 3.598800000000000000e+04
8.819748525897500580e-01 9.899999999999985478e-01 1.443289932012703503e-15 2.587908000000000175e+04 1.971845250926147401e+03 2.218400000000000000e+04 3.258100000000000000e+04
9.701723378487251415e-01 9.899999999999985478e-01 1.443289932012703503e-15 2.543654000000000087e+04 1.822674795019670910e+03 2.176500000000000000e+04 3.048800000000000000e+04
9.801723378487251503e-01 9.899999999999985478e-01 1.443289932012703503e-15 2.545879999999999927e+04 1.748439944636360906e+03 2.241600000000000000e+04 3.240900000000000000e+04
9.901723378487251592e-01 9.899999999999985478e-01 1.443289932012703503e-15 2.540734999999999854e+04 1.741736773309905402e+03 2.255100000000000000e+04 3.195800000000000000e+04
1.000172337848725057e+00 9.899999999999985478e-01 1.443289932012703503e-15 2.556531000000000131e+04 2.005836691732405598e+03 2.220900000000000000e+04 3.291500000000000000e+04
