1.000000000000000021e-02 9.899999999999985478e-01 1.443289932012703503e-15 5.304301999999999680e+04 4.324054317373916092e+03 4.400900000000000000e+04 6.732000000000000000e+04
1.100000000000000110e-02 9.899999999999985478e-01 1.443289932012703503e-15 5.130552999999999884e+04 4.211462037000927012e+03 4.177700000000000000e+04 6.656300000000000000e+04
1.210000000000000138e-02 9.899999999999985478e-01 1.443289932012703503e-15 5.090736000000000058e+04 3.774621545320801943e+03 4.390700000000000000e+04 6.286800000000000000e+04
1.331000000000000238e-02 9.899999999999985478e-01 1.443289932012703503e-15 5.053319999999999709e+04 3.604683533959673696e+03 4.381200000000000000e+04 6.172100000000000000e+04
1.464100000000000297e-02 9.899999999999985478e-01 1.443289932012703503e-15 4.930373000000000320e+04 3.579998516354441108e+03 4.045100000000000000e+04 5.847800000000000000e+04
1.610510000000000413e-02 9.899999999999985478e-01 1.443289932012703503e-15 4.814494999999999709e+04 3.664884858696108950e+03 3.864300000000000000e+04 5.890900000000000000e+04
1.771561000000000663e-02 9.899999999999985478e-01 1.443289932012703503e-15 4.782863999999999942e+04 3.321835885530771066e+03 3.894200000000000000e+04 5.613200000000000000e+04
1.948717100000000799e-02 9.899999999999985478e-01 1.443289932012703503e-15 4.662062000000000262e+04 3.187023968469644387e+03 3.866400000000000000e+04 5.387000000000000000e+04
2.143588810000001191e-02 9.899999999999985478e-01 1.443289932012703503e-15 4.549147000000000116e+04 3.459059882265701617e+03 3.839800000000000000e+04 5.776000000000000000e+04
2.357947691000001483e-02 9.899999999999985478e-01 1.443289932012703503e-15 4.498540000000000146e+04 2.884379309314223974e+03 3.682900000000000000e+04 5.271900000000000000e+04
2.593742460100001770e-02 9.899999999999985478e-01 1.443289932012703503e-15 4.409804000000000087e+04 3.259650226389328054e+03 3.738400000000000000e+04 5.536400000000000000e+04
2.853116706110002052e-02 9.899999999999985478e-01 1.443289932012703503e-15 4.291612000000000262e+04 2.921125848983573178e+03 3.494900000000000000e+04 5.257200000000000000e+04
3.138428376721002361e-02 9.899999999999985478e-01 1.443289932012703503e-15 4.284061000000000058e+04 3.062944324975561813e+03 3.657900000000000000e+04 5.069600000000000000e+04
3.452271214393103083e-02 9.899999999999985478e-01 1.443289932012703503e-15 4.100647000000000116e+04 2.588397818941285095e+03 3.610200000000000000e+04 4.793300000000000000e+04
3.797498335832413807e-02 9.899999999999985478e-01 1.443289932012703503e-15 4.077506999999999971e+04 2.858773755493778026e+03 3.497700000000000000e+04 4.638000000000000000e+04
4.177248169415655188e-02 9.899999999999985478e-01 1.443289932012703503e-15 3.977708999999999651e+04 2.837683925651339450e+03 3.334600000000000000e+04 4.682400000000000000e+04
4.594972986357220845e-02 9.899999999999985478e-01 1.443289932012703503e-15 3.978887999999999738e+04 2.891852376176902908e+03 3.504200000000000000e+04 4.719000000000000000e+04
5.054470284992943624e-02 9.899999999999985478e-01 1.443289932012703503e-15 3.830962000000000262e+04 2.511950810744510818e+03 3.262400000000000000e+04 4.635600000000000000e+04
5.559917313492238750e-02 9.899999999999985478e-01 1.443289932012703503e-15 3.762120999999999913e+04 2.881255678675531726e+03 3.209900000000000000e+04 5.154600000000000000e+04
6.115909044841463110e-02 9.899999999999985478e-01 1.443289932012703503e-15 3.734504000000000087e+04 2.648569292731454425e+03 3.289300000000000000e+04 4.501700000000000000e+04
6.727499949325610462e-02 9.899999999999985478e-01 1.443289932012703503e-15 3.636461000000000058e+04 2.699293662775505254e+03 3.129600000000000000e+04 4.692000000000000000e+04
7.400249944258172063e-02 9.899999999999985478e-01 1.443289932012703503e-15 3.579751000000000204e+04 2.612427604719411192e+03 3.036100000000000000e+04 4.243600000000000000e+04
8.140274938683990380e-02 9.899999999999985478e-01 1.443289932012703503e-15 3.520569000000000233e+04 2.672563461154851211e+03 3.082300000000000000e+04 4.674100000000000000e+04
8.954302432552389834e-02 9.899999999999985478e-01 1.443289932012703503e-15 3.466654000000000087e+04 2.482270091750694519e+03 3.038600000000000000e+04 4.311500000000000000e+04
9.849732675807629234e-02 9.899999999999985478e-01 1.443289932012703503e-15 3.385183000000000175e+04 2.087206032259393396e+03 2.905000000000000000e+04 3.963100000000000000e+04
1.083470594338839244e-01 9.899999999999985478e-01 1.443289932012703503e-15 3.302090000000000146e+04 2.402337501268295910e+03 2.857100000000000000e+04 4.149900000000000000e+04
1.191817653772723196e-01 9.899999999999985478e-01 1.443289932012703503e-15 3.257454999999999927e+04 2.377064733552706457e+03 2.640100000000000000e+04 3.959600000000000000e+04
1.310999419149995737e-01 9.899999999999985478e-01 1.443289932012703503e-15 3.184386999999999898e+04 2.270805666079772436e+03 2.720300000000000000e+04 3.911800000000000000e+04
1.442099361064995422e-01 9.899999999999985478e-01 1.443289932012703503e-15 3.144300000000000000e+04 2.662722985967560362e+03 2.678700000000000000e+04 4.060100000000000000e+04
1.586309297171495103e-01 9.899999999999985478e-01 1.443289932012703503e-15 3.086329999999999927e+04 2.033807908825216600e+03 2.693200000000000000e+04 3.873900000000000000e+04
1.744940226888644641e-01 9.899999999999985478e-01 1.443289932012703503e-15 3.050708000000000175e+04 2.369233313458173598e+03 2.671100000000000000e+04 3.822700000000000000e+04
1.919434249577509355e-01 9.899999999999985478e-01 1.443289932012703503e-15 3.018331999999999971e+04 2.116708292987014374e+03 2.602800000000000000e+04 3.611700000000000000e+04
2.111377674535260540e-01 9.899999999999985478e-01 1.443289932012703503e-15 2.950711000000000058e+04 2.077998555798343205e+03 2.642200000000000000e+04 3.847000000000000000e+04
2.322515441988786677e-01 9.899999999999985478e-01 1.443289932012703503e-15 2.921661000000000058e+04 2.351235308917421662e+03 2.524000000000000000e+04 3.763900000000000000e+04
2.554766986187665401e-01 9.899999999999985478e-01 1.443289932012703503e-15 2.824254999999999927e+04 2.132263634614631428e+03 2.431700000000000000e+04 3.446500000000000000e+04
2.810243684806432163e-01 9.899999999999985478e-01 1.443289932012703503e-15 2.814047999999999956e+04 1.777666231214397612e+03 2.498600000000000000e+04 3.411000000000000000e+04
3.091268053287075657e-01 9.899999999999985478e-01 1.443289932012703503e-15 2.743665999999999985e+04 1.607826596496027605e+03 2.437400000000000000e+04 3.333100000000000000e+04
3.400394858615783389e-01 9.899999999999985478e-01 1.443289932012703503e-15 2.747915000000000146e+04 2.178612587749369141e+03 2.274600000000000000e+04 3.312600000000000000e+04
3.740434344477361894e-01 9.899999999999985478e-01 1.443289932012703503e-15 2.678984999999999854e+04 1.654691097304871619e+03 2.323500000000000000e+04 3.193900000000000000e+04
4.114477778925098583e-01 9.899999999999985478e-01 1.443289932012703503e-15 2.733027999999999884e+04 2.390178412085591845e+03 2.343100000000000000e+04 3.602700000000000000e+04
4.525925556817608775e-01 9.899999999999985478e-01 1.443289932012703503e-15 2.636204999999999927e+04 2.274615986820632770e+03 2.312600000000000000e+04 3.732000000000000000e+04
4.978518112499369930e-01 9.899999999999985478e-01 1.443289932012703503e-15 2.640820999999999913e+04 2.302822682253237872e+03 2.330300000000000000e+04 3.682400000000000000e+04
5.476369923749306867e-01 9.899999999999985478e-01 1.443289932012703503e-15 2.583409000000000015e+04 1.773675044054011323e+03 2.264200000000000000e+04 3.086500000000000000e+04
6.024006916124238220e-01 9.899999999999985478e-01 1.443289932012703503e-15 2.585697999999999956e+04 1.961923994348405131e+03 2.273000000000000000e+04 3.612000000000000000e+04
6.626407607736662930e-01 9.899999999999985478e-01 1.443289932012703503e-15 2.565684000000000015e+04 1.849478178946699472e+03 2.254700000000000000e+04 3.183400000000000000e+04
7.289048368510330222e-01 9.899999999999985478e-01 1.443289932012703503e-15 2.532686000000000058e+04 1.716508462082258347e+03 2.202000000000000000e+04 3.109400000000000000e+04
8.017953205361363356e-01 9.899999999999985478e-01 1.443289932012703503e-15 2.583624000000000160e+04 2.075930428121328077e+03 2.263400000000000000e+04 3.314700000000000000e+04
8.819748525897500580e-01 9.899999999999985478e-01 1.443289932012703503e-15 2.559265000000000146e+04 1.701996758956961003e+03 2.125800000000000000e+04 2.912900000000000000e+04
9.701723378487251415e-01 9.899999999999985478e-01 1.443289932012703503e-15 2.540538000000000102e+04 1.726416292671035080e+03 2.237700000000000000e+04 3.044400000000000000e+04
9.801723378487251503e-01 9.899999999999985478e-01 1.443289932012703503e-15 2.545118000000000029e+04 1.742097077547632125e+03 2.239300000000000000e+04 3.149600000000000000e+04
9.901723378487251592e-01 9.899999999999985478e-01 1.443289932012703503e-15 2.591265000000000146e+04 2.330138461014710174e+03 2.246600000000000000e+04 3.668600000000000000e+04
1.000172337848725057e+00 9.899999999999985478e-01 1.443289932012703503e-15 2.560366999999999825e+04 1.971427934543893343e+03 2.215600000000000000e+04 3.277800000000000000e+04
