1.000000000000000021e-02 9.899999999999985478e-01 1.443289932012703503e-15 5.595569999999999709e+04 4.016319560244179229e+03 4.551700000000000000e+04 6.827800000000000000e+04
1.100000000000000110e-02 9.899999999999985478e-01 1.443289932012703503e-15 5.474143000000000029e+04 3.870445205024868756e+03 4.737600000000000000e+04 6.697200000000000000e+04
1.210000000000000138e-02 9.899999999999985478e-01 1.443289932012703503e-15 5.395025000000000000e+04 3.499476319036892619e+03 4.442700000000000000e+04 6.332000000000000000e+04
1.331000000000000238e-02 9.899999999999985478e-01 1.443289932012703503e-15 5.219252999999999884e+04 3.989960339289101739e+03 4.408100000000000000e+04 6.646200000000000000e+04
1.464100000000000297e-02 9.899999999999985478e-01 1.443289932012703503e-15 5.196813999999999942e+04 3.605779716011504206e+03 4.437500000000000000e+04 6.245700000000000000e+04
1.610510000000000413e-02 9.899999999999985478e-01 1.443289932012703503e-15 5.151348999999999796e+04 3.562412737162835583e+03 4.408900000000000000e+04 5.940100000000000000e+04
1.771561000000000663e-02 9.899999999999985478e-01 1.443289932012703503e-15 5.029477999999999884e+04 3.647635602907724660e+03 4.280300000000000000e+04 6.544000000000000000e+04
1.948717100000000799e-02 9.899999999999985478e-01 1.443289932012703503e-15 4.950208000000000175e+04 3.568882135010906495e+03 4.238400000000000000e+04 6.330400000000000000e+04
2.143588810000001191e-02 9.899999999999985478e-01 1.443289932012703503e-15 4.873827999999999884e+04 3.720054319710935943e+03 4.168400000000000000e+04 6.183000000000000000e+04
2.357947691000001483e-02 9.899999999999985478e-01 1.443289932012703503e-15 4.751341999999999825e+04 3.201849703468293683e+03 4.125800000000000000e+04 5.561800000000000000e+04
2.593742460100001770e-02 9.899999999999985478e-01 1.443289932012703503e-15 4.731362999999999738e+04 3.448751178774717118e+03 3.962200000000000000e+04 5.802100000000000000e+04
2.853116706110002052e-02 9.899999999999985478e-01 1.443289932012703503e-15 4.585626000000000204e+04 3.032075908086734671e+03 4.020000000000000000e+04 5.293400000000000000e+04
3.138428376721002361e-02 9.899999999999985478e-01 1.443289932012703503e-15 4.580662000000000262e+04 3.252220065678213359e+03 3.964500000000000000e+04 5.459300000000000000e+04
3.452271214393103083e-02 9.899999999999985478e-01 1.443289932012703503e-15 4.482680000000000291e+04 2.817465960752675983e+03 3.860300000000000000e+04 5.299700000000000000e+04
3.797498335832413807e-02 9.899999999999985478e-01 1.443289932012703503e-15 4.424198999999999796e+04 3.270890387937204650e+03 3.781400000000000000e+04 5.676300000000000000e+04
4.177248169415655188e-02 9.899999999999985478e-01 1.443289932012703503e-15 4.339112000000000262e+04 3.262606823630454528e+03 3.555600000000000000e+04 5.327000000000000000e+04
4.594972986357220845e-02 9.899999999999985478e-01 1.443289932012703503e-15 4.227719000000000233e+04 3.204699520064245462e+03 3.674100000000000000e+04 5.356000000000000000e+04
5.054470284992943624e-02 9.899999999999985478e-01 1.443289932012703503e-15 4.160804000000000087e+04 2.479656568640100886e+03 3.711300000000000000e+04 4.903000000000000000e+04
5.559917313492238750e-02 9.899999999999985478e-01 1.443289932012703503e-15 4.093405999999999767e+04 3.222585504901305740e+03 3.414800000000000000e+04 5.144800000000000000e+04
6.115909044841463110e-02 9.899999999999985478e-01 1.443289932012703503e-15 3.995362000000000262e+04 2.557524673507569332e+03 3.449000000000000000e+04 4.656100000000000000e+04
6.727499949325610462e-02 9.899999999999985478e-01 1.443289932012703503e-15 3.946734999999999854e+04 2.797913781284190918e+03 3.413800000000000000e+04 4.721700000000000000e+04
7.400249944258172063e-02 9.899999999999985478e-01 1.443289932012703503e-15 3.899440000000000146e+04 2.619222277700003815e+03 3.402800000000000000e+04 4.649100000000000000e+04
8.140274938683990380e-02 9.899999999999985478e-01 1.443289932012703503e-15 3.818681999999999971e+04 2.495778108646680721e+03 3.315700000000000000e+04 4.536000000000000000e+04
8.954302432552389834e-02 9.899999999999985478e-01 1.443289932012703503e-15 3.779320999999999913e+04 2.508097447448961702e+03 3.393700000000000000e+04 4.613200000000000000e+04
9.849732675807629234e-02 9.899999999999985478e-01 1.443289932012703503e-15 3.705341999999999825e+04 2.760810359948687619e+03 3.248900000000000000e+04 4.619200000000000000e+04
1.083470594338839244e-01 9.899999999999985478e-01 1.443289932012703503e-15 3.607666999999999825e+04 2.150319455592586564e+03 3.135700000000000000e+04 4.417100000000000000e+04
1.191817653772723196e-01 9.899999999999985478e-01 1.443289932012703503e-15 3.580380999999999767e+04 2.286860449152943147e+03 2.993900000000000000e+04 4.192400000000000000e+04
1.310999419149995737e-01 9.899999999999985478e-01 1.443289932012703503e-15 3.530276000000000204e+04 2.223388958864372398e+03 3.123000000000000000e+04 4.492200000000000000e+04
1.442099361064995422e-01 9.899999999999985478e-01 1.443289932012703503e-15 3.453961000000000058e+04 2.162304941006239915e+03 3.031200000000000000e+04 4.140900000000000000e+04
1.586309297171495103e-01 9.899999999999985478e-01 1.443289932012703503e-15 3.419644999999999709e+04 2.217543480407993684e+03 2.941100000000000000e+04 4.070700000000000000e+04
1.744940226888644641e-01 9.899999999999985478e-01 1.443289932012703503e-15 3.318684999999999854e+04 2.303201608088184457e+03 2.841200000000000000e+04 4.320100000000000000e+04
1.919434249577509355e-01 9.899999999999985478e-01 1.443289932012703503e-15 3.289458000000000175e+04 2.065295103272168490e+03 2.897000000000000000e+04 3.787800000000000000e+04
2.111377674535260540e-01 9.899999999999985478e-01 1.443289932012703503e-15 3.264975999999999840e+04 2.296064132902214624e+03 2.893900000000000000e+04 3.920100000000000000e+04
2.322515441988786677e-01 9.899999999999985478e-01 1.443289932012703503e-15 3.189068999999999869e+04 2.023364290952076772e+03 2.698400000000000000e+04 3.814300000000000000e+04
2.554766986187665401e-01 9.899999999999985478e-01 1.443289932012703503e-15 3.169338999999999942e+04 2.148433340343609416e+03 2.748900000000000000e+04 4.362700000000000000e+04
2.810243684806432163e-01 9.899999999999985478e-01 1.443289932012703503e-15 3.116440999999999985e+04 2.126850728636121403e+03 2.745700000000000000e+04 3.732400000000000000e+04
3.091268053287075657e-01 9.899999999999985478e-01 1.443289932012703503e-15 3.094970999999999913e+04 2.156973821329318071e+03 2.748400000000000000e+04 3.990600000000000000e+04
3.400394858615783389e-01 9.899999999999985478e-01 1.443289932012703503e-15 3.045761000000000058e+04 2.207698996217554850e+03 2.626500000000000000e+04 3.932100000000000000e+04
3.740434344477361894e-01 9.899999999999985478e-01 1.443289932012703503e-15 2.993808000000000175e+04 2.330910571772327785e+03 2.604000000000000000e+04 3.788900000000000000e+04
4.114477778925098583e-01 9.899999999999985478e-01 1.443289932012703503e-15 2.953300999999999840e+04 2.118332969554125611e+03 2.539400000000000000e+04 3.912900000000000000e+04
4.525925556817608775e-01 9.899999999999985478e-01 1.443289932012703503e-15 2.950263999999999942e+04 2.029114947557185587e+03 2.619800000000000000e+04 3.591600000000000000e+04
4.978518112499369930e-01 9.899999999999985478e-01 1.443289932012703503e-15 2.935990000000000146e+04 2.227561857726963353e+03 2.507800000000000000e+04 3.774600000000000000e+04
5.476369923749306867e-01 9.899999999999985478e-01 1.443289932012703503e-15 2.894993000000000029e+04 1.693339819734952243e+03 2.573200000000000000e+04 3.495300000000000000e+04
6.024006916124238220e-01 9.899999999999985478e-01 1.443289932012703503e-15 2.911040000000000146e+04 2.057000004861448815e+03 2.540500000000000000e+04 3.420000000000000000e+04
6.626407607736662930e-01 9.899999999999985478e-01 1.443289932012703503e-15 2.835363000000000102e+04 2.046201767446211534e+03 2.485500000000000000e+04 3.548500000000000000e+04
7.289048368510330222e-01 9.899999999999985478e-01 1.443289932012703503e-15 2.851854000000000087e+04 2.048994287058897498e+03 2.451600000000000000e+04 3.437900000000000000e+04
8.017953205361363356e-01 9.899999999999985478e-01 1.443289932012703503e-15 2.835934000000000015e+04 1.690098093129508925e+03 2.453500000000000000e+04 3.611500000000000000e+04
8.819748525897500580e-01 9.899999999999985478e-01 1.443289932012703503e-15 2.859352999999999884e+04 2.041173747896047871e+03 2.540600000000000000e+04 3.642900000000000000e+04
9.701723378487251415e-01 9.899999999999985478e-01 1.443289932012703503e-15 2.810656000000000131e+04 1.659437201704240806e+03 2.536500000000000000e+04 3.284400000000000000e+04
9.801723378487251503e-01 9.899999999999985478e-01 1.443289932012703503e-15 2.831788999999999942e+04 1.781508017916281915e+03 2.506600000000000000e+04 3.311600000000000000e+04
9.901723378487251592e-01 9.899999999999985478e-01 1.443289932012703503e-15 2.831733000000000175e+04 1.548042228461484683e+03 2.476700000000000000e+04 3.248100000000000000e+04
1.000172337848725057e+00 9.899999999999985478e-01 1.443289932012703503e-15 2.807022999999999956e+04 1.504165029875379105e+03 2.455600000000000000e+04 3.186400000000000000e+04
