1.000000000000000021e-02 9.899999999999985478e-01 1.443289932012703503e-15 5.369122000000000116e+04 3.765274116395777583e+03 4.631100000000000000e+04 6.572800000000000000e+04
1.100000000000000110e-02 9.899999999999985478e-01 1.443289932012703503e-15 5.293166999999999825e+04 3.901429756012531470e+03 4.158500000000000000e+04 6.360900000000000000e+04
1.210000000000000138e-02 9.899999999999985478e-01 1.443289932012703503e-15 5.132719999999999709e+04 3.764748150939183233e+03 4.319900000000000000e+04 5.972900000000000000e+04
1.331000000000000238e-02 9.899999999999985478e-01 1.443289932012703503e-15 5.053431999999999971e+04 3.966404699170269396e+03 3.878100000000000000e+04 6.056300000000000000e+04
1.464100000000000297e-02 9.899999999999985478e-01 1.443289932012703503e-15 5.012469000000000233e+04 3.737395886697045626e+03 4.185000000000000000e+04 6.159100000000000000e+04
1.610510000000000413e-02 9.899999999999985478e-01 1.443289932012703503e-15 5.012836000000000058e+04 4.213322716146960374e+03 4.207000000000000000e+04 7.332900000000000000e+04
1.771561000000000663e-02 9.899999999999985478e-01 1.443289932012703503e-15 4.792841999999999825e+04 3.611088681215125689e+03 4.089700000000000000e+04 5.943400000000000000e+04
1.948717100000000799e-02 9.899999999999985478e-01 1.443289932012703503e-15 4.728159999999999854e+04 3.442156216675820815e+03 3.864900000000000000e+04 5.824600000000000000e+04
2.143588810000001191e-02 9.899999999999985478e-01 1.443289932012703503e-15 4.588538999999999942e+04 3.375371386662510758e+03 3.878000000000000000e+04 5.752600000000000000e+04
2.357947691000001483e-02 9.899999999999985478e-01 1.443289932012703503e-15 4.593393000000000029e+04 3.717624373857585397e+03 3.900600000000000000e+04 5.579400000000000000e+04
2.593742460100001770e-02 9.899999999999985478e-01 1.443289932012703503e-15 4.549434999999999854e+04 3.425617495795465402e+03 3.896400000000000000e+04 5.887100000000000000e+04
2.853116706110002052e-02 9.899999999999985478e-01 1.443289932012703503e-15 4.443834999999999854e+04 3.311250489996189117e+03 3.813400000000000000e+04 5.234500000000000000e+04
3.138428376721002361e-02 9.899999999999985478e-01 1.443289932012703503e-15 4.340548000000000320e+04 2.881581116262389969e+03 3.562000000000000000e+04 5.175900000000000000e+04
3.452271214393103083e-02 9.899999999999985478e-01 1.443289932012703503e-15 4.214205999999999767e+04 3.058138887689701278e+03 3.540700000000000000e+04 5.057700000000000000e+04
3.797498335832413807e-02 9.899999999999985478e-01 1.443289932012703503e-15 4.169737999999999738e+04 2.950497625079538921e+03 3.266700000000000000e+04 4.950700000000000000e+04
4.177248169415655188e-02 9.899999999999985478e-01 1.443289932012703503e-15 4.096273999999999796e+04 2.964391214465459598e+03 3.460600000000000000e+04 4.860800000000000000e+04
4.594972986357220845e-02 9.899999999999985478e-01 1.443289932012703503e-15 3.978434999999999854e+04 2.745118902251776490e+03 3.285300000000000000e+04 4.781600000000000000e+04
5.054470284992943624e-02 9.899999999999985478e-01 1.443289932012703503e-15 3.965130000000000291e+04 2.795627845404320396e+03 3.396100000000000000e+04 4.793100000000000000e+04
5.559917313492238750e-02 9.899999999999985478e-01 1.443289932012703503e-15 3.882101000000000204e+04 2.891014588323621865e+03 3.371200000000000000e+04 4.711400000000000000e+04
6.115909044841463110e-02 9.899999999999985478e-01 1.443289932012703503e-15 3.795533000000000175e+04 2.791269933399491038e+03 3.163700000000000000e+04 4.780200000000000000e+04
6.727499949325610462e-02 9.899999999999985478e-01 1.443289932012703503e-15 3.732465000000000146e+04 2.666686083418894668e+03 3.182600000000000000e+04 4.592900000000000000e+04
7.400249944258172063e-02 9.899999999999985478e-01 1.443289932012703503e-15 3.669626999999999680e+04 2.734614816953202990e+03 3.168100000000000000e+04 4.485000000000000000e+04
8.140274938683990380e-02 9.899999999999985478e-01 1.443289932012703503e-15 3.581069000000000233e+04 2.656872637877096622e+03 3.180400000000000000e+04 4.334100000000000000e+04
8.954302432552389834e-02 9.899999999999985478e-01 1.443289932012703503e-15 3.549791000000000349e+04 2.902416310920953947e+03 3.108500000000000000e+04 4.800200000000000000e+04
9.849732675807629234e-02 9.899999999999985478e-01 1.443289932012703503e-15 3.459713999999999942e+04 2.430546609386455657e+03 3.001600000000000000e+04 4.182800000000000000e+04
1.083470594338839244e-01 9.899999999999985478e-01 1.443289932012703503e-15 3.400190000000000146e+04 2.630473993408792467e+03 2.896100000000000000e+04 4.197400000000000000e+04
1.191817653772723196e-01 9.899999999999985478e-01 1.443289932012703503e-15 3.378676999999999680e+04 2.464845361701216461e+03 2.852000000000000000e+04 4.172900000000000000e+04
1.310999419149995737e-01 9.899999999999985478e-01 1.443289932012703503e-15 3.258322999999999956e+04 2.164274889449119655e+03 2.839200000000000000e+04 3.996600000000000000e+04
1.442099361064995422e-01 9.899999999999985478e-01 1.443289932012703503e-15 3.255645000000000073e+04 2.088941954076273305e+03 2.807400000000000000e+04 3.861900000000000000e+04
1.586309297171495103e-01 9.899999999999985478e-01 1.443289932012703503e-15 3.202072999999999956e+04 2.456035719833894291e+03 2.712600000000000000e+04 3.966500000000000000e+04
1.744940226888644641e-01 9.899999999999985478e-01 1.443289932012703503e-15 3.148963000000000102e+04 2.495440232323747296e+03 2.705600000000000000e+04 3.923700000000000000e+04
1.919434249577509355e-01 9.899999999999985478e-01 1.443289932012703503e-15 3.108095999999999913e+04 2.020957460809108852e+03 2.689100000000000000e+04 3.608600000000000000e+04
2.111377674535260540e-01 9.899999999999985478e-01 1.443289932012703503e-15 3.041563999999999942e+04 2.187352493403841436e+03 2.689600000000000000e+04 3.683000000000000000e+04
2.322515441988786677e-01 9.899999999999985478e-01 1.443289932012703503e-15 2.995243999999999869e+04 2.302988954901868510e+03 2.630900000000000000e+04 3.681800000000000000e+04
2.554766986187665401e-01 9.899999999999985478e-01 1.443289932012703503e-15 2.965450999999999840e+04 2.087835886725774344e+03 2.523500000000000000e+04 3.572500000000000000e+04
2.810243684806432163e-01 9.899999999999985478e-01 1.443289932012703503e-15 2.853613999999999942e+04 1.983517259919862681e+03 2.494000000000000000e+04 3.542100000000000000e+04
3.091268053287075657e-01 9.899999999999985478e-01 1.443289932012703503e-15 2.840302999999999884e+04 1.782447437962757931e+03 2.512100000000000000e+04 3.394100000000000000e+04
3.400394858615783389e-01 9.899999999999985478e-01 1.443289932012703503e-15 2.833715000000000146e+04 1.686832785874166575e+03 2.497700000000000000e+04 3.552900000000000000e+04
3.740434344477361894e-01 9.899999999999985478e-01 1.443289932012703503e-15 2.793240000000000146e+04 2.054370351226867115e+03 2.412900000000000000e+04 3.723700000000000000e+04
4.114477778925098583e-01 9.899999999999985478e-01 1.443289932012703503e-15 2.793900999999999840e+04 2.155884317374194779e+03 2.440200000000000000e+04 3.771400000000000000e+04
4.525925556817608775e-01 9.899999999999985478e-01 1.443289932012703503e-15 2.750831000000000131e+04 2.098421633966824629e+03 2.411400000000000000e+04 3.683700000000000000e+04
4.978518112499369930e-01 9.899999999999985478e-01 1.443289932012703503e-15 2.706781999999999971e+04 2.063857123833915011e+03 2.261900000000000000e+04 3.315600000000000000e+04
5.476369923749306867e-01 9.899999999999985478e-01 1.443289932012703503e-15 2.662191999999999825e+04 1.753453054290305317e+03 2.251100000000000000e+04 3.183400000000000000e+04
6.024006916124238220e-01 9.899999999999985478e-01 1.443289932012703503e-15 2.631608000000000175e+04 1.890458334267116470e+03 2.335400000000000000e+04 3.723500000000000000e+04
6.626407607736662930e-01 9.899999999999985478e-01 1.443289932012703503e-15 2.669533000000000175e+04 2.385100593497054888e+03 2.338100000000000000e+04 4.022500000000000000e+04
7.289048368510330222e-01 9.899999999999985478e-01 1.443289932012703503e-15 2.653858000000000175e+04 2.024361574324111871e+03 2.308200000000000000e+04 3.286000000000000000e+04
8.017953205361363356e-01 9.899999999999985478e-01 1.443289932012703503e-15 2.613827000000000044e+04 1.833020921075370325e+03 2.337100000000000000e+04 3.192400000000000000e+04
8.819748525897500580e-01 9.899999999999985478e-01 1.443289932012703503e-15 2.634058000000000175e+04 2.180400220968618214e+03 2.298800000000000000e+04 3.971900000000000000e+04
9.701723378487251415e-01 9.899999999999985478e-01 1.443289932012703503e-15 2.650918999999999869e+04 1.905913296532662571e+03 2.323100000000000000e+04 3.124200000000000000e+04
9.801723378487251503e-01 9.899999999999985478e-01 1.443289932012703503e-15 2.591318999999999869e+04 1.674312764658980768e+03 2.298000000000000000e+04 3.169400000000000000e+04
9.901723378487251592e-01 9.899999999999985478e-01 1.443289932012703503e-15 2.642527999999999884e+04 2.017364617911199502e+03 2.237800000000000000e+04 3.317800000000000000e+04
1.000172337848725057e+00 9.899999999999985478e-01 1.443289932012703503e-15 2.640093000000000029e+04 1.730540807117821259e+03 2.300800000000000000e+04 3.109900000000000000e+04
