1.000000000000000021e-02 9.899999999999985478e-01 1.443289932012703503e-15 5.640665000000000146e+04 3.880055449023893289e+03 4.841600000000000000e+04 6.545700000000000000e+04
1.100000000000000110e-02 9.899999999999985478e-01 1.443289932012703503e-15 5.535004000000000087e+04 3.886432657129156269e+03 4.521100000000000000e+04 6.660500000000000000e+04
1.210000000000000138e-02 9.899999999999985478e-01 1.443289932012703503e-15 5.473223000000000320e+04 4.079840285734234840e+03 4.670200000000000000e+04 6.671000000000000000e+04
1.331000000000000238e-02 9.899999999999985478e-01 1.443289932012703503e-15 5.314243000000000029e+04 3.418194573908863731e+03 4.460000000000000000e+04 6.117300000000000000e+04
1.464100000000000297e-02 9.899999999999985478e-01 1.443289932012703503e-15 5.280900000000000000e+04 3.722489545989350518e+03 4.624900000000000000e+04 6.378700000000000000e+04
1.610510000000000413e-02 9.899999999999985478e-01 1.443289932012703503e-15 5.173711000000000058e+04 3.684177058435166600e+03 4.368500000000000000e+04 6.179800000000000000e+04
1.771561000000000663e-02 9.899999999999985478e-01 1.443289932012703503e-15 5.128905000000000291e+04 3.984965258004138832e+03 4.412700000000000000e+04 6.211700000000000000e+04
1.948717100000000799e-02 9.899999999999985478e-01 1.443289932012703503e-15 5.070338999999999942e+04 3.735613791319975462e+03 4.260700000000000000e+04 6.261100000000000000e+04
2.143588810000001191e-02 9.899999999999985478e-01 1.443289932012703503e-15 4.915011000000000058e+04 3.542720911658157092e+03 4.267500000000000000e+04 6.106200000000000000e+04
2.357947691000001483e-02 9.899999999999985478e-01 1.443289932012703503e-15 4.828270999999999913e+04 3.097356002447894753e+03 4.247600000000000000e+04 5.983300000000000000e+04
2.593742460100001770e-02 9.899999999999985478e-01 1.443289932012703503e-15 4.725650000000000000e+04 2.841296515677306161e+03 4.074000000000000000e+04 5.608600000000000000e+04
2.853116706110002052e-02 9.899999999999985478e-01 1.443289932012703503e-15 4.591495999999999913e+04 2.916444948631809439e+03 3.962900000000000000e+04 5.339000000000000000e+04
3.138428376721002361e-02 9.899999999999985478e-01 1.443289932012703503e-15 4.607105000000000291e+04 2.949405215886756196e+03 4.029200000000000000e+04 5.416200000000000000e+04
3.452271214393103083e-02 9.899999999999985478e-01 1.443289932012703503e-15 4.510256999999999971e+04 2.882490455335455408e+03 3.938600000000000000e+04 5.515400000000000000e+04
3.797498335832413807e-02 9.899999999999985478e-01 1.443289932012703503e-15 4.427798000000000320e+04 2.994487919427961515e+03 3.807200000000000000e+04 5.368600000000000000e+04
4.177248169415655188e-02 9.899999999999985478e-01 1.443289932012703503e-15 4.413852999999999884e+04 3.381730753489993276e+03 3.731400000000000000e+04 5.633700000000000000e+04
4.594972986357220845e-02 9.899999999999985478e-01 1.443289932012703503e-15 4.286234999999999854e+04 2.968919215387983968e+03 3.662900000000000000e+04 5.142800000000000000e+04
5.054470284992943624e-02 9.899999999999985478e-01 1.443289932012703503e-15 4.204536000000000058e+04 2.780357626349531074e+03 3.709700000000000000e+04 5.211200000000000000e+04
5.559917313492238750e-02 9.899999999999985478e-01 1.443289932012703503e-15 4.156298999999999796e+04 3.128778651470890509e+03 3.568400000000000000e+04 5.349700000000000000e+04
6.115909044841463110e-02 9.899999999999985478e-01 1.443289932012703503e-15 4.104986000000000058e+04 2.703155715159598458e+03 3.612100000000000000e+04 4.997000000000000000e+04
6.727499949325610462e-02 9.899999999999985478e-01 1.443289932012703503e-15 3.993930000000000291e+04 2.250092853639600435e+03 3.578700000000000000e+04 4.545400000000000000e+04
7.400249944258172063e-02 9.899999999999985478e-01 1.443289932012703503e-15 3.899194999999999709e+04 2.545849993126067602e+03 3.382600000000000000e+04 4.775100000000000000e+04
8.140274938683990380e-02 9.899999999999985478e-01 1.443289932012703503e-15 3.892108000000000175e+04 2.804899947163890829e+03 3.382500000000000000e+04 4.771400000000000000e+04
8.954302432552389834e-02 9.899999999999985478e-01 1.443289932012703503e-15 3.818584999999999854e+04 2.688849175297862530e+03 3.307300000000000000e+04 4.642200000000000000e+04
9.849732675807629234e-02 9.899999999999985478e-01 1.443289932012703503e-15 3.755573000000000320e+04 2.493934994561806889e+03 3.262100000000000000e+04 4.384600000000000000e+04
1.083470594338839244e-01 9.899999999999985478e-01 1.443289932012703503e-15 3.706766999999999825e+04 2.579320569665585481e+03 3.242500000000000000e+04 4.528800000000000000e+04
1.191817653772723196e-01 9.899999999999985478e-01 1.443289932012703503e-15 3.633273999999999796e+04 2.548025449715916693e+03 3.176600000000000000e+04 4.518300000000000000e+04
1.310999419149995737e-01 9.899999999999985478e-01 1.443289932012703503e-15 3.569088999999999942e+04 2.161129495865530316e+03 3.101700000000000000e+04 4.244700000000000000e+04
1.442099361064995422e-01 9.899999999999985478e-01 1.443289932012703503e-15 3.480493000000000029e+04 2.077647483357078272e+03 3.070100000000000000e+04 4.134000000000000000e+04
1.586309297171495103e-01 9.899999999999985478e-01 1.443289932012703503e-15 3.517294000000000233e+04 2.333284062517891925e+03 3.122700000000000000e+04 4.296700000000000000e+04
1.744940226888644641e-01 9.899999999999985478e-01 1.443289932012703503e-15 3.437623999999999796e+04 2.162807541692047835e+03 2.990700000000000000e+04 4.067200000000000000e+04
1.919434249577509355e-01 9.899999999999985478e-01 1.443289932012703503e-15 3.350777999999999884e+04 2.176928673980844451e+03 2.919900000000000000e+04 4.169300000000000000e+04
2.111377674535260540e-01 9.899999999999985478e-01 1.443289932012703503e-15 3.315608000000000175e+04 2.362163456156241409e+03 2.911900000000000000e+04 3.971500000000000000e+04
2.322515441988786677e-01 9.899999999999985478e-01 1.443289932012703503e-15 3.236070000000000073e+04 2.143880638002031901e+03 2.847600000000000000e+04 3.932600000000000000e+04
2.554766986187665401e-01 9.899999999999985478e-01 1.443289932012703503e-15 3.218813999999999942e+04 2.074167245040765920e+03 2.833700000000000000e+04 4.009400000000000000e+04
2.810243684806432163e-01 9.899999999999985478e-01 1.443289932012703503e-15 3.177170000000000073e+04 1.993647433725432165e+03 2.824500000000000000e+04 3.905900000000000000e+04
3.091268053287075657e-01 9.899999999999985478e-01 1.443289932012703503e-15 3.125861999999999898e+04 1.871087580953921815e+03 2.863800000000000000e+04 3.808400000000000000e+04
3.400394858615783389e-01 9.899999999999985478e-01 1.443289932012703503e-15 3.100022000000000116e+04 2.137130817615056912e+03 2.785400000000000000e+04 3.674500000000000000e+04
3.740434344477361894e-01 9.899999999999985478e-01 1.443289932012703503e-15 3.090204999999999927e+04 1.710202598378332368e+03 2.767200000000000000e+04 3.496300000000000000e+04
4.114477778925098583e-01 9.899999999999985478e-01 1.443289932012703503e-15 3.043715999999999985e+04 1.975032580592026761e+03 2.681600000000000000e+04 3.688800000000000000e+04
4.525925556817608775e-01 9.899999999999985478e-01 1.443289932012703503e-15 3.026738999999999942e+04 1.782626864461545438e+03 2.687700000000000000e+04 3.527700000000000000e+04
4.978518112499369930e-01 9.899999999999985478e-01 1.443289932012703503e-15 3.005902999999999884e+04 2.376000557470473268e+03 2.585900000000000000e+04 4.421300000000000000e+04
5.476369923749306867e-01 9.899999999999985478e-01 1.443289932012703503e-15 2.952516999999999825e+04 1.846596588619181830e+03 2.632100000000000000e+04 3.557700000000000000e+04
6.024006916124238220e-01 9.899999999999985478e-01 1.443289932012703503e-15 2.967811999999999898e+04 1.843125857232760836e+03 2.673300000000000000e+04 3.677500000000000000e+04
6.626407607736662930e-01 9.899999999999985478e-01 1.443289932012703503e-15 2.918190999999999985e+04 1.552547751890420841e+03 2.619500000000000000e+04 3.338000000000000000e+04
7.289048368510330222e-01 9.899999999999985478e-01 1.443289932012703503e-15 2.921229000000000087e+04 1.870788701564129269e+03 2.558100000000000000e+04 3.449100000000000000e+04
8.017953205361363356e-01 9.899999999999985478e-01 1.443289932012703503e-15 2.925593999999999869e+04 1.911925232952377200e+03 2.533900000000000000e+04 3.587800000000000000e+04
8.819748525897500580e-01 9.899999999999985478e-01 1.443289932012703503e-15 2.938218999999999869e+04 1.712912424468921699e+03 2.572700000000000000e+04 3.540100000000000000e+04
9.701723378487251415e-01 9.899999999999985478e-01 1.443289932012703503e-15 2.934688000000000102e+04 1.863852436648352295e+03 2.557400000000000000e+04 3.510600000000000000e+04
9.801723378487251503e-01 9.899999999999985478e-01 1.443289932012703503e-15 2.909645999999999913e+04 1.946524679627772002e+03 2.586100000000000000e+04 3.539000000000000000e+04
9.901723378487251592e-01 9.899999999999985478e-01 1.443289932012703503e-15 2.920365999999999985e+04 2.080005467396660606e+03 2.635000000000000000e+04 3.990300000000000000e+04
1.000172337848725057e+00 9.899999999999985478e-01 1.443289932012703503e-15 2.941138000000000102e+04 2.098429058986746440e+03 2.585100000000000000e+04 3.568600000000000000e+04
