1.000000000000000021e-02 9.899999999999985478e-01 1.443289932012703503e-15 5.506893000000000029e+04 3.626517401736823558e+03 4.690100000000000000e+04 6.316100000000000000e+04
1.100000000000000110e-02 9.899999999999985478e-01 1.443289932012703503e-15 5.312101000000000204e+04 3.685415440611818667e+03 4.609100000000000000e+04 6.550300000000000000e+04
1.210000000000000138e-02 9.899999999999985478e-01 1.443289932012703503e-15 5.249604000000000087e+04 3.538292686932498782e+03 4.282000000000000000e+04 6.120100000000000000e+04
1.331000000000000238e-02 9.899999999999985478e-01 1.443289932012703503e-15 5.204473999999999796e+04 3.589814601396567014e+03 4.508600000000000000e+04 6.042600000000000000e+04
1.464100000000000297e-02 9.899999999999985478e-01 1.443289932012703503e-15 5.131451999999999680e+04 4.002086584470655453e+03 4.183100000000000000e+04 6.440500000000000000e+04
1.610510000000000413e-02 9.899999999999985478e-01 1.443289932012703503e-15 5.074429000000000087e+04 3.131102305243314277e+03 4.314300000000000000e+04 6.137000000000000000e+04
1.771561000000000663e-02 9.899999999999985478e-01 1.443289932012703503e-15 5.019273999999999796e+04 3.656282282920727084e+03 4.331100000000000000e+04 6.188300000000000000e+04
1.948717100000000799e-02 9.899999999999985478e-01 1.443289932012703503e-15 4.836147000000000116e+04 3.284192903758852026e+03 4.116700000000000000e+04 5.583700000000000000e+04
2.143588810000001191e-02 9.899999999999985478e-01 1.443289932012703503e-15 4.778548000000000320e+04 3.333360623994949492e+03 4.015500000000000000e+04 5.611200000000000000e+04
2.357947691000001483e-02 9.899999999999985478e-01 1.443289932012703503e-15 4.673780999999999767e+04 3.264567149546780911e+03 4.019600000000000000e+04 5.726600000000000000e+04
2.593742460100001770e-02 9.899999999999985478e-01 1.443289932012703503e-15 4.610968000000000029e+04 3.280076773125897489e+03 3.848900000000000000e+04 5.438800000000000000e+04
2.853116706110002052e-02 9.899999999999985478e-01 1.443289932012703503e-15 4.488943000000000029e+04 2.924626811253018332e+03 3.682000000000000000e+04 5.314100000000000000e+04
3.138428376721002361e-02 9.899999999999985478e-01 1.443289932012703503e-15 4.431612999999999738e+04 3.368347920435179731e+03 3.743700000000000000e+04 5.322000000000000000e+04
3.452271214393103083e-02 9.899999999999985478e-01 1.443289932012703503e-15 4.333977999999999884e+04 2.980935875123784626e+03 3.731300000000000000e+04 5.315700000000000000e+04
3.797498335832413807e-02 9.899999999999985478e-01 1.443289932012703503e-15 4.292825000000000000e+04 2.756784392639366160e+03 3.748000000000000000e+04 4.906800000000000000e+04
4.177248169415655188e-02 9.899999999999985478e-01 1.443289932012703503e-15 4.196930000000000291e+04 3.079497178112037091e+03 3.537900000000000000e+04 4.935200000000000000e+04
4.594972986357220845e-02 9.899999999999985478e-01 1.443289932012703503e-15 4.114062000000000262e+04 3.416684286790338319e+03 3.516700000000000000e+04 5.547200000000000000e+04
5.054470284992943624e-02 9.899999999999985478e-01 1.443289932012703503e-15 4.078302999999999884e+04 3.263021457039472352e+03 3.535100000000000000e+04 5.910400000000000000e+04
5.559917313492238750e-02 9.899999999999985478e-01 1.443289932012703503e-15 3.958047000000000116e+04 2.726013288503927470e+03 3.465400000000000000e+04 4.905100000000000000e+04
6.115909044841463110e-02 9.899999999999985478e-01 1.443289932012703503e-15 3.946762999999999738e+04 3.135484034897960555e+03 3.278900000000000000e+04 4.987700000000000000e+04
6.727499949325610462e-02 9.899999999999985478e-01 1.443289932012703503e-15 3.850544000000000233e+04 2.671887539998642751e+03 3.221400000000000000e+04 4.544800000000000000e+04
7.400249944258172063e-02 9.899999999999985478e-01 1.443289932012703503e-15 3.774076999999999680e+04 2.319121195000382158e+03 3.303100000000000000e+04 4.414300000000000000e+04
8.140274938683990380e-02 9.899999999999985478e-01 1.443289932012703503e-15 3.694559999999999854e+04 2.186226374372059581e+03 3.136300000000000000e+04 4.356800000000000000e+04
8.954302432552389834e-02 9.899999999999985478e-01 1.443289932012703503e-15 3.632908999999999651e+04 2.091052037109550383e+03 3.118100000000000000e+04 4.139100000000000000e+04
9.849732675807629234e-02 9.899999999999985478e-01 1.443289932012703503e-15 3.640584999999999854e+04 2.415881782600298720e+03 3.032100000000000000e+04 4.348600000000000000e+04
1.083470594338839244e-01 9.899999999999985478e-01 1.443289932012703503e-15 3.534433000000000175e+04 2.288453119707720816e+03 3.075600000000000000e+04 4.026500000000000000e+04
1.191817653772723196e-01 9.899999999999985478e-01 1.443289932012703503e-15 3.465137999999999738e+04 2.352920265457374171e+03 3.035900000000000000e+04 4.191900000000000000e+04
1.310999419149995737e-01 9.899999999999985478e-01 1.443289932012703503e-15 3.366858999999999651e+04 2.157117948073308071e+03 2.985300000000000000e+04 3.904000000000000000e+04
1.442099361064995422e-01 9.899999999999985478e-01 1.443289932012703503e-15 3.351665000000000146e+04 2.501110966650620412e+03 2.917600000000000000e+04 4.146900000000000000e+04
1.586309297171495103e-01 9.899999999999985478e-01 1.443289932012703503e-15 3.309583999999999651e+04 2.019502204603897553e+03 2.900000000000000000e+04 3.972400000000000000e+04
1.744940226888644641e-01 9.899999999999985478e-01 1.443289932012703503e-15 3.259993000000000029e+04 2.263253566240424789e+03 2.859400000000000000e+04 3.961100000000000000e+04
1.919434249577509355e-01 9.899999999999985478e-01 1.443289932012703503e-15 3.199493000000000029e+04 2.340887986448732590e+03 2.856800000000000000e+04 4.071800000000000000e+04
2.111377674535260540e-01 9.899999999999985478e-01 1.443289932012703503e-15 3.142320000000000073e+04 2.209484138888532470e+03 2.753600000000000000e+04 3.924400000000000000e+04
2.322515441988786677e-01 9.899999999999985478e-01 1.443289932012703503e-15 3.094772999999999956e+04 1.938514420142393192e+03 2.706500000000000000e+04 3.716900000000000000e+04
2.554766986187665401e-01 9.899999999999985478e-01 1.443289932012703503e-15 2.997031999999999971e+04 1.786181994534711748e+03 2.647000000000000000e+04 3.488100000000000000e+04
2.810243684806432163e-01 9.899999999999985478e-01 1.443289932012703503e-15 3.002343999999999869e+04 1.936186201376303643e+03 2.655800000000000000e+04 3.803400000000000000e+04
3.091268053287075657e-01 9.899999999999985478e-01 1.443289932012703503e-15 2.956975999999999840e+04 2.012949210089514281e+03 2.496100000000000000e+04 3.620000000000000000e+04
3.400394858615783389e-01 9.899999999999985478e-01 1.443289932012703503e-15 2.930450000000000000e+04 1.851420684231436326e+03 2.575000000000000000e+04 3.498200000000000000e+04
3.740434344477361894e-01 9.899999999999985478e-01 1.443289932012703503e-15 2.888002000000000044e+04 1.737517119225016586e+03 2.533100000000000000e+04 3.414400000000000000e+04
4.114477778925098583e-01 9.899999999999985478e-01 1.443289932012703503e-15 2.828043000000000029e+04 1.802920687412510688e+03 2.558100000000000000e+04 3.544300000000000000e+04
4.525925556817608775e-01 9.899999999999985478e-01 1.443289932012703503e-15 2.803888999999999942e+04 1.839790992993497184e+03 2.478000000000000000e+04 3.757900000000000000e+04
4.978518112499369930e-01 9.899999999999985478e-01 1.443289932012703503e-15 2.823241999999999825e+04 2.132242951354277466e+03 2.510100000000000000e+04 3.773600000000000000e+04
5.476369923749306867e-01 9.899999999999985478e-01 1.443289932012703503e-15 2.799015999999999985e+04 1.582160173433777345e+03 2.504000000000000000e+04 3.225600000000000000e+04
6.024006916124238220e-01 9.899999999999985478e-01 1.443289932012703503e-15 2.777941999999999825e+04 2.476664140249945376e+03 2.465700000000000000e+04 3.982400000000000000e+04
6.626407607736662930e-01 9.899999999999985478e-01 1.443289932012703503e-15 2.799816999999999825e+04 2.117049442289905983e+03 2.512000000000000000e+04 3.636500000000000000e+04
7.289048368510330222e-01 9.899999999999985478e-01 1.443289932012703503e-15 2.743261999999999898e+04 1.505429259580137341e+03 2.417700000000000000e+04 3.235200000000000000e+04
8.017953205361363356e-01 9.899999999999985478e-01 1.443289932012703503e-15 2.744615000000000146e+04 1.672639515107783382e+03 2.449400000000000000e+04 3.292300000000000000e+04
8.819748525897500580e-01 9.899999999999985478e-01 1.443289932012703503e-15 2.740759999999999854e+04 1.676033830207493338e+03 2.376700000000000000e+04 3.268100000000000000e+04
9.701723378487251415e-01 9.899999999999985478e-01 1.443289932012703503e-15 2.750354000000000087e+04 2.161068436769183791e+03 2.391400000000000000e+04 3.608800000000000000e+04
9.801723378487251503e-01 9.899999999999985478e-01 1.443289932012703503e-15 2.747118000000000029e+04 2.064340453413632076e+03 2.407500000000000000e+04 3.461400000000000000e+04
9.901723378487251592e-01 9.899999999999985478e-01 1.443289932012703503e-15 2.729581000000000131e+04 2.001491177572362176e+03 2.399900000000000000e+04 3.527800000000000000e+04
1.000172337848725057e+00 9.899999999999985478e-01 1.443289932012703503e-15 2.712222000000000116e+04 1.715781615357851479e+03 2.399900000000000000e+04 3.275600000000000000e+04
