1.000000000000000021e-02 9.899999999999985478e-01 1.443289932012703503e-15 5.414722000000000116e+04 3.421506634744407165e+03 4.779400000000000000e+04 6.609300000000000000e+04
1.100000000000000110e-02 9.899999999999985478e-01 1.443289932012703503e-15 5.354344000000000233e+04 3.772595810102111045e+03 4.636600000000000000e+04 6.433100000000000000e+04
1.210000000000000138e-02 9.899999999999985478e-01 1.443289932012703503e-15 5.229476999999999680e+04 3.122381209445764398e+03 4.524400000000000000e+04 6.048400000000000000e+04
1.331000000000000238e-02 9.899999999999985478e-01 1.443289932012703503e-15 5.147658000000000175e+04 3.303513999304377194e+03 4.284300000000000000e+04 5.837900000000000000e+04
1.464100000000000297e-02 9.899999999999985478e-01 1.443289932012703503e-15 5.103576000000000204e+04 3.467950063423635129e+03 4.395100000000000000e+04 6.058700000000000000e+04
1.610510000000000413e-02 9.899999999999985478e-01 1.443289932012703503e-15 4.985751000000000204e+04 3.307774637108760544e+03 4.194500000000000000e+04 6.288000000000000000e+04
1.771561000000000663e-02 9.899999999999985478e-01 1.443289932012703503e-15 4.927733000000000175e+04 3.507466898076159850e+03 4.257200000000000000e+04 5.935300000000000000e+04
1.948717100000000799e-02 9.899999999999985478e-01 1.443289932012703503e-15 4.804294999999999709e+04 3.488599046537162849e+03 4.038800000000000000e+04 6.095700000000000000e+04
2.143588810000001191e-02 9.899999999999985478e-01 1.443289932012703503e-15 4.722512999999999738e+04 2.919138467613347075e+03 4.021100000000000000e+04 5.446800000000000000e+04
2.357947691000001483e-02 9.899999999999985478e-01 1.443289932012703503e-15 4.699438999999999942e+04 3.335058907710626954e+03 4.048600000000000000e+04 5.673700000000000000e+04
2.593742460100001770e-02 9.899999999999985478e-01 1.443289932012703503e-15 4.543126000000000204e+04 3.026044251560112116e+03 3.971300000000000000e+04 5.345100000000000000e+04
2.853116706110002052e-02 9.899999999999985478e-01 1.443289932012703503e-15 4.434697000000000116e+04 3.031222230239809505e+03 3.647600000000000000e+04 5.324300000000000000e+04
3.138428376721002361e-02 9.899999999999985478e-01 1.443289932012703503e-15 4.440086000000000058e+04 2.759570209362320384e+03 3.865900000000000000e+04 5.174700000000000000e+04
3.452271214393103083e-02 9.899999999999985478e-01 1.443289932012703503e-15 4.290651999999999680e+04 2.699756887128913604e+03 3.784400000000000000e+04 4.977400000000000000e+04
3.797498335832413807e-02 9.899999999999985478e-01 1.443289932012703503e-15 4.242101000000000204e+04 2.971627252853224036e+03 3.664200000000000000e+04 5.090800000000000000e+04
4.177248169415655188e-02 9.899999999999985478e-01 1.443289932012703503e-15 4.162715000000000146e+04 2.366375381781174383e+03 3.655000000000000000e+04 4.797600000000000000e+04
4.594972986357220845e-02 9.899999999999985478e-01 1.443289932012703503e-15 4.122338999999999942e+04 2.673131735979355199e+03 3.664800000000000000e+04 4.926300000000000000e+04
5.054470284992943624e-02 9.899999999999985478e-01 1.443289932012703503e-15 4.043165000000000146e+04 2.904309891781522765e+03 3.427200000000000000e+04 4.973900000000000000e+04
5.559917313492238750e-02 9.899999999999985478e-01 1.443289932012703503e-15 3.917459999999999854e+04 2.905702073509945876e+03 3.480600000000000000e+04 5.202800000000000000e+04
6.115909044841463110e-02 9.899999999999985478e-01 1.443289932012703503e-15 3.905537000000000262e+04 2.327819561972104566e+03 3.437200000000000000e+04 4.524500000000000000e+04
6.727499949325610462e-02 9.899999999999985478e-01 1.443289932012703503e-15 3.837984999999999854e+04 2.560203426976067021e+03 3.266600000000000000e+04 4.795300000000000000e+04
7.400249944258172063e-02 9.899999999999985478e-01 1.443289932012703503e-15 3.710684999999999854e+04 2.295397161168411003e+03 3.217900000000000000e+04 4.353000000000000000e+04
8.140274938683990380e-02 9.899999999999985478e-01 1.443289932012703503e-15 3.739954000000000087e+04 3.047584533429712792e+03 3.118400000000000000e+04 4.734400000000000000e+04
8.954302432552389834e-02 9.899999999999985478e-01 1.443289932012703503e-15 3.656094000000000233e+04 2.744984888191554546e+03 3.142100000000000000e+04 4.436500000000000000e+04
9.849732675807629234e-02 9.899999999999985478e-01 1.443289932012703503e-15 3.576638999999999942e+04 2.368875070133501140e+03 3.155700000000000000e+04 4.318800000000000000e+04
1.083470594338839244e-01 9.899999999999985478e-01 1.443289932012703503e-15 3.499916000000000349e+04 2.154038006721330021e+03 3.100500000000000000e+04 4.156800000000000000e+04
1.191817653772723196e-01 9.899999999999985478e-01 1.443289932012703503e-15 3.461515000000000146e+04 2.232600884058770134e+03 2.981200000000000000e+04 4.217100000000000000e+04
1.310999419149995737e-01 9.899999999999985478e-01 1.443289932012703503e-15 3.448180000000000291e+04 2.119050787498968475e+03 3.020200000000000000e+04 4.183700000000000000e+04
1.442099361064995422e-01 9.899999999999985478e-01 1.443289932012703503e-15 3.329747000000000116e+04 2.221247232772615462e+03 2.914900000000000000e+04 4.136200000000000000e+04
1.586309297171495103e-01 9.899999999999985478e-01 1.443289932012703503e-15 3.269306999999999971e+04 2.038098095063139681e+03 2.875700000000000000e+04 3.921500000000000000e+04
1.744940226888644641e-01 9.899999999999985478e-01 1.443289932012703503e-15 3.199018999999999869e+04 2.018857061284924157e+03 2.823700000000000000e+04 3.840200000000000000e+04
1.919434249577509355e-01 9.899999999999985478e-01 1.443289932012703503e-15 3.202740000000000146e+04 2.233852376501186882e+03 2.777000000000000000e+04 3.943800000000000000e+04
2.111377674535260540e-01 9.899999999999985478e-01 1.443289932012703503e-15 3.164625999999999840e+04 2.582534966346050624e+03 2.813200000000000000e+04 4.225900000000000000e+04
2.322515441988786677e-01 9.899999999999985478e-01 1.443289932012703503e-15 3.084570999999999913e+04 2.283952176797928587e+03 2.673400000000000000e+04 4.147200000000000000e+04
2.554766986187665401e-01 9.899999999999985478e-01 1.443289932012703503e-15 3.046809000000000015e+04 2.506360441337199518e+03 2.661900000000000000e+04 4.411600000000000000e+04
2.810243684806432163e-01 9.899999999999985478e-01 1.443289932012703503e-15 3.029361999999999898e+04 2.114814340692818405e+03 2.638900000000000000e+04 3.942200000000000000e+04
3.091268053287075657e-01 9.899999999999985478e-01 1.443289932012703503e-15 2.972429999999999927e+04 1.799092662983204718e+03 2.550300000000000000e+04 3.508000000000000000e+04
3.400394858615783389e-01 9.899999999999985478e-01 1.443289932012703503e-15 2.985315000000000146e+04 2.158703770205629553e+03 2.542100000000000000e+04 3.611200000000000000e+04
3.740434344477361894e-01 9.899999999999985478e-01 1.443289932012703503e-15 2.903622000000000116e+04 1.943694402831885100e+03 2.511800000000000000e+04 3.440000000000000000e+04
4.114477778925098583e-01 9.899999999999985478e-01 1.443289932012703503e-15 2.902493999999999869e+04 1.935378995545833732e+03 2.485700000000000000e+04 3.453900000000000000e+04
4.525925556817608775e-01 9.899999999999985478e-01 1.443289932012703503e-15 2.839990000000000146e+04 1.965891505144675875e+03 2.508000000000000000e+04 3.404700000000000000e+04
4.978518112499369930e-01 9.899999999999985478e-01 1.443289932012703503e-15 2.801584000000000015e+04 2.152737325917864837e+03 2.429300000000000000e+04 3.632000000000000000e+04
5.476369923749306867e-01 9.899999999999985478e-01 1.443289932012703503e-15 2.795697000000000116e+04 1.698607414648835174e+03 2.529000000000000000e+04 3.395400000000000000e+04
6.024006916124238220e-01 9.899999999999985478e-01 1.443289932012703503e-15 2.763856999999999971e+04 1.825641395537469634e+03 2.458400000000000000e+04 3.547800000000000000e+04
6.626407607736662930e-01 9.899999999999985478e-01 1.443289932012703503e-15 2.775622999999999956e+04 2.116390558734375190e+03 2.471600000000000000e+04 3.714100000000000000e+04
7.289048368510330222e-01 9.899999999999985478e-01 1.443289932012703503e-15 2.806988000000000102e+04 2.607848416913836445e+03 2.492900000000000000e+04 3.760900000000000000e+04
8.017953205361363356e-01 9.899999999999985478e-01 1.443289932012703503e-15 2.755320000000000073e+04 1.952249389806538375e+03 2.409800000000000000e+04 3.290200000000000000e+04
8.819748525897500580e-01 9.899999999999985478e-01 1.443289932012703503e-15 2.745331000000000131e+04 1.664751829522947673e+03 2.445300000000000000e+04 3.419100000000000000e+04
9.701723378487251415e-01 9.899999999999985478e-01 1.443289932012703503e-15 2.772674000000000160e+04 1.875157751337203990e+03 2.438900000000000000e+04 3.376800000000000000e+04
9.801723378487251503e-01 9.899999999999985478e-01 1.443289932012703503e-15 2.739152999999999884e+04 2.112744681474787285e+03 2.431900000000000000e+04 3.440000000000000000e+04
9.901723378487251592e-01 9.899999999999985478e-01 1.443289932012703503e-15 2.744347000000000116e+04 1.946661241485020128e+03 2.401600000000000000e+04 3.503500000000000000e+04
1.000172337848725057e+00 9.899999999999985478e-01 1.443289932012703503e-15 2.737383000000000175e+04 1.990753515907984593e+03 2.386000000000000000e+04 3.378000000000000000e+04
