1.000000000000000021e-02 9.899999999999985478e-01 1.443289932012703503e-15 5.377808999999999651e+04 4.404108981610242154e+03 4.416100000000000000e+04 6.959000000000000000e+04
1.100000000000000110e-02 9.899999999999985478e-01 1.443289932012703503e-15 5.286752999999999884e+04 3.744820386760892234e+03 4.530800000000000000e+04 6.257700000000000000e+04
1.210000000000000138e-02 9.899999999999985478e-01 1.443289932012703503e-15 5.186259999999999854e+04 3.715747919329297019e+03 4.374300000000000000e+04 6.072200000000000000e+04
1.331000000000000238e-02 9.899999999999985478e-01 1.443289932012703503e-15 5.102618000000000029e+04 3.157599823853554426e+03 4.294700000000000000e+04 5.859400000000000000e+04
1.464100000000000297e-02 9.899999999999985478e-01 1.443289932012703503e-15 5.028420999999999913e+04 3.652575289559409157e+03 4.356100000000000000e+04 6.167600000000000000e+04
1.610510000000000413e-02 9.899999999999985478e-01 1.443289932012703503e-15 4.928829000000000087e+04 3.911436808373618987e+03 4.206800000000000000e+04 6.044400000000000000e+04
1.771561000000000663e-02 9.899999999999985478e-01 1.443289932012703503e-15 4.742305999999999767e+04 3.167864163186294263e+03 4.095400000000000000e+04 5.606400000000000000e+04
1.948717100000000799e-02 9.899999999999985478e-01 1.443289932012703503e-15 4.790225000000000000e+04 3.265733851295907698e+03 4.238200000000000000e+04 6.068500000000000000e+04
2.143588810000001191e-02 9.899999999999985478e-01 1.443289932012703503e-15 4.628061000000000058e+04 3.225175520479467195e+03 3.852100000000000000e+04 5.342700000000000000e+04
2.357947691000001483e-02 9.899999999999985478e-01 1.443289932012703503e-15 4.566012000000000262e+04 3.152919070575710066e+03 3.796600000000000000e+04 5.359200000000000000e+04
2.593742460100001770e-02 9.899999999999985478e-01 1.443289932012703503e-15 4.441647000000000116e+04 3.159643652233587545e+03 3.821700000000000000e+04 5.389900000000000000e+04
2.853116706110002052e-02 9.899999999999985478e-01 1.443289932012703503e-15 4.380006999999999971e+04 3.337255507913651854e+03 3.738700000000000000e+04 5.189700000000000000e+04
3.138428376721002361e-02 9.899999999999985478e-01 1.443289932012703503e-15 4.331176000000000204e+04 3.554056305462815089e+03 3.472500000000000000e+04 5.239600000000000000e+04
3.452271214393103083e-02 9.899999999999985478e-01 1.443289932012703503e-15 4.253693000000000029e+04 3.153024428243460079e+03 3.623800000000000000e+04 5.240400000000000000e+04
3.797498335832413807e-02 9.899999999999985478e-01 1.443289932012703503e-15 4.149009999999999854e+04 3.279757556588595435e+03 3.547900000000000000e+04 5.402500000000000000e+04
4.177248169415655188e-02 9.899999999999985478e-01 1.443289932012703503e-15 4.100125000000000000e+04 3.206383331340780387e+03 3.296100000000000000e+04 5.057900000000000000e+04
4.594972986357220845e-02 9.899999999999985478e-01 1.443289932012703503e-15 4.041545999999999913e+04 2.832086486744357444e+03 3.474600000000000000e+04 4.800900000000000000e+04
5.054470284992943624e-02 9.899999999999985478e-01 1.443289932012703503e-15 3.991713999999999942e+04 2.685016022373051328e+03 3.486700000000000000e+04 4.807700000000000000e+04
5.559917313492238750e-02 9.899999999999985478e-01 1.443289932012703503e-15 3.875501999999999680e+04 2.798039935311860063e+03 3.327400000000000000e+04 4.461600000000000000e+04
6.115909044841463110e-02 9.899999999999985478e-01 1.443289932012703503e-15 3.817402999999999884e+04 2.528660255767864328e+03 3.336600000000000000e+04 4.625600000000000000e+04
6.727499949325610462e-02 9.899999999999985478e-01 1.443289932012703503e-15 3.748979000000000087e+04 2.727029208846138772e+03 3.036100000000000000e+04 4.451800000000000000e+04
7.400249944258172063e-02 9.899999999999985478e-01 1.443289932012703503e-15 3.673340000000000146e+04 2.775846930217875070e+03 3.174800000000000000e+04 4.685100000000000000e+04
8.140274938683990380e-02 9.899999999999985478e-01 1.443289932012703503e-15 3.538488999999999942e+04 2.201694415194805970e+03 2.983200000000000000e+04 4.380800000000000000e+04
8.954302432552389834e-02 9.899999999999985478e-01 1.443289932012703503e-15 3.527855999999999767e+04 2.616151120711493149e+03 3.061900000000000000e+04 4.329500000000000000e+04
9.849732675807629234e-02 9.899999999999985478e-01 1.443289932012703503e-15 3.465816000000000349e+04 2.399789972976801891e+03 2.943300000000000000e+04 4.156500000000000000e+04
1.083470594338839244e-01 9.899999999999985478e-01 1.443289932012703503e-15 3.394369999999999709e+04 2.201400138548191990e+03 2.926500000000000000e+04 4.036100000000000000e+04
1.191817653772723196e-01 9.899999999999985478e-01 1.443289932012703503e-15 3.335668000000000029e+04 2.020985021616934318e+03 2.804000000000000000e+04 3.815500000000000000e+04
1.310999419149995737e-01 9.899999999999985478e-01 1.443289932012703503e-15 3.301641999999999825e+04 2.276408215500902315e+03 2.879300000000000000e+04 4.128700000000000000e+04
1.442099361064995422e-01 9.899999999999985478e-01 1.443289932012703503e-15 3.224181000000000131e+04 1.920777398320794646e+03 2.790100000000000000e+04 3.844300000000000000e+04
1.586309297171495103e-01 9.899999999999985478e-01 1.443289932012703503e-15 3.204181999999999971e+04 2.197757727230187811e+03 2.804700000000000000e+04 4.134400000000000000e+04
1.744940226888644641e-01 9.899999999999985478e-01 1.443289932012703503e-15 3.092056999999999971e+04 1.943054668582436307e+03 2.753900000000000000e+04 3.616900000000000000e+04
1.919434249577509355e-01 9.899999999999985478e-01 1.443289932012703503e-15 3.081243999999999869e+04 2.174128889095584327e+03 2.650100000000000000e+04 3.796900000000000000e+04
2.111377674535260540e-01 9.899999999999985478e-01 1.443289932012703503e-15 3.035509000000000015e+04 2.251947699636916241e+03 2.566300000000000000e+04 3.723300000000000000e+04
2.322515441988786677e-01 9.899999999999985478e-01 1.443289932012703503e-15 2.982979000000000087e+04 2.063961033038172445e+03 2.560900000000000000e+04 3.683100000000000000e+04
2.554766986187665401e-01 9.899999999999985478e-01 1.443289932012703503e-15 2.929479999999999927e+04 1.995932007859987152e+03 2.593400000000000000e+04 3.825500000000000000e+04
2.810243684806432163e-01 9.899999999999985478e-01 1.443289932012703503e-15 2.865056000000000131e+04 1.833917246333650382e+03 2.508600000000000000e+04 3.490200000000000000e+04
3.091268053287075657e-01 9.899999999999985478e-01 1.443289932012703503e-15 2.832193999999999869e+04 1.787726723075985319e+03 2.413200000000000000e+04 3.392700000000000000e+04
3.400394858615783389e-01 9.899999999999985478e-01 1.443289932012703503e-15 2.850888000000000102e+04 2.214057787321730757e+03 2.476900000000000000e+04 3.852300000000000000e+04
3.740434344477361894e-01 9.899999999999985478e-01 1.443289932012703503e-15 2.817009000000000015e+04 2.112766319757109613e+03 2.418500000000000000e+04 3.574600000000000000e+04
4.114477778925098583e-01 9.899999999999985478e-01 1.443289932012703503e-15 2.751634000000000015e+04 1.792955159617774825e+03 2.347500000000000000e+04 3.237600000000000000e+04
4.525925556817608775e-01 9.899999999999985478e-01 1.443289932012703503e-15 2.714043999999999869e+04 1.703019637702395812e+03 2.375400000000000000e+04 3.218900000000000000e+04
4.978518112499369930e-01 9.899999999999985478e-01 1.443289932012703503e-15 2.675825000000000000e+04 1.727544195527280863e+03 2.337200000000000000e+04 3.336600000000000000e+04
5.476369923749306867e-01 9.899999999999985478e-01 1.443289932012703503e-15 2.677066999999999825e+04 2.352264487913721496e+03 2.342400000000000000e+04 3.858100000000000000e+04
6.024006916124238220e-01 9.899999999999985478e-01 1.443289932012703503e-15 2.672931999999999971e+04 2.290379317405743677e+03 2.262000000000000000e+04 3.510000000000000000e+04
6.626407607736662930e-01 9.899999999999985478e-01 1.443289932012703503e-15 2.688281000000000131e+04 2.419781472344145641e+03 2.297100000000000000e+04 3.780900000000000000e+04
7.289048368510330222e-01 9.899999999999985478e-01 1.443289932012703503e-15 2.637999000000000160e+04 2.277555292391383773e+03 2.310000000000000000e+04 3.705500000000000000e+04
8.017953205361363356e-01 9.899999999999985478e-01 1.443289932012703503e-15 2.621663999999999942e+04 1.907022766093787141e+03 2.274600000000000000e+04 3.297400000000000000e+04
8.819748525897500580e-01 9.899999999999985478e-01 1.443289932012703503e-15 2.654509000000000015e+04 2.029056648272787697e+03 2.269200000000000000e+04 3.550100000000000000e+04
9.701723378487251415e-01 9.899999999999985478e-01 1.443289932012703503e-15 2.605154000000000087e+04 1.775310127386197792e+03 2.334700000000000000e+04 3.429000000000000000e+04
9.801723378487251503e-01 9.899999999999985478e-01 1.443289932012703503e-15 2.666411999999999898e+04 2.333022384290386526e+03 2.283200000000000000e+04 3.677600000000000000e+04
9.901723378487251592e-01 9.899999999999985478e-01 1.443289932012703503e-15 2.621272000000000116e+04 1.980120330080977965e+03 2.313400000000000000e+04 3.559100000000000000e+04
1.000172337848725057e+00 9.899999999999985478e-01 1.443289932012703503e-15 2.612109000000000015e+04 1.809213614225805031e+03 2.286300000000000000e+04 3.291700000000000000e+04
