1.000000000000000021e-02 9.899999999999985478e-01 1.443289932012703503e-15 4.359926999999999680e+04 3.487859477831640561e+03 3.599700000000000000e+04 5.136200000000000000e+04
1.100000000000000110e-02 9.899999999999985478e-01 1.443289932012703503e-15 4.245981999999999971e+04 2.929546969686609827e+03 3.461600000000000000e+04 5.147300000000000000e+04
1.210000000000000138e-02 9.899999999999985478e-01 1.443289932012703503e-15 4.124225000000000000e+04 2.554605196013661953e+03 3.509700000000000000e+04 4.662500000000000000e+04
1.331000000000000238e-02 9.899999999999985478e-01 1.443289932012703503e-15 4.021411000000000058e+04 2.514140107054497548e+03 3.434200000000000000e+04 4.715400000000000000e+04
1.464100000000000297e-02 9.899999999999985478e-01 1.443289932012703503e-15 4.041826000000000204e+04 2.759917504636686772e+03 3.471200000000000000e+04 4.762000000000000000e+04
1.610510000000000413e-02 9.899999999999985478e-01 1.443289932012703503e-15 3.845604000000000087e+04 2.795716061834606535e+03 3.285400000000000000e+04 4.625100000000000000e+04
1.771561000000000663e-02 9.899999999999985478e-01 1.443289932012703503e-15 3.822398000000000320e+04 2.638173845598504158e+03 3.301500000000000000e+04 4.632000000000000000e+04
1.948717100000000799e-02 9.899999999999985478e-01 1.443289932012703503e-15 3.751888999999999942e+04 2.601462938021604714e+03 3.005400000000000000e+04 4.527900000000000000e+04
2.143588810000001191e-02 9.899999999999985478e-01 1.443289932012703503e-15 3.685258000000000175e+04 2.545714525157916341e+03 3.113700000000000000e+04 4.429100000000000000e+04
2.357947691000001483e-02 9.899999999999985478e-01 1.443289932012703503e-15 3.577666999999999825e+04 2.350061488791303873e+03 3.074600000000000000e+04 4.316200000000000000e+04
2.593742460100001770e-02 9.899999999999985478e-01 1.443289932012703503e-15 3.488891000000000349e+04 2.351547439857422887e+03 2.978500000000000000e+04 4.025200000000000000e+04
2.853116706110002052e-02 9.899999999999985478e-01 1.443289932012703503e-15 3.379145999999999913e+04 2.058497847557776367e+03 2.978100000000000000e+04 3.949300000000000000e+04
3.138428376721002361e-02 9.899999999999985478e-01 1.443289932012703503e-15 3.342594000000000233e+04 2.053293446246785152e+03 2.956400000000000000e+04 4.041900000000000000e+04
3.452271214393103083e-02 9.899999999999985478e-01 1.443289932012703503e-15 3.259697000000000116e+04 2.012630316054093555e+03 2.868100000000000000e+04 3.853700000000000000e+04
3.797498335832413807e-02 9.899999999999985478e-01 1.443289932012703503e-15 3.171609000000000015e+04 1.834804845726106350e+03 2.857300000000000000e+04 3.724800000000000000e+04
4.177248169415655188e-02 9.899999999999985478e-01 1.443289932012703503e-15 3.104747000000000116e+04 1.888014033078144166e+03 2.659700000000000000e+04 3.503900000000000000e+04
4.594972986357220845e-02 9.899999999999985478e-01 1.443289932012703503e-15 3.034599000000000160e+04 1.841888077462906494e+03 2.637700000000000000e+04 3.551500000000000000e+04
5.054470284992943624e-02 9.899999999999985478e-01 1.443289932012703503e-15 2.991281999999999971e+04 1.693058790355491283e+03 2.616200000000000000e+04 3.689600000000000000e+04
5.559917313492238750e-02 9.899999999999985478e-01 1.443289932012703503e-15 2.924186000000000058e+04 1.670439756591060359e+03 2.617500000000000000e+04 3.443600000000000000e+04
6.115909044841463110e-02 9.899999999999985478e-01 1.443289932012703503e-15 2.861647999999999956e+04 1.623490889903605193e+03 2.521400000000000000e+04 3.392000000000000000e+04
6.727499949325610462e-02 9.899999999999985478e-01 1.443289932012703503e-15 2.763306000000000131e+04 1.380066033347680332e+03 2.384700000000000000e+04 3.206200000000000000e+04
7.400249944258172063e-02 9.899999999999985478e-01 1.443289932012703503e-15 2.702699000000000160e+04 1.419908141359855790e+03 2.357800000000000000e+04 3.014700000000000000e+04
8.140274938683990380e-02 9.899999999999985478e-01 1.443289932012703503e-15 2.628299000000000160e+04 1.474406378818268877e+03 2.318100000000000000e+04 2.939000000000000000e+04
8.954302432552389834e-02 9.899999999999985478e-01 1.443289932012703503e-15 2.578331000000000131e+04 1.335331499628463007e+03 2.328300000000000000e+04 2.906600000000000000e+04
9.849732675807629234e-02 9.899999999999985478e-01 1.443289932012703503e-15 2.532272000000000116e+04 1.257588852367895242e+03 2.198100000000000000e+04 2.890500000000000000e+04
1.083470594338839244e-01 9.899999999999985478e-01 1.443289932012703503e-15 2.463934999999999854e+04 1.293037651230620895e+03 2.158700000000000000e+04 2.795200000000000000e+04
1.191817653772723196e-01 9.899999999999985478e-01 1.443289932012703503e-15 2.428286000000000058e+04 1.312793792032853844e+03 2.175600000000000000e+04 2.814700000000000000e+04
1.310999419149995737e-01 9.899999999999985478e-01 1.443289932012703503e-15 2.389895999999999913e+04 1.341893825308098030e+03 2.135000000000000000e+04 2.917200000000000000e+04
1.442099361064995422e-01 9.899999999999985478e-01 1.443289932012703503e-15 2.317050000000000000e+04 1.041933131251713348e+03 2.081200000000000000e+04 2.603800000000000000e+04
1.586309297171495103e-01 9.899999999999985478e-01 1.443289932012703503e-15 2.252968000000000029e+04 9.526316694294812351e+02 2.061600000000000000e+04 2.530300000000000000e+04
1.744940226888644641e-01 9.899999999999985478e-01 1.443289932012703503e-15 2.203422999999999956e+04 9.512776761282690359e+02 2.025000000000000000e+04 2.489300000000000000e+04
1.919434249577509355e-01 9.899999999999985478e-01 1.443289932012703503e-15 2.159715000000000146e+04 9.314123938943479288e+02 1.907500000000000000e+04 2.362200000000000000e+04
2.111377674535260540e-01 9.899999999999985478e-01 1.443289932012703503e-15 2.119590000000000146e+04 8.712888327070420473e+02 1.909100000000000000e+04 2.358100000000000000e+04
2.322515441988786677e-01 9.899999999999985478e-01 1.443289932012703503e-15 2.072045000000000073e+04 8.382966941960345366e+02 1.899100000000000000e+04 2.377700000000000000e+04
2.554766986187665401e-01 9.899999999999985478e-01 1.443289932012703503e-15 2.030861999999999898e+04 9.644248522305924780e+02 1.812500000000000000e+04 2.371700000000000000e+04
2.810243684806432163e-01 9.899999999999985478e-01 1.443289932012703503e-15 1.991641999999999825e+04 6.853243346036970252e+02 1.835900000000000000e+04 2.291200000000000000e+04
3.091268053287075657e-01 9.899999999999985478e-01 1.443289932012703503e-15 1.954836999999999898e+04 8.564794995211503874e+02 1.784600000000000000e+04 2.165500000000000000e+04
3.400394858615783389e-01 9.899999999999985478e-01 1.443289932012703503e-15 1.933272000000000116e+04 7.477347936267242403e+02 1.780700000000000000e+04 2.164700000000000000e+04
3.740434344477361894e-01 9.899999999999985478e-01 1.443289932012703503e-15 1.902188999999999942e+04 7.989418363685807662e+02 1.755500000000000000e+04 2.132700000000000000e+04
4.114477778925098583e-01 9.899999999999985478e-01 1.443289932012703503e-15 1.877840000000000146e+04 7.250397644267517308e+02 1.706400000000000000e+04 2.045000000000000000e+04
4.525925556817608775e-01 9.899999999999985478e-01 1.443289932012703503e-15 1.831604999999999927e+04 6.623035765417546372e+02 1.696300000000000000e+04 2.057800000000000000e+04
4.978518112499369930e-01 9.899999999999985478e-01 1.443289932012703503e-15 1.825495999999999913e+04 6.135998520208429454e+02 1.702200000000000000e+04 1.994000000000000000e+04
5.476369923749306867e-01 9.899999999999985478e-01 1.443289932012703503e-15 1.814720000000000073e+04 6.639501487310625407e+02 1.639100000000000000e+04 1.990700000000000000e+04
6.024006916124238220e-01 9.899999999999985478e-01 1.443289932012703503e-15 1.792320000000000073e+04 7.976647917515226709e+02 1.667700000000000000e+04 2.115100000000000000e+04
6.626407607736662930e-01 9.899999999999985478e-01 1.443289932012703503e-15 1.773884999999999854e+04 7.343135893472217504e+02 1.631300000000000000e+04 1.989300000000000000e+04
7.289048368510330222e-01 9.899999999999985478e-01 1.443289932012703503e-15 1.765877000000000044e+04 6.655671244134583731e+02 1.638000000000000000e+04 1.954800000000000000e+04
8.017953205361363356e-01 9.899999999999985478e-01 1.443289932012703503e-15 1.762997999999999956e+04 6.659498176289262119e+02 1.636900000000000000e+04 1.961400000000000000e+04
8.819748525897500580e-01 9.899999999999985478e-01 1.443289932012703503e-15 1.750422999999999956e+04 6.297017366182180922e+02 1.624700000000000000e+04 1.911300000000000000e+04
9.701723378487251415e-01 9.899999999999985478e-01 1.443289932012703503e-15 1.753893999999999869e+04 7.552403831893523147e+02 1.566800000000000000e+04 1.986800000000000000e+04
9.801723378487251503e-01 9.899999999999985478e-01 1.443289932012703503e-15 1.759331999999999971e+04 6.818925557593365738e+02 1.565900000000000000e+04 2.052000000000000000e+04
9.901723378487251592e-01 9.899999999999985478e-01 1.443289932012703503e-15 1.755595999999999913e+04 6.638024392844606609e+02 1.611800000000000000e+04 2.036500000000000000e+04
1.000172337848725057e+00 9.899999999999985478e-01 1.443289932012703503e-15 1.753120999999999913e+04 6.014081026225038613e+02 1.624700000000000000e+04 1.902500000000000000e+04
