1.000000000000000021e-02 4.134450000000000625e-01 1.108935655256877290e-01 3.000000000000000000e+07 0.000000000000000000e+00 3.000000000000000000e+07 3.000000000000000000e+07
1.100000000000000110e-02 4.130409999999999915e-01 9.842461083997232352e-02 3.000000000000000000e+07 0.000000000000000000e+00 3.000000000000000000e+07 3.000000000000000000e+07
1.210000000000000138e-02 4.138850000000000584e-01 1.212406494332655821e-01 3.000000000000000000e+07 0.000000000000000000e+00 3.000000000000000000e+07 3.000000000000000000e+07
1.331000000000000238e-02 4.054849999999998733e-01 1.099123117535064920e-01 3.000000000000000000e+07 0.000000000000000000e+00 3.000000000000000000e+07 3.000000000000000000e+07
1.464100000000000297e-02 4.415020000000000611e-01 1.329471360955173098e-01 3.000000000000000000e+07 0.000000000000000000e+00 3.000000000000000000e+07 3.000000000000000000e+07
1.610510000000000413e-02 4.225540000000001517e-01 1.129191874040900156e-01 3.000000000000000000e+07 0.000000000000000000e+00 3.000000000000000000e+07 3.000000000000000000e+07
1.771561000000000663e-02 4.438710000000001266e-01 1.390842214595170989e-01 3.000000000000000000e+07 0.000000000000000000e+00 3.000000000000000000e+07 3.000000000000000000e+07
1.948717100000000799e-02 4.359389999999998544e-01 1.448160625724923267e-01 3.000000000000000000e+07 0.000000000000000000e+00 3.000000000000000000e+07 3.000000000000000000e+07
2.143588810000001191e-02 4.463699999999999890e-01 1.477499627749530031e-01 3.000000000000000000e+07 0.000000000000000000e+00 3.000000000000000000e+07 3.000000000000000000e+07
2.357947691000001483e-02 4.802610000000000490e-01 1.722241056850056518e-01 3.000000000000000000e+07 0.000000000000000000e+00 3.000000000000000000e+07 3.000000000000000000e+07
2.593742460100001770e-02 4.935379999999999767e-01 1.756821486548931499e-01 3.000000000000000000e+07 0.000000000000000000e+00 3.000000000000000000e+07 3.000000000000000000e+07
2.853116706110002052e-02 5.239509999999999446e-01 1.951193985717463164e-01 3.000000000000000000e+07 0.000000000000000000e+00 3.000000000000000000e+07 3.000000000000000000e+07
3.138428376721002361e-02 5.376560000000002448e-01 2.190628326850540541e-01 3.000000000000000000e+07 0.000000000000000000e+00 3.000000000000000000e+07 3.000000000000000000e+07
3.452271214393103083e-02 5.554740000000000233e-01 2.388785957845533381e-01 3.000000000000000000e+07 0.000000000000000000e+00 3.000000000000000000e+07 3.000000000000000000e+07
3.797498335832413807e-02 6.329830000000000734e-01 2.496374014666071506e-01 3.000000000000000000e+07 0.000000000000000000e+00 3.000000000000000000e+07 3.000000000000000000e+07
4.177248169415655188e-02 6.781080000000000441e-01 2.632028406685611999e-01 3.000000000000000000e+07 0.000000000000000000e+00 3.000000000000000000e+07 3.000000000000000000e+07
4.594972986357220845e-02 7.428810000000000136e-01 2.638452408875323618e-01 3.000000000000000000e+07 0.000000000000000000e+00 3.000000000000000000e+07 3.000000000000000000e+07
5.054470284992943624e-02 7.590219999999996414e-01 2.921126264234396031e-01 3.000000000000000000e+07 0.000000000000000000e+00 3.000000000000000000e+07 3.000000000000000000e+07
5.559917313492238750e-02 7.746040000000000703e-01 2.948696579575457166e-01 2.970481416000000015e+07 2.937062024117647205e+06 4.814160000000000000e+05 3.000000000000000000e+07
6.115909044841463110e-02 8.417279999999999207e-01 2.697061801590760477e-01 2.970537094000000134e+07 2.931522133065325674e+06 5.370940000000000000e+05 3.000000000000000000e+07
6.727499949325610462e-02 8.043850000000000167e-01 3.037094415308816409e-01 3.000000000000000000e+07 0.000000000000000000e+00 3.000000000000000000e+07 3.000000000000000000e+07
7.400249944258172063e-02 8.571649999999995106e-01 2.741915131345242229e-01 2.852462685000000149e+07 6.431034802725022659e+06 3.838200000000000000e+05 3.000000000000000000e+07
8.140274938683990380e-02 8.443839999999996904e-01 2.989190257310498366e-01 2.766652192999999970e+07 7.913564946066656150e+06 5.181050000000000000e+05 3.000000000000000000e+07
8.954302432552389834e-02 8.855289999999997885e-01 2.642089636234924988e-01 2.531190492000000179e+07 1.074268710768097453e+07 3.460990000000000000e+05 3.000000000000000000e+07
9.849732675807629234e-02 8.242759999999996756e-01 3.237688845828146644e-01 2.412283676000000164e+07 1.175454445058450662e+07 3.937100000000000000e+05 3.000000000000000000e+07
1.083470594338839244e-01 7.900740000000000540e-01 3.508230932022576298e-01 2.234769271999999881e+07 1.291037630504850298e+07 3.025240000000000000e+05 3.000000000000000000e+07
1.191817653772723196e-01 7.627640000000001086e-01 3.710044421620851129e-01 2.175232239999999851e+07 1.322605251231192052e+07 3.490530000000000000e+05 3.000000000000000000e+07
1.310999419149995737e-01 8.293570000000000109e-01 3.302615143352310989e-01 1.470440785999999940e+07 1.469613338507769816e+07 3.404800000000000000e+05 3.000000000000000000e+07
1.442099361064995422e-01 8.056039999999995427e-01 3.464951990778514235e-01 1.291750058000000007e+07 1.453727550359674357e+07 2.850480000000000000e+05 3.000000000000000000e+07
1.586309297171495103e-01 7.538099999999997580e-01 3.788983598539325537e-01 1.323584440000000037e+07 1.456159326348901726e+07 3.263440000000000000e+05 3.000000000000000000e+07
1.744940226888644641e-01 7.331319999999997838e-01 3.925278038254106927e-01 1.350777460999999940e+07 1.461924574736659601e+07 3.293490000000000000e+05 3.000000000000000000e+07
1.919434249577509355e-01 6.555030000000000578e-01 4.186045724678601476e-01 1.469326148000000045e+07 1.470692394776898995e+07 2.862260000000000000e+05 3.000000000000000000e+07
2.111377674535260540e-01 4.860210000000000918e-01 4.292243612133402886e-01 1.937639642000000179e+07 1.416526369657283276e+07 3.038160000000000000e+05 3.000000000000000000e+07
2.322515441988786677e-01 5.267440000000002120e-01 4.363814520164669974e-01 1.968544733999999985e+07 1.405685025308244675e+07 2.386620000000000000e+05 3.000000000000000000e+07
2.554766986187665401e-01 4.348229999999999595e-01 4.258866175063498738e-01 2.264306851000000164e+07 1.274301802865636349e+07 2.889960000000000000e+05 3.000000000000000000e+07
2.810243684806432163e-01 3.926120000000000165e-01 4.099976634762691474e-01 2.441797239999999851e+07 1.152597158429930918e+07 3.709010000000000000e+05 3.000000000000000000e+07
3.091268053287075657e-01 3.207339999999998525e-01 3.865045415567583964e-01 2.735109396000000089e+07 8.423258049761459231e+06 2.864500000000000000e+05 3.000000000000000000e+07
3.400394858615783389e-01 2.834299999999999042e-01 3.642292241158031629e-01 2.822878814999999851e+07 7.010714354626826942e+06 3.444000000000000000e+05 3.000000000000000000e+07
3.740434344477361894e-01 2.158310000000000228e-01 3.117461110246605993e-01 2.970608173000000045e+07 2.924449861861113925e+06 6.081730000000000000e+05 3.000000000000000000e+07
4.114477778925098583e-01 2.381290000000001461e-01 3.390016912332443622e-01 3.000000000000000000e+07 0.000000000000000000e+00 3.000000000000000000e+07 3.000000000000000000e+07
4.525925556817608775e-01 2.031559999999999200e-01 3.029791591248479632e-01 3.000000000000000000e+07 0.000000000000000000e+00 3.000000000000000000e+07 3.000000000000000000e+07
4.978518112499369930e-01 2.010759999999999770e-01 3.028479615648749235e-01 3.000000000000000000e+07 0.000000000000000000e+00 3.000000000000000000e+07 3.000000000000000000e+07
5.476369923749306867e-01 1.717770000000000408e-01 2.707798271123607048e-01 3.000000000000000000e+07 0.000000000000000000e+00 3.000000000000000000e+07 3.000000000000000000e+07
6.024006916124238220e-01 1.267420000000000213e-01 1.969573452197201091e-01 3.000000000000000000e+07 0.000000000000000000e+00 3.000000000000000000e+07 3.000000000000000000e+07
6.626407607736662930e-01 1.360439999999999428e-01 2.140358905978153869e-01 3.000000000000000000e+07 0.000000000000000000e+00 3.000000000000000000e+07 3.000000000000000000e+07
7.289048368510330222e-01 1.696420000000000428e-01 2.699451559780245424e-01 3.000000000000000000e+07 0.000000000000000000e+00 3.000000000000000000e+07 3.000000000000000000e+07
8.017953205361363356e-01 1.854850000000000110e-01 2.926907020644831103e-01 3.000000000000000000e+07 0.000000000000000000e+00 3.000000000000000000e+07 3.000000000000000000e+07
8.819748525897500580e-01 1.606049999999999423e-01 2.574589254133560212e-01 3.000000000000000000e+07 0.000000000000000000e+00 3.000000000000000000e+07 3.000000000000000000e+07
9.701723378487251415e-01 1.513589999999999658e-01 2.438374491725993909e-01 3.000000000000000000e+07 0.000000000000000000e+00 3.000000000000000000e+07 3.000000000000000000e+07
9.801723378487251503e-01 2.052530000000000465e-01 3.116873880845998923e-01 3.000000000000000000e+07 0.000000000000000000e+00 3.000000000000000000e+07 3.000000000000000000e+07
9.901723378487251592e-01 1.679680000000000062e-01 2.702597723968552801e-01 3.000000000000000000e+07 0.000000000000000000e+00 3.000000000000000000e+07 3.000000000000000000e+07
1.000172337848725057e+00 1.962290000000000145e-01 3.024198350951868286e-01 3.000000000000000000e+07 0.000000000000000000e+00 3.000000000000000000e+07 3.000000000000000000e+07
