1.000000000000000021e-02 9.899999999999985478e-01 1.443289932012703503e-15 5.526545999999999913e+04 3.818406050749449150e+03 4.679900000000000000e+04 6.601100000000000000e+04
1.100000000000000110e-02 9.899999999999985478e-01 1.443289932012703503e-15 5.475156999999999971e+04 4.164705793342430297e+03 4.317100000000000000e+04 6.590800000000000000e+04
1.210000000000000138e-02 9.899999999999985478e-01 1.443289932012703503e-15 5.398725000000000000e+04 4.023280833784785500e+03 4.538700000000000000e+04 7.024300000000000000e+04
1.331000000000000238e-02 9.899999999999985478e-01 1.443289932012703503e-15 5.312419999999999709e+04 4.103957753193859389e+03 4.540400000000000000e+04 6.457800000000000000e+04
1.464100000000000297e-02 9.899999999999985478e-01 1.443289932012703503e-15 5.178412999999999738e+04 3.364751160650665497e+03 4.250000000000000000e+04 6.110300000000000000e+04
1.610510000000000413e-02 9.899999999999985478e-01 1.443289932012703503e-15 5.158687999999999738e+04 3.131182515536262599e+03 4.152200000000000000e+04 6.193300000000000000e+04
1.771561000000000663e-02 9.899999999999985478e-01 1.443289932012703503e-15 5.042956999999999971e+04 3.770348133143675113e+03 4.046700000000000000e+04 6.048700000000000000e+04
1.948717100000000799e-02 9.899999999999985478e-01 1.443289932012703503e-15 4.952037999999999738e+04 3.927509704074580441e+03 4.271700000000000000e+04 6.258700000000000000e+04
2.143588810000001191e-02 9.899999999999985478e-01 1.443289932012703503e-15 4.846651000000000204e+04 3.327562442674817703e+03 4.011300000000000000e+04 5.814900000000000000e+04
2.357947691000001483e-02 9.899999999999985478e-01 1.443289932012703503e-15 4.805970999999999913e+04 3.164476779169029669e+03 4.163200000000000000e+04 5.659000000000000000e+04
2.593742460100001770e-02 9.899999999999985478e-01 1.443289932012703503e-15 4.735888999999999942e+04 3.375419597309347864e+03 3.947500000000000000e+04 5.712000000000000000e+04
2.853116706110002052e-02 9.899999999999985478e-01 1.443289932012703503e-15 4.649029000000000087e+04 3.580265736771504180e+03 3.818800000000000000e+04 5.925500000000000000e+04
3.138428376721002361e-02 9.899999999999985478e-01 1.443289932012703503e-15 4.525587000000000262e+04 3.086540670896788470e+03 3.759100000000000000e+04 5.194200000000000000e+04
3.452271214393103083e-02 9.899999999999985478e-01 1.443289932012703503e-15 4.436616999999999825e+04 3.184166264675888669e+03 3.803100000000000000e+04 5.282000000000000000e+04
3.797498335832413807e-02 9.899999999999985478e-01 1.443289932012703503e-15 4.364413999999999942e+04 2.995648480780079808e+03 3.708700000000000000e+04 5.214300000000000000e+04
4.177248169415655188e-02 9.899999999999985478e-01 1.443289932012703503e-15 4.318265000000000146e+04 2.909850420124718312e+03 3.703900000000000000e+04 5.049200000000000000e+04
4.594972986357220845e-02 9.899999999999985478e-01 1.443289932012703503e-15 4.212806999999999971e+04 3.104264193830802014e+03 3.674200000000000000e+04 5.267300000000000000e+04
5.054470284992943624e-02 9.899999999999985478e-01 1.443289932012703503e-15 4.129216000000000349e+04 2.668370692838609557e+03 3.431400000000000000e+04 5.064100000000000000e+04
5.559917313492238750e-02 9.899999999999985478e-01 1.443289932012703503e-15 4.145745999999999913e+04 3.120265047780396344e+03 3.596400000000000000e+04 5.067200000000000000e+04
6.115909044841463110e-02 9.899999999999985478e-01 1.443289932012703503e-15 4.035251999999999680e+04 2.785877468518671321e+03 3.367600000000000000e+04 5.027700000000000000e+04
6.727499949325610462e-02 9.899999999999985478e-01 1.443289932012703503e-15 3.910334999999999854e+04 2.285830362800354578e+03 3.402600000000000000e+04 4.701000000000000000e+04
7.400249944258172063e-02 9.899999999999985478e-01 1.443289932012703503e-15 3.881872000000000116e+04 2.561130004822090541e+03 3.248000000000000000e+04 4.650700000000000000e+04
8.140274938683990380e-02 9.899999999999985478e-01 1.443289932012703503e-15 3.801116999999999825e+04 2.505781527009089132e+03 3.307400000000000000e+04 4.564400000000000000e+04
8.954302432552389834e-02 9.899999999999985478e-01 1.443289932012703503e-15 3.758126999999999680e+04 2.870087134060567223e+03 3.223200000000000000e+04 4.619600000000000000e+04
9.849732675807629234e-02 9.899999999999985478e-01 1.443289932012703503e-15 3.706426000000000204e+04 2.898911070108911645e+03 3.219900000000000000e+04 4.996300000000000000e+04
1.083470594338839244e-01 9.899999999999985478e-01 1.443289932012703503e-15 3.639856999999999971e+04 2.454245881141497193e+03 3.153200000000000000e+04 4.296200000000000000e+04
1.191817653772723196e-01 9.899999999999985478e-01 1.443289932012703503e-15 3.574333000000000175e+04 2.138000982483403732e+03 3.127800000000000000e+04 4.507400000000000000e+04
1.310999419149995737e-01 9.899999999999985478e-01 1.443289932012703503e-15 3.501748999999999796e+04 2.171075790915645939e+03 3.117000000000000000e+04 4.456100000000000000e+04
1.442099361064995422e-01 9.899999999999985478e-01 1.443289932012703503e-15 3.430586000000000058e+04 2.101422189946608341e+03 2.961200000000000000e+04 3.928900000000000000e+04
1.586309297171495103e-01 9.899999999999985478e-01 1.443289932012703503e-15 3.380997000000000116e+04 2.375602902233452369e+03 3.003400000000000000e+04 4.094500000000000000e+04
1.744940226888644641e-01 9.899999999999985478e-01 1.443289932012703503e-15 3.330098000000000320e+04 2.200959313481283061e+03 2.889400000000000000e+04 3.909800000000000000e+04
1.919434249577509355e-01 9.899999999999985478e-01 1.443289932012703503e-15 3.298175000000000000e+04 2.066653523815736207e+03 2.886000000000000000e+04 3.790200000000000000e+04
2.111377674535260540e-01 9.899999999999985478e-01 1.443289932012703503e-15 3.234552000000000044e+04 1.943347454677109454e+03 2.877500000000000000e+04 3.873600000000000000e+04
2.322515441988786677e-01 9.899999999999985478e-01 1.443289932012703503e-15 3.190004000000000087e+04 2.479221877605955797e+03 2.726900000000000000e+04 4.316900000000000000e+04
2.554766986187665401e-01 9.899999999999985478e-01 1.443289932012703503e-15 3.140588000000000102e+04 2.259140669723778501e+03 2.721000000000000000e+04 3.777800000000000000e+04
2.810243684806432163e-01 9.899999999999985478e-01 1.443289932012703503e-15 3.092961000000000058e+04 1.977535354399510879e+03 2.633000000000000000e+04 3.756800000000000000e+04
3.091268053287075657e-01 9.899999999999985478e-01 1.443289932012703503e-15 3.107824000000000160e+04 2.293340145377479985e+03 2.662200000000000000e+04 3.976900000000000000e+04
3.400394858615783389e-01 9.899999999999985478e-01 1.443289932012703503e-15 3.047586999999999898e+04 1.955292697551954689e+03 2.652500000000000000e+04 3.800500000000000000e+04
3.740434344477361894e-01 9.899999999999985478e-01 1.443289932012703503e-15 2.982802000000000044e+04 1.788671367132598789e+03 2.662100000000000000e+04 3.532900000000000000e+04
4.114477778925098583e-01 9.899999999999985478e-01 1.443289932012703503e-15 2.943261999999999898e+04 2.213656471903443617e+03 2.581300000000000000e+04 3.789300000000000000e+04
4.525925556817608775e-01 9.899999999999985478e-01 1.443289932012703503e-15 2.941709999999999854e+04 1.935756350887166491e+03 2.634800000000000000e+04 3.513900000000000000e+04
4.978518112499369930e-01 9.899999999999985478e-01 1.443289932012703503e-15 2.910304999999999927e+04 1.818583324321434702e+03 2.606200000000000000e+04 3.669800000000000000e+04
5.476369923749306867e-01 9.899999999999985478e-01 1.443289932012703503e-15 2.879631000000000131e+04 1.791557594357491325e+03 2.560700000000000000e+04 3.354600000000000000e+04
6.024006916124238220e-01 9.899999999999985478e-01 1.443289932012703503e-15 2.870188999999999942e+04 2.240643599035776788e+03 2.493400000000000000e+04 3.806700000000000000e+04
6.626407607736662930e-01 9.899999999999985478e-01 1.443289932012703503e-15 2.895666999999999825e+04 2.127791536100282428e+03 2.603100000000000000e+04 3.789300000000000000e+04
7.289048368510330222e-01 9.899999999999985478e-01 1.443289932012703503e-15 2.833611999999999898e+04 1.605902800794618543e+03 2.506100000000000000e+04 3.483000000000000000e+04
8.017953205361363356e-01 9.899999999999985478e-01 1.443289932012703503e-15 2.808234000000000015e+04 1.515184590866736926e+03 2.491200000000000000e+04 3.264200000000000000e+04
8.819748525897500580e-01 9.899999999999985478e-01 1.443289932012703503e-15 2.853679999999999927e+04 1.942591815075930526e+03 2.514200000000000000e+04 3.515200000000000000e+04
9.701723378487251415e-01 9.899999999999985478e-01 1.443289932012703503e-15 2.833838999999999942e+04 1.870711008654196121e+03 2.461300000000000000e+04 3.524300000000000000e+04
9.801723378487251503e-01 9.899999999999985478e-01 1.443289932012703503e-15 2.891811999999999898e+04 2.268256803274267895e+03 2.556300000000000000e+04 3.875900000000000000e+04
9.901723378487251592e-01 9.899999999999985478e-01 1.443289932012703503e-15 2.840279999999999927e+04 1.646696796620434270e+03 2.523600000000000000e+04 3.336200000000000000e+04
1.000172337848725057e+00 9.899999999999985478e-01 1.443289932012703503e-15 2.841379000000000087e+04 2.094680206117392117e+03 2.535400000000000000e+04 3.584400000000000000e+04
