1.000000000000000021e-02 9.899999999999985478e-01 1.443289932012703503e-15 5.929733000000000175e+04 4.395997077012220871e+03 5.107000000000000000e+04 7.116300000000000000e+04
1.100000000000000110e-02 9.899999999999985478e-01 1.443289932012703503e-15 5.807637999999999738e+04 3.849855859067972688e+03 4.772100000000000000e+04 6.603600000000000000e+04
1.210000000000000138e-02 9.899999999999985478e-01 1.443289932012703503e-15 5.786880999999999767e+04 3.690657742720123679e+03 4.915800000000000000e+04 6.672700000000000000e+04
1.331000000000000238e-02 9.899999999999985478e-01 1.443289932012703503e-15 5.620266999999999825e+04 3.726379723149533675e+03 4.764500000000000000e+04 6.609600000000000000e+04
1.464100000000000297e-02 9.899999999999985478e-01 1.443289932012703503e-15 5.558776999999999680e+04 3.582271075323585592e+03 4.742000000000000000e+04 6.646600000000000000e+04
1.610510000000000413e-02 9.899999999999985478e-01 1.443289932012703503e-15 5.483993000000000029e+04 3.669419960307078327e+03 4.770800000000000000e+04 6.445400000000000000e+04
1.771561000000000663e-02 9.899969999999985726e-01 2.984962311319525627e-05 3.534504099999999744e+05 2.979592271741092671e+06 4.704800000000000000e+04 3.000000000000000000e+07
1.948717100000000799e-02 9.899999999999985478e-01 1.443289932012703503e-15 5.306201999999999680e+04 3.406984446633122388e+03 4.685400000000000000e+04 6.425100000000000000e+04
2.143588810000001191e-02 9.899919999999986508e-01 7.025667228100443841e-05 6.509929499999999534e+05 4.192716835351512767e+06 4.432900000000000000e+04 3.000000000000000000e+07
2.357947691000001483e-02 9.899959999999985438e-01 3.979949748426044108e-05 3.514664600000000210e+05 2.979791233602667693e+06 4.604000000000000000e+04 3.000000000000000000e+07
2.593742460100001770e-02 9.899749999999986061e-01 1.519045753096313293e-04 9.490678399999999674e+05 5.108988605226049200e+06 4.398200000000000000e+04 3.000000000000000000e+07
2.853116706110002052e-02 9.899979999999986013e-01 1.399999999999848191e-05 6.485895200000000186e+05 4.193060113930117339e+06 4.078600000000000000e+04 3.000000000000000000e+07
3.138428376721002361e-02 9.899749999999987171e-01 2.104162541250069528e-04 9.472522800000000279e+05 5.109307485812608153e+06 4.199100000000000000e+04 3.000000000000000000e+07
3.452271214393103083e-02 9.899899999999987044e-01 8.062257748298749707e-05 9.470558199999999488e+05 5.109342257952566259e+06 4.173300000000000000e+04 3.000000000000000000e+07
3.797498335832413807e-02 9.899679999999985158e-01 1.696349020691160147e-04 1.544962570000000065e+06 6.528033909356215969e+06 4.130700000000000000e+04 3.000000000000000000e+07
4.177248169415655188e-02 9.899679999999986268e-01 1.943604898121065942e-04 1.244438300000000047e+06 5.869704999028986320e+06 4.015000000000000000e+04 3.000000000000000000e+07
4.594972986357220845e-02 9.899589999999985901e-01 2.366833327465180667e-04 1.843294750000000000e+06 7.113667564655578695e+06 4.095200000000000000e+04 3.000000000000000000e+07
5.054470284992943624e-02 9.899669999999987091e-01 2.705753129906747771e-04 1.243481030000000028e+06 5.869900539072901942e+06 3.917300000000000000e+04 3.000000000000000000e+07
5.559917313492238750e-02 9.899489999999988576e-01 2.523866082025726749e-04 2.141288709999999963e+06 7.643083330504283309e+06 3.939100000000000000e+04 3.000000000000000000e+07
6.115909044841463110e-02 9.899159999999993520e-01 2.556247249387288696e-04 4.836946190000000410e+06 1.098205730593058467e+07 3.916800000000000000e+04 3.000000000000000000e+07
6.727499949325610462e-02 9.897929999999989237e-01 5.800439638510159574e-04 6.334407759999999776e+06 1.220150749997102469e+07 3.673900000000000000e+04 3.000000000000000000e+07
7.400249944258172063e-02 9.897589999999990562e-01 5.756900207576970060e-04 9.029996210000000894e+06 1.372809009622229077e+07 3.843900000000000000e+04 3.000000000000000000e+07
8.140274938683990380e-02 9.896689999999989107e-01 5.847555044631863467e-04 1.112640582000000030e+07 1.446389310024641082e+07 3.639400000000000000e+04 3.000000000000000000e+07
8.954302432552389834e-02 9.895869999999996613e-01 6.314515024924693964e-04 1.472084583000000007e+07 1.497656679173848592e+07 3.698800000000000000e+04 3.000000000000000000e+07
9.849732675807629234e-02 9.892569999999998309e-01 8.504416499678239859e-04 1.981380696000000089e+07 1.419202649910884537e+07 3.635800000000000000e+04 3.000000000000000000e+07
1.083470594338839244e-01 9.890179999999996197e-01 9.865475153280770307e-04 2.191110512999999896e+07 1.330052365248826332e+07 3.775600000000000000e+04 3.000000000000000000e+07
1.191817653772723196e-01 9.885629999999998585e-01 1.214879006321204500e-03 2.430739285999999940e+07 1.175376284771809727e+07 3.475200000000000000e+04 3.000000000000000000e+07
1.310999419149995737e-01 9.883599999999997943e-01 1.287944098165759660e-03 2.670419433999999985e+07 9.374762125656932592e+06 3.530800000000000000e+04 3.000000000000000000e+07
1.442099361064995422e-01 9.880230000000002066e-01 1.237162479224124126e-03 2.790260450000000000e+07 7.644917217527857050e+06 3.407900000000000000e+04 3.000000000000000000e+07
1.586309297171495103e-01 9.875680000000002234e-01 1.313383416980733361e-03 2.940079823000000045e+07 4.194412391120333225e+06 3.922600000000000000e+04 3.000000000000000000e+07
1.744940226888644641e-01 9.869430000000004588e-01 1.359724604469592091e-03 2.970037501000000164e+07 2.981231008931966498e+06 3.750100000000000000e+04 3.000000000000000000e+07
1.919434249577509355e-01 9.864119999999999555e-01 1.384866780596602336e-03 3.000000000000000000e+07 0.000000000000000000e+00 3.000000000000000000e+07 3.000000000000000000e+07
2.111377674535260540e-01 9.861850000000004224e-01 1.336740438529487353e-03 3.000000000000000000e+07 0.000000000000000000e+00 3.000000000000000000e+07 3.000000000000000000e+07
2.322515441988786677e-01 9.855959999999999166e-01 1.430448880596573921e-03 3.000000000000000000e+07 0.000000000000000000e+00 3.000000000000000000e+07 3.000000000000000000e+07
2.554766986187665401e-01 9.850729999999998654e-01 1.603300034304253443e-03 2.970035432999999821e+07 2.981436772333960049e+06 3.543300000000000000e+04 3.000000000000000000e+07
2.810243684806432163e-01 9.846240000000001658e-01 1.491316197189576642e-03 3.000000000000000000e+07 0.000000000000000000e+00 3.000000000000000000e+07 3.000000000000000000e+07
3.091268053287075657e-01 9.840500000000002023e-01 1.353329228236797637e-03 3.000000000000000000e+07 0.000000000000000000e+00 3.000000000000000000e+07 3.000000000000000000e+07
3.400394858615783389e-01 9.833800000000003649e-01 1.385568475391967761e-03 3.000000000000000000e+07 0.000000000000000000e+00 3.000000000000000000e+07 3.000000000000000000e+07
3.740434344477361894e-01 9.825880000000003500e-01 1.319642375797322941e-03 3.000000000000000000e+07 0.000000000000000000e+00 3.000000000000000000e+07 3.000000000000000000e+07
4.114477778925098583e-01 9.821239999999999970e-01 1.407204320630092145e-03 3.000000000000000000e+07 0.000000000000000000e+00 3.000000000000000000e+07 3.000000000000000000e+07
4.525925556817608775e-01 9.813719999999998000e-01 1.618708126871552062e-03 3.000000000000000000e+07 0.000000000000000000e+00 3.000000000000000000e+07 3.000000000000000000e+07
4.978518112499369930e-01 9.807120000000001392e-01 1.578878082690371833e-03 3.000000000000000000e+07 0.000000000000000000e+00 3.000000000000000000e+07 3.000000000000000000e+07
5.476369923749306867e-01 9.801330000000001430e-01 1.539094214140246516e-03 3.000000000000000000e+07 0.000000000000000000e+00 3.000000000000000000e+07 3.000000000000000000e+07
6.024006916124238220e-01 9.794340000000001378e-01 1.564878270026140352e-03 3.000000000000000000e+07 0.000000000000000000e+00 3.000000000000000000e+07 3.000000000000000000e+07
6.626407607736662930e-01 9.787739999999998108e-01 1.642353189785924648e-03 3.000000000000000000e+07 0.000000000000000000e+00 3.000000000000000000e+07 3.000000000000000000e+07
7.289048368510330222e-01 9.786049999999997251e-01 1.627659362397425487e-03 3.000000000000000000e+07 0.000000000000000000e+00 3.000000000000000000e+07 3.000000000000000000e+07
8.017953205361363356e-01 9.780479999999994734e-01 1.792901558926200201e-03 3.000000000000000000e+07 0.000000000000000000e+00 3.000000000000000000e+07 3.000000000000000000e+07
8.819748525897500580e-01 9.780839999999999534e-01 1.506766073416841278e-03 3.000000000000000000e+07 0.000000000000000000e+00 3.000000000000000000e+07 3.000000000000000000e+07
9.701723378487251415e-01 9.773900000000000921e-01 1.530914759220774546e-03 3.000000000000000000e+07 0.000000000000000000e+00 3.000000000000000000e+07 3.000000000000000000e+07
9.801723378487251503e-01 9.772660000000000791e-01 1.753238146972630309e-03 3.000000000000000000e+07 0.000000000000000000e+00 3.000000000000000000e+07 3.000000000000000000e+07
9.901723378487251592e-01 9.773700000000000720e-01 1.671017654006083783e-03 3.000000000000000000e+07 0.000000000000000000e+00 3.000000000000000000e+07 3.000000000000000000e+07
1.000172337848725057e+00 9.774830000000004349e-01 1.660123790565028266e-03 3.000000000000000000e+07 0.000000000000000000e+00 3.000000000000000000e+07 3.000000000000000000e+07
