1.000000000000000021e-02 9.899999999999985478e-01 1.443289932012703503e-15 5.560841999999999825e+04 4.133957407085854356e+03 4.737100000000000000e+04 6.549300000000000000e+04
1.100000000000000110e-02 9.899999999999985478e-01 1.443289932012703503e-15 5.444786000000000058e+04 3.961437595166684332e+03 4.621500000000000000e+04 6.442500000000000000e+04
1.210000000000000138e-02 9.899999999999985478e-01 1.443289932012703503e-15 5.447180999999999767e+04 4.002334113226931095e+03 4.590800000000000000e+04 6.425300000000000000e+04
1.331000000000000238e-02 9.899999999999985478e-01 1.443289932012703503e-15 5.270051000000000204e+04 3.924713216261795424e+03 4.346500000000000000e+04 6.306200000000000000e+04
1.464100000000000297e-02 9.899999999999985478e-01 1.443289932012703503e-15 5.174441999999999825e+04 3.805067792247597936e+03 4.319700000000000000e+04 6.166000000000000000e+04
1.610510000000000413e-02 9.899999999999985478e-01 1.443289932012703503e-15 5.066912999999999738e+04 3.202800398573098846e+03 4.268200000000000000e+04 5.756300000000000000e+04
1.771561000000000663e-02 9.899999999999985478e-01 1.443289932012703503e-15 4.983973999999999796e+04 3.494052156508257212e+03 4.286500000000000000e+04 6.319900000000000000e+04
1.948717100000000799e-02 9.899999999999985478e-01 1.443289932012703503e-15 4.895341000000000349e+04 3.007240492860522863e+03 4.156300000000000000e+04 5.674800000000000000e+04
2.143588810000001191e-02 9.899999999999985478e-01 1.443289932012703503e-15 4.881200000000000000e+04 3.636789828956300880e+03 4.168600000000000000e+04 6.219000000000000000e+04
2.357947691000001483e-02 9.899999999999985478e-01 1.443289932012703503e-15 4.737223999999999796e+04 3.073820678309000414e+03 4.137400000000000000e+04 5.621000000000000000e+04
2.593742460100001770e-02 9.899999999999985478e-01 1.443289932012703503e-15 4.644558999999999651e+04 3.645677490110720100e+03 3.866900000000000000e+04 5.660000000000000000e+04
2.853116706110002052e-02 9.899999999999985478e-01 1.443289932012703503e-15 4.596827999999999884e+04 3.586052604410594085e+03 3.800800000000000000e+04 6.315500000000000000e+04
3.138428376721002361e-02 9.899999999999985478e-01 1.443289932012703503e-15 4.497298999999999796e+04 3.296543345672857413e+03 3.816100000000000000e+04 5.492600000000000000e+04
3.452271214393103083e-02 9.899999999999985478e-01 1.443289932012703503e-15 4.322980000000000291e+04 2.475916828166891264e+03 3.761600000000000000e+04 4.959500000000000000e+04
3.797498335832413807e-02 9.899999999999985478e-01 1.443289932012703503e-15 4.338350000000000000e+04 2.883098165168851665e+03 3.741700000000000000e+04 5.136300000000000000e+04
4.177248169415655188e-02 9.899999999999985478e-01 1.443289932012703503e-15 4.313458000000000175e+04 3.168722364550103975e+03 3.708500000000000000e+04 5.363800000000000000e+04
4.594972986357220845e-02 9.899999999999985478e-01 1.443289932012703503e-15 4.203637000000000262e+04 2.767336375126810708e+03 3.663800000000000000e+04 5.045000000000000000e+04
5.054470284992943624e-02 9.899999999999985478e-01 1.443289932012703503e-15 4.096558000000000175e+04 2.540279233391479465e+03 3.533900000000000000e+04 5.126100000000000000e+04
5.559917313492238750e-02 9.899999999999985478e-01 1.443289932012703503e-15 3.989954000000000087e+04 2.319931660286569695e+03 3.454500000000000000e+04 4.536800000000000000e+04
6.115909044841463110e-02 9.899999999999985478e-01 1.443289932012703503e-15 3.953965000000000146e+04 2.418614799322124327e+03 3.414600000000000000e+04 4.696700000000000000e+04
6.727499949325610462e-02 9.899999999999985478e-01 1.443289932012703503e-15 3.942873999999999796e+04 2.483971137593994172e+03 3.419700000000000000e+04 4.649400000000000000e+04
7.400249944258172063e-02 9.899999999999985478e-01 1.443289932012703503e-15 3.823462000000000262e+04 2.707317365142107064e+03 3.302900000000000000e+04 4.679300000000000000e+04
8.140274938683990380e-02 9.899999999999985478e-01 1.443289932012703503e-15 3.749843000000000029e+04 2.634216670112768043e+03 3.208000000000000000e+04 4.382300000000000000e+04
8.954302432552389834e-02 9.899999999999985478e-01 1.443289932012703503e-15 3.672198999999999796e+04 2.558539862871008609e+03 3.212500000000000000e+04 4.273600000000000000e+04
9.849732675807629234e-02 9.899999999999985478e-01 1.443289932012703503e-15 3.666676000000000204e+04 2.324197569571055283e+03 3.166200000000000000e+04 4.479200000000000000e+04
1.083470594338839244e-01 9.899999999999985478e-01 1.443289932012703503e-15 3.557458000000000175e+04 2.407077456917413201e+03 3.173600000000000000e+04 4.526800000000000000e+04
1.191817653772723196e-01 9.899999999999985478e-01 1.443289932012703503e-15 3.527544000000000233e+04 2.473687592724675142e+03 3.098800000000000000e+04 4.205900000000000000e+04
1.310999419149995737e-01 9.899999999999985478e-01 1.443289932012703503e-15 3.485327999999999884e+04 2.442918639987832194e+03 3.088500000000000000e+04 4.346900000000000000e+04
1.442099361064995422e-01 9.899999999999985478e-01 1.443289932012703503e-15 3.365086000000000058e+04 2.182977920273129712e+03 2.928300000000000000e+04 4.207400000000000000e+04
1.586309297171495103e-01 9.899999999999985478e-01 1.443289932012703503e-15 3.372162000000000262e+04 2.494231407788780871e+03 2.973300000000000000e+04 4.206100000000000000e+04
1.744940226888644641e-01 9.899999999999985478e-01 1.443289932012703503e-15 3.349470999999999913e+04 2.366752138670207842e+03 2.897200000000000000e+04 4.198300000000000000e+04
1.919434249577509355e-01 9.899999999999985478e-01 1.443289932012703503e-15 3.221108000000000175e+04 2.213441215302543242e+03 2.797500000000000000e+04 3.968400000000000000e+04
2.111377674535260540e-01 9.899999999999985478e-01 1.443289932012703503e-15 3.237972000000000116e+04 2.216576225082277233e+03 2.809400000000000000e+04 3.834700000000000000e+04
2.322515441988786677e-01 9.899999999999985478e-01 1.443289932012703503e-15 3.140534000000000015e+04 2.181740989301892114e+03 2.683200000000000000e+04 3.832400000000000000e+04
2.554766986187665401e-01 9.899999999999985478e-01 1.443289932012703503e-15 3.106488000000000102e+04 2.040750495675549018e+03 2.647900000000000000e+04 3.767000000000000000e+04
2.810243684806432163e-01 9.899999999999985478e-01 1.443289932012703503e-15 3.019586999999999898e+04 2.126367069228640958e+03 2.645100000000000000e+04 3.660000000000000000e+04
3.091268053287075657e-01 9.899999999999985478e-01 1.443289932012703503e-15 3.011852000000000044e+04 2.102498354244302845e+03 2.654300000000000000e+04 3.872600000000000000e+04
3.400394858615783389e-01 9.899999999999985478e-01 1.443289932012703503e-15 2.980311999999999898e+04 2.014586499905128903e+03 2.633400000000000000e+04 3.606600000000000000e+04
3.740434344477361894e-01 9.899999999999985478e-01 1.443289932012703503e-15 2.945665000000000146e+04 1.953703111401525348e+03 2.628300000000000000e+04 3.815900000000000000e+04
4.114477778925098583e-01 9.899999999999985478e-01 1.443289932012703503e-15 2.894983000000000175e+04 1.613026720516433215e+03 2.589300000000000000e+04 3.432700000000000000e+04
4.525925556817608775e-01 9.899999999999985478e-01 1.443289932012703503e-15 2.885156999999999971e+04 1.670918317901865521e+03 2.531500000000000000e+04 3.405600000000000000e+04
4.978518112499369930e-01 9.899999999999985478e-01 1.443289932012703503e-15 2.870454999999999927e+04 1.823512053017472908e+03 2.525900000000000000e+04 3.596100000000000000e+04
5.476369923749306867e-01 9.899999999999985478e-01 1.443289932012703503e-15 2.816149000000000160e+04 1.770782298844213983e+03 2.536400000000000000e+04 3.571000000000000000e+04
6.024006916124238220e-01 9.899999999999985478e-01 1.443289932012703503e-15 2.819047000000000116e+04 2.023877053849862477e+03 2.445100000000000000e+04 3.583000000000000000e+04
6.626407607736662930e-01 9.899999999999985478e-01 1.443289932012703503e-15 2.833638000000000102e+04 1.941568869651549903e+03 2.509600000000000000e+04 3.522600000000000000e+04
7.289048368510330222e-01 9.899999999999985478e-01 1.443289932012703503e-15 2.778065999999999985e+04 1.946614503285126375e+03 2.461500000000000000e+04 4.051900000000000000e+04
8.017953205361363356e-01 9.899999999999985478e-01 1.443289932012703503e-15 2.784520999999999913e+04 1.669020726623848532e+03 2.519900000000000000e+04 3.571900000000000000e+04
8.819748525897500580e-01 9.899999999999985478e-01 1.443289932012703503e-15 2.788479000000000087e+04 2.107647201478463558e+03 2.419600000000000000e+04 3.651000000000000000e+04
9.701723378487251415e-01 9.899999999999985478e-01 1.443289932012703503e-15 2.818263000000000102e+04 2.295504134847071782e+03 2.507600000000000000e+04 3.795600000000000000e+04
9.801723378487251503e-01 9.899999999999985478e-01 1.443289932012703503e-15 2.790304000000000087e+04 1.719715883045800865e+03 2.477900000000000000e+04 3.363100000000000000e+04
9.901723378487251592e-01 9.899999999999985478e-01 1.443289932012703503e-15 2.808325999999999840e+04 1.961977714552333737e+03 2.438000000000000000e+04 3.397100000000000000e+04
1.000172337848725057e+00 9.899999999999985478e-01 1.443289932012703503e-15 2.797600000000000000e+04 1.894208383467880140e+03 2.447600000000000000e+04 3.508200000000000000e+04
