1.000000000000000021e-02 9.899999999999985478e-01 1.443289932012703503e-15 5.280909999999999854e+04 3.598180358181062729e+03 4.406600000000000000e+04 6.322200000000000000e+04
1.100000000000000110e-02 9.899999999999985478e-01 1.443289932012703503e-15 5.223101999999999680e+04 4.095458379668874841e+03 4.302000000000000000e+04 6.485800000000000000e+04
1.210000000000000138e-02 9.899999999999985478e-01 1.443289932012703503e-15 5.217861000000000058e+04 3.377477632479599833e+03 4.383800000000000000e+04 6.222100000000000000e+04
1.331000000000000238e-02 9.899999999999985478e-01 1.443289932012703503e-15 5.122491999999999825e+04 4.460457141773699732e+03 4.188800000000000000e+04 6.334300000000000000e+04
1.464100000000000297e-02 9.899999999999985478e-01 1.443289932012703503e-15 4.970523000000000320e+04 3.030906886906952423e+03 4.238200000000000000e+04 5.860600000000000000e+04
1.610510000000000413e-02 9.899999999999985478e-01 1.443289932012703503e-15 4.953040000000000146e+04 4.089380750187001013e+03 4.307500000000000000e+04 6.175700000000000000e+04
1.771561000000000663e-02 9.899999999999985478e-01 1.443289932012703503e-15 4.885355000000000291e+04 3.453548364725764259e+03 4.341600000000000000e+04 5.845500000000000000e+04
1.948717100000000799e-02 9.899999999999985478e-01 1.443289932012703503e-15 4.752516999999999825e+04 3.618674995229607248e+03 4.019600000000000000e+04 6.199800000000000000e+04
2.143588810000001191e-02 9.899999999999985478e-01 1.443289932012703503e-15 4.662447000000000116e+04 3.503849244630824614e+03 3.923400000000000000e+04 5.608400000000000000e+04
2.357947691000001483e-02 9.899999999999985478e-01 1.443289932012703503e-15 4.591727999999999884e+04 3.324886912603193650e+03 3.801700000000000000e+04 5.299900000000000000e+04
2.593742460100001770e-02 9.899999999999985478e-01 1.443289932012703503e-15 4.520375000000000000e+04 3.245757096194969563e+03 3.843400000000000000e+04 5.314000000000000000e+04
2.853116706110002052e-02 9.899999999999985478e-01 1.443289932012703503e-15 4.393033999999999651e+04 3.026078188745294483e+03 3.651800000000000000e+04 5.185200000000000000e+04
3.138428376721002361e-02 9.899999999999985478e-01 1.443289932012703503e-15 4.320083999999999651e+04 3.248385505816697787e+03 3.598500000000000000e+04 5.404500000000000000e+04
3.452271214393103083e-02 9.899999999999985478e-01 1.443289932012703503e-15 4.234841999999999825e+04 3.145534943948325690e+03 3.661900000000000000e+04 5.471700000000000000e+04
3.797498335832413807e-02 9.899999999999985478e-01 1.443289932012703503e-15 4.151416999999999825e+04 2.725562433902404791e+03 3.503200000000000000e+04 5.009200000000000000e+04
4.177248169415655188e-02 9.899999999999985478e-01 1.443289932012703503e-15 4.116094999999999709e+04 3.180269065267906171e+03 3.249100000000000000e+04 4.985600000000000000e+04
4.594972986357220845e-02 9.899999999999985478e-01 1.443289932012703503e-15 4.029738999999999942e+04 2.957694710057141947e+03 3.468100000000000000e+04 4.753300000000000000e+04
5.054470284992943624e-02 9.899999999999985478e-01 1.443289932012703503e-15 3.916716999999999825e+04 2.882526891652531049e+03 3.373200000000000000e+04 4.949100000000000000e+04
5.559917313492238750e-02 9.899999999999985478e-01 1.443289932012703503e-15 3.927101000000000204e+04 3.075423546424134202e+03 3.266100000000000000e+04 4.879700000000000000e+04
6.115909044841463110e-02 9.899999999999985478e-01 1.443289932012703503e-15 3.806287000000000262e+04 2.761675649510636958e+03 3.174100000000000000e+04 4.597500000000000000e+04
6.727499949325610462e-02 9.899999999999985478e-01 1.443289932012703503e-15 3.714116999999999825e+04 2.543925985774743822e+03 3.197600000000000000e+04 4.484500000000000000e+04
7.400249944258172063e-02 9.899999999999985478e-01 1.443289932012703503e-15 3.689748999999999796e+04 3.086818480231709600e+03 3.110500000000000000e+04 4.894300000000000000e+04
8.140274938683990380e-02 9.899999999999985478e-01 1.443289932012703503e-15 3.598915000000000146e+04 2.284574605369673918e+03 3.074400000000000000e+04 4.466200000000000000e+04
8.954302432552389834e-02 9.899999999999985478e-01 1.443289932012703503e-15 3.544238999999999942e+04 2.651494657339516380e+03 2.999100000000000000e+04 4.195200000000000000e+04
9.849732675807629234e-02 9.899999999999985478e-01 1.443289932012703503e-15 3.445590000000000146e+04 2.111237876223330659e+03 2.980400000000000000e+04 4.141500000000000000e+04
1.083470594338839244e-01 9.899999999999985478e-01 1.443289932012703503e-15 3.417133999999999651e+04 2.350471962053578864e+03 2.904600000000000000e+04 4.156700000000000000e+04
1.191817653772723196e-01 9.899999999999985478e-01 1.443289932012703503e-15 3.296276999999999680e+04 2.042972103847725066e+03 2.868700000000000000e+04 3.933700000000000000e+04
1.310999419149995737e-01 9.899999999999985478e-01 1.443289932012703503e-15 3.308095999999999913e+04 2.461244042836873632e+03 2.809800000000000000e+04 4.016800000000000000e+04
1.442099361064995422e-01 9.899999999999985478e-01 1.443289932012703503e-15 3.287694999999999709e+04 2.453221630326130708e+03 2.793200000000000000e+04 4.170300000000000000e+04
1.586309297171495103e-01 9.899999999999985478e-01 1.443289932012703503e-15 3.189190000000000146e+04 2.165796474740874146e+03 2.749700000000000000e+04 3.859300000000000000e+04
1.744940226888644641e-01 9.899999999999985478e-01 1.443289932012703503e-15 3.161715000000000146e+04 2.309393956755754516e+03 2.723900000000000000e+04 4.213500000000000000e+04
1.919434249577509355e-01 9.899999999999985478e-01 1.443289932012703503e-15 3.093325999999999840e+04 1.924835804010305537e+03 2.741400000000000000e+04 3.612200000000000000e+04
2.111377674535260540e-01 9.899999999999985478e-01 1.443289932012703503e-15 3.042934999999999854e+04 2.290907682011652014e+03 2.590000000000000000e+04 3.747100000000000000e+04
2.322515441988786677e-01 9.899999999999985478e-01 1.443289932012703503e-15 2.990411000000000058e+04 2.099545640823270787e+03 2.611500000000000000e+04 3.564300000000000000e+04
2.554766986187665401e-01 9.899999999999985478e-01 1.443289932012703503e-15 2.929802999999999884e+04 1.844236180400980857e+03 2.508000000000000000e+04 3.465100000000000000e+04
2.810243684806432163e-01 9.899999999999985478e-01 1.443289932012703503e-15 2.899006000000000131e+04 1.938993949552189861e+03 2.544800000000000000e+04 3.465800000000000000e+04
3.091268053287075657e-01 9.899999999999985478e-01 1.443289932012703503e-15 2.857470999999999913e+04 1.771140075177567724e+03 2.537600000000000000e+04 3.453600000000000000e+04
3.400394858615783389e-01 9.899999999999985478e-01 1.443289932012703503e-15 2.828724000000000160e+04 2.102925790987404071e+03 2.503700000000000000e+04 3.604500000000000000e+04
3.740434344477361894e-01 9.899999999999985478e-01 1.443289932012703503e-15 2.769218999999999869e+04 1.782514721930790074e+03 2.476400000000000000e+04 3.418800000000000000e+04
4.114477778925098583e-01 9.899999999999985478e-01 1.443289932012703503e-15 2.766322000000000116e+04 1.932873578794019068e+03 2.444700000000000000e+04 3.313000000000000000e+04
4.525925556817608775e-01 9.899999999999985478e-01 1.443289932012703503e-15 2.732879999999999927e+04 1.670845624227444887e+03 2.364100000000000000e+04 3.236700000000000000e+04
4.978518112499369930e-01 9.899999999999985478e-01 1.443289932012703503e-15 2.714302000000000044e+04 1.980412482186475700e+03 2.413800000000000000e+04 3.545700000000000000e+04
5.476369923749306867e-01 9.899999999999985478e-01 1.443289932012703503e-15 2.705793999999999869e+04 1.931039501512074594e+03 2.337100000000000000e+04 3.362100000000000000e+04
6.024006916124238220e-01 9.899999999999985478e-01 1.443289932012703503e-15 2.682522999999999956e+04 1.713621182496294523e+03 2.378300000000000000e+04 3.194300000000000000e+04
6.626407607736662930e-01 9.899999999999985478e-01 1.443289932012703503e-15 2.645391999999999825e+04 1.708053621406541197e+03 2.365000000000000000e+04 3.232200000000000000e+04
7.289048368510330222e-01 9.899999999999985478e-01 1.443289932012703503e-15 2.680202000000000044e+04 1.866353348002462099e+03 2.379500000000000000e+04 3.205200000000000000e+04
8.017953205361363356e-01 9.899999999999985478e-01 1.443289932012703503e-15 2.666254999999999927e+04 2.039993344964634616e+03 2.377100000000000000e+04 3.579800000000000000e+04
8.819748525897500580e-01 9.899999999999985478e-01 1.443289932012703503e-15 2.641716999999999825e+04 2.034550771325207961e+03 2.318200000000000000e+04 3.568600000000000000e+04
9.701723378487251415e-01 9.899999999999985478e-01 1.443289932012703503e-15 2.623713000000000102e+04 1.582826520216287008e+03 2.213000000000000000e+04 3.134700000000000000e+04
9.801723378487251503e-01 9.899999999999985478e-01 1.443289932012703503e-15 2.648772999999999956e+04 1.899253800075176969e+03 2.342700000000000000e+04 3.277100000000000000e+04
9.901723378487251592e-01 9.899999999999985478e-01 1.443289932012703503e-15 2.674254000000000087e+04 2.046045617380023259e+03 2.239400000000000000e+04 3.242300000000000000e+04
1.000172337848725057e+00 9.899999999999985478e-01 1.443289932012703503e-15 2.658354999999999927e+04 2.051146700628699364e+03 2.346700000000000000e+04 3.422000000000000000e+04
