1.000000000000000021e-02 9.899999999999985478e-01 1.443289932012703503e-15 4.339177999999999884e+04 3.274440512759394096e+03 3.574000000000000000e+04 5.227100000000000000e+04
1.100000000000000110e-02 9.899999999999985478e-01 1.443289932012703503e-15 4.272250000000000000e+04 2.963414346661634227e+03 3.572000000000000000e+04 4.991400000000000000e+04
1.210000000000000138e-02 9.899999999999985478e-01 1.443289932012703503e-15 4.141973999999999796e+04 2.604958163272493493e+03 3.578900000000000000e+04 5.057300000000000000e+04
1.331000000000000238e-02 9.899999999999985478e-01 1.443289932012703503e-15 4.069351999999999680e+04 2.647197625716675248e+03 3.635400000000000000e+04 4.930200000000000000e+04
1.464100000000000297e-02 9.899999999999985478e-01 1.443289932012703503e-15 3.965106999999999971e+04 2.741169499520231966e+03 3.414100000000000000e+04 4.853400000000000000e+04
1.610510000000000413e-02 9.899999999999985478e-01 1.443289932012703503e-15 3.886209999999999854e+04 2.296448725750261474e+03 3.327700000000000000e+04 4.514900000000000000e+04
1.771561000000000663e-02 9.899999999999985478e-01 1.443289932012703503e-15 3.783255999999999767e+04 2.546230112617474788e+03 3.166100000000000000e+04 4.622600000000000000e+04
1.948717100000000799e-02 9.899999999999985478e-01 1.443289932012703503e-15 3.732733000000000175e+04 2.456431774159420911e+03 3.198800000000000000e+04 4.340600000000000000e+04
2.143588810000001191e-02 9.899999999999985478e-01 1.443289932012703503e-15 3.698388999999999942e+04 2.557371450904227913e+03 3.216500000000000000e+04 4.244900000000000000e+04
2.357947691000001483e-02 9.899999999999985478e-01 1.443289932012703503e-15 3.562318000000000029e+04 2.216056296126070720e+03 3.119400000000000000e+04 4.175200000000000000e+04
2.593742460100001770e-02 9.899999999999985478e-01 1.443289932012703503e-15 3.488400000000000000e+04 2.126304286784937176e+03 2.919700000000000000e+04 3.982100000000000000e+04
2.853116706110002052e-02 9.899999999999985478e-01 1.443289932012703503e-15 3.421234999999999854e+04 2.188003022735572358e+03 3.003000000000000000e+04 4.050000000000000000e+04
3.138428376721002361e-02 9.899999999999985478e-01 1.443289932012703503e-15 3.332148000000000320e+04 1.935260248545398554e+03 2.951000000000000000e+04 3.948600000000000000e+04
3.452271214393103083e-02 9.899999999999985478e-01 1.443289932012703503e-15 3.289550000000000000e+04 2.035403692145614514e+03 2.911900000000000000e+04 3.785500000000000000e+04
3.797498335832413807e-02 9.899999999999985478e-01 1.443289932012703503e-15 3.164436000000000058e+04 2.220024785987760424e+03 2.731000000000000000e+04 3.755700000000000000e+04
4.177248169415655188e-02 9.899999999999985478e-01 1.443289932012703503e-15 3.118322999999999956e+04 1.923764168784729236e+03 2.735600000000000000e+04 3.564100000000000000e+04
4.594972986357220845e-02 9.899999999999985478e-01 1.443289932012703503e-15 3.029463999999999942e+04 1.977829247028165355e+03 2.586700000000000000e+04 3.633200000000000000e+04
5.054470284992943624e-02 9.899999999999985478e-01 1.443289932012703503e-15 2.948150999999999840e+04 1.723311077519088030e+03 2.589400000000000000e+04 3.507400000000000000e+04
5.559917313492238750e-02 9.899999999999985478e-01 1.443289932012703503e-15 2.874915000000000146e+04 1.734439842571658801e+03 2.521300000000000000e+04 3.423800000000000000e+04
6.115909044841463110e-02 9.899999999999985478e-01 1.443289932012703503e-15 2.849909999999999854e+04 1.639565500368923949e+03 2.541900000000000000e+04 3.278700000000000000e+04
6.727499949325610462e-02 9.899999999999985478e-01 1.443289932012703503e-15 2.784493999999999869e+04 1.603595957964474565e+03 2.470300000000000000e+04 3.194900000000000000e+04
7.400249944258172063e-02 9.899999999999985478e-01 1.443289932012703503e-15 2.721068000000000029e+04 1.538339084077369534e+03 2.427700000000000000e+04 3.254900000000000000e+04
8.140274938683990380e-02 9.899999999999985478e-01 1.443289932012703503e-15 2.661947999999999956e+04 1.560055514909645808e+03 2.352100000000000000e+04 3.211200000000000000e+04
8.954302432552389834e-02 9.899999999999985478e-01 1.443289932012703503e-15 2.597438999999999942e+04 1.309071983467677910e+03 2.335500000000000000e+04 2.937100000000000000e+04
9.849732675807629234e-02 9.899999999999985478e-01 1.443289932012703503e-15 2.527379000000000087e+04 1.374538251886792523e+03 2.260200000000000000e+04 2.944000000000000000e+04
1.083470594338839244e-01 9.899999999999985478e-01 1.443289932012703503e-15 2.455995999999999913e+04 1.278474035090271173e+03 2.188400000000000000e+04 2.783400000000000000e+04
1.191817653772723196e-01 9.899999999999985478e-01 1.443289932012703503e-15 2.415408000000000175e+04 1.276221960945665842e+03 2.201400000000000000e+04 2.859800000000000000e+04
1.310999419149995737e-01 9.899999999999985478e-01 1.443289932012703503e-15 2.353906999999999971e+04 1.111392885122088728e+03 2.157800000000000000e+04 2.750500000000000000e+04
1.442099361064995422e-01 9.899999999999985478e-01 1.443289932012703503e-15 2.315506000000000131e+04 1.160159461625857602e+03 2.000900000000000000e+04 2.641300000000000000e+04
1.586309297171495103e-01 9.899999999999985478e-01 1.443289932012703503e-15 2.250109999999999854e+04 1.155362345759978552e+03 2.016500000000000000e+04 2.726800000000000000e+04
1.744940226888644641e-01 9.899999999999985478e-01 1.443289932012703503e-15 2.205995000000000073e+04 1.086808652661543874e+03 1.997700000000000000e+04 2.527400000000000000e+04
1.919434249577509355e-01 9.899999999999985478e-01 1.443289932012703503e-15 2.167120000000000073e+04 1.000742864076481965e+03 1.949200000000000000e+04 2.375400000000000000e+04
2.111377674535260540e-01 9.899999999999985478e-01 1.443289932012703503e-15 2.099695000000000073e+04 9.298326663975620932e+02 1.899600000000000000e+04 2.337800000000000000e+04
2.322515441988786677e-01 9.899999999999985478e-01 1.443289932012703503e-15 2.072154999999999927e+04 9.195343427518082535e+02 1.873500000000000000e+04 2.339500000000000000e+04
2.554766986187665401e-01 9.899999999999985478e-01 1.443289932012703503e-15 2.030106000000000131e+04 9.403446157659436722e+02 1.821500000000000000e+04 2.294100000000000000e+04
2.810243684806432163e-01 9.899999999999985478e-01 1.443289932012703503e-15 1.997922999999999956e+04 8.178393834366257806e+02 1.849400000000000000e+04 2.238700000000000000e+04
3.091268053287075657e-01 9.899999999999985478e-01 1.443289932012703503e-15 1.966565999999999985e+04 8.264368363039006908e+02 1.753100000000000000e+04 2.210000000000000000e+04
3.400394858615783389e-01 9.899999999999985478e-01 1.443289932012703503e-15 1.923102000000000044e+04 7.754872014417774153e+02 1.758900000000000000e+04 2.171800000000000000e+04
3.740434344477361894e-01 9.899999999999985478e-01 1.443289932012703503e-15 1.896706999999999971e+04 6.357956315515230017e+02 1.767100000000000000e+04 2.041800000000000000e+04
4.114477778925098583e-01 9.899999999999985478e-01 1.443289932012703503e-15 1.867716999999999825e+04 6.690925654197631047e+02 1.720900000000000000e+04 2.069100000000000000e+04
4.525925556817608775e-01 9.899999999999985478e-01 1.443289932012703503e-15 1.846295999999999913e+04 7.091901990298512146e+02 1.712900000000000000e+04 2.067100000000000000e+04
4.978518112499369930e-01 9.899999999999985478e-01 1.443289932012703503e-15 1.831543000000000029e+04 6.556825185255437418e+02 1.713200000000000000e+04 1.965700000000000000e+04
5.476369923749306867e-01 9.899999999999985478e-01 1.443289932012703503e-15 1.796891999999999825e+04 6.700895564027244973e+02 1.667000000000000000e+04 2.048200000000000000e+04
6.024006916124238220e-01 9.899999999999985478e-01 1.443289932012703503e-15 1.781506999999999971e+04 6.421557016020334459e+02 1.674700000000000000e+04 2.001800000000000000e+04
6.626407607736662930e-01 9.899999999999985478e-01 1.443289932012703503e-15 1.788236000000000058e+04 6.112977591975942460e+02 1.668600000000000000e+04 2.047300000000000000e+04
7.289048368510330222e-01 9.899999999999985478e-01 1.443289932012703503e-15 1.773027999999999884e+04 6.583380298904204437e+02 1.632600000000000000e+04 1.934300000000000000e+04
8.017953205361363356e-01 9.899999999999985478e-01 1.443289932012703503e-15 1.763220000000000073e+04 7.436457893379077859e+02 1.605100000000000000e+04 2.020000000000000000e+04
8.819748525897500580e-01 9.899999999999985478e-01 1.443289932012703503e-15 1.746270000000000073e+04 5.933814540411589178e+02 1.611300000000000000e+04 1.973300000000000000e+04
9.701723378487251415e-01 9.899999999999985478e-01 1.443289932012703503e-15 1.761320000000000073e+04 6.373290829704855014e+02 1.635100000000000000e+04 1.915000000000000000e+04
9.801723378487251503e-01 9.899999999999985478e-01 1.443289932012703503e-15 1.764413999999999942e+04 6.954010931829199080e+02 1.586300000000000000e+04 1.968300000000000000e+04
9.901723378487251592e-01 9.899999999999985478e-01 1.443289932012703503e-15 1.766634999999999854e+04 6.371493604328578613e+02 1.570900000000000000e+04 1.918600000000000000e+04
1.000172337848725057e+00 9.899999999999985478e-01 1.443289932012703503e-15 1.759504999999999927e+04 7.180109382871545449e+02 1.606400000000000000e+04 1.958500000000000000e+04
