1.000000000000000021e-02 9.899999999999985478e-01 1.443289932012703503e-15 3.915250900000000256e+05 2.121082713148876064e+04 3.239260000000000000e+05 4.289600000000000000e+05
1.100000000000000110e-02 9.899999999999985478e-01 1.443289932012703503e-15 3.884567199999999721e+05 2.292371082616425338e+04 3.212520000000000000e+05 4.391520000000000000e+05
1.210000000000000138e-02 9.899999999999985478e-01 1.443289932012703503e-15 3.881393300000000163e+05 2.423163984548094959e+04 3.119990000000000000e+05 4.324690000000000000e+05
1.331000000000000238e-02 9.899999999999985478e-01 1.443289932012703503e-15 3.805657000000000116e+05 2.931086003258860728e+04 2.960920000000000000e+05 4.245980000000000000e+05
1.464100000000000297e-02 9.899999999999985478e-01 1.443289932012703503e-15 3.793708800000000047e+05 2.696553553863894558e+04 2.899810000000000000e+05 4.237390000000000000e+05
1.610510000000000413e-02 9.899999999999985478e-01 1.443289932012703503e-15 3.804645300000000279e+05 2.427760617007163455e+04 2.946390000000000000e+05 4.272820000000000000e+05
1.771561000000000663e-02 9.899999999999985478e-01 1.443289932012703503e-15 3.758360399999999790e+05 2.670535945982379053e+04 3.024280000000000000e+05 4.159730000000000000e+05
1.948717100000000799e-02 9.899999999999985478e-01 1.443289932012703503e-15 3.731151400000000140e+05 2.414753812255816229e+04 3.090180000000000000e+05 4.252440000000000000e+05
2.143588810000001191e-02 9.899999999999985478e-01 1.443289932012703503e-15 3.691549400000000023e+05 2.712218703416817152e+04 2.998160000000000000e+05 4.218630000000000000e+05
2.357947691000001483e-02 9.899999999999985478e-01 1.443289932012703503e-15 3.676608599999999860e+05 2.519386341910267583e+04 2.920240000000000000e+05 4.211880000000000000e+05
2.593742460100001770e-02 9.899999999999985478e-01 1.443289932012703503e-15 3.566922800000000279e+05 3.123252426208294492e+04 2.900720000000000000e+05 4.293790000000000000e+05
2.853116706110002052e-02 9.899999999999985478e-01 1.443289932012703503e-15 3.576377199999999721e+05 2.546307091537860833e+04 2.778700000000000000e+05 4.159880000000000000e+05
3.138428376721002361e-02 9.899999999999985478e-01 1.443289932012703503e-15 3.536639899999999907e+05 2.348878557077611185e+04 2.876930000000000000e+05 3.999350000000000000e+05
3.452271214393103083e-02 9.899999999999985478e-01 1.443289932012703503e-15 3.496049799999999814e+05 2.776144109299083357e+04 2.667180000000000000e+05 4.138400000000000000e+05
3.797498335832413807e-02 9.899999999999985478e-01 1.443289932012703503e-15 3.372355800000000163e+05 3.023689752841054724e+04 2.653390000000000000e+05 4.050620000000000000e+05
4.177248169415655188e-02 9.899999999999985478e-01 1.443289932012703503e-15 3.372986500000000233e+05 2.695385265351689304e+04 2.795400000000000000e+05 4.006230000000000000e+05
4.594972986357220845e-02 9.899999999999985478e-01 1.443289932012703503e-15 3.352043099999999977e+05 2.782179845613686848e+04 2.571290000000000000e+05 4.015520000000000000e+05
5.054470284992943624e-02 9.899999999999985478e-01 1.443289932012703503e-15 3.229076099999999860e+05 2.908239576097368627e+04 2.405180000000000000e+05 3.948820000000000000e+05
5.559917313492238750e-02 9.899999999999985478e-01 1.443289932012703503e-15 3.211262700000000186e+05 2.724385325421313610e+04 2.483350000000000000e+05 3.820530000000000000e+05
6.115909044841463110e-02 9.899999999999985478e-01 1.443289932012703503e-15 3.199785800000000163e+05 2.749069901518693223e+04 2.435250000000000000e+05 3.904230000000000000e+05
6.727499949325610462e-02 9.899999999999985478e-01 1.443289932012703503e-15 3.130981099999999860e+05 2.627754440159696605e+04 2.464640000000000000e+05 3.851730000000000000e+05
7.400249944258172063e-02 9.899999999999985478e-01 1.443289932012703503e-15 3.081421699999999837e+05 2.389274761849503921e+04 2.503910000000000000e+05 3.753250000000000000e+05
8.140274938683990380e-02 9.899999999999985478e-01 1.443289932012703503e-15 3.075995599999999977e+05 2.645672474790483102e+04 2.512220000000000000e+05 3.633290000000000000e+05
8.954302432552389834e-02 9.899999999999985478e-01 1.443289932012703503e-15 3.048299400000000023e+05 2.352562167374966521e+04 2.382360000000000000e+05 3.656820000000000000e+05
9.849732675807629234e-02 9.899999999999985478e-01 1.443289932012703503e-15 2.971650000000000000e+05 2.680995851955015678e+04 2.303770000000000000e+05 3.556060000000000000e+05
1.083470594338839244e-01 9.899999999999985478e-01 1.443289932012703503e-15 2.994131400000000140e+05 2.701730561326202951e+04 2.235730000000000000e+05 3.720420000000000000e+05
1.191817653772723196e-01 9.899999999999985478e-01 1.443289932012703503e-15 3.023974899999999907e+05 3.296323791058609640e+04 2.129070000000000000e+05 3.928040000000000000e+05
1.310999419149995737e-01 9.899999999999985478e-01 1.443289932012703503e-15 2.980459099999999744e+05 3.354183819324606156e+04 2.320130000000000000e+05 4.330550000000000000e+05
1.442099361064995422e-01 9.899999999999985478e-01 1.443289932012703503e-15 3.010291699999999837e+05 2.807714934107627414e+04 2.335660000000000000e+05 4.037030000000000000e+05
1.586309297171495103e-01 9.899999999999985478e-01 1.443289932012703503e-15 3.086630700000000070e+05 3.096030591685263062e+04 2.411730000000000000e+05 3.881080000000000000e+05
1.744940226888644641e-01 9.603329999999986599e-01 1.686937047165661119e-01 1.211869979999999981e+06 5.062917914467039518e+06 2.380760000000000000e+05 3.000000000000000000e+07
1.919434249577509355e-01 9.306789999999988128e-01 2.347992897327416950e-01 2.111895279999999795e+06 7.045932297515617684e+06 2.495440000000000000e+05 3.000000000000000000e+07
2.111377674535260540e-01 9.010759999999990999e-01 2.827604141742618982e-01 3.022660279999999795e+06 8.484171296941965818e+06 2.498600000000000000e+05 3.000000000000000000e+07
2.322515441988786677e-01 8.517559999999992915e-01 3.426359687248257679e-01 4.538126309999999590e+06 1.027340162643030286e+07 2.511050000000000000e+05 3.000000000000000000e+07
2.554766986187665401e-01 6.345490000000004738e-01 4.739362506698556188e-01 1.108990944999999925e+07 1.418275192884621769e+07 3.040450000000000000e+05 3.000000000000000000e+07
2.810243684806432163e-01 4.477030000000001286e-01 4.905350033290181155e-01 1.674424781000000052e+07 1.465505132732408307e+07 3.323910000000000000e+05 3.000000000000000000e+07
3.091268053287075657e-01 1.820929999999999216e-01 3.785430948399402529e-01 2.471522882000000030e+07 1.127981564592882432e+07 4.279360000000000000e+05 3.000000000000000000e+07
3.400394858615783389e-01 2.272499999999999173e-02 1.382207642686148763e-01 2.941320878999999911e+07 4.107561225006533321e+06 5.637610000000000000e+05 3.000000000000000000e+07
3.740434344477361894e-01 2.373999999999998507e-03 1.826341698587644101e-03 3.000000000000000000e+07 0.000000000000000000e+00 3.000000000000000000e+07 3.000000000000000000e+07
4.114477778925098583e-01 1.840999999999998237e-03 1.018930321464619820e-03 3.000000000000000000e+07 0.000000000000000000e+00 3.000000000000000000e+07 3.000000000000000000e+07
4.525925556817608775e-01 1.517000000000000553e-03 7.262306796053124734e-04 3.000000000000000000e+07 0.000000000000000000e+00 3.000000000000000000e+07 3.000000000000000000e+07
4.978518112499369930e-01 1.343999999999998625e-03 4.868921851909237394e-04 3.000000000000000000e+07 0.000000000000000000e+00 3.000000000000000000e+07 3.000000000000000000e+07
5.476369923749306867e-01 1.280999999999998720e-03 4.021678753953362843e-04 3.000000000000000000e+07 0.000000000000000000e+00 3.000000000000000000e+07 3.000000000000000000e+07
6.024006916124238220e-01 1.184999999999994868e-03 3.241527417746055211e-04 3.000000000000000000e+07 0.000000000000000000e+00 3.000000000000000000e+07 3.000000000000000000e+07
6.626407607736662930e-01 1.170999999999997564e-03 3.228916226847562514e-04 3.000000000000000000e+07 0.000000000000000000e+00 3.000000000000000000e+07 3.000000000000000000e+07
7.289048368510330222e-01 1.140999999999996401e-03 3.295739674185313483e-04 3.000000000000000000e+07 0.000000000000000000e+00 3.000000000000000000e+07 3.000000000000000000e+07
8.017953205361363356e-01 1.163999999999995117e-03 3.354161594198971528e-04 3.000000000000000000e+07 0.000000000000000000e+00 3.000000000000000000e+07 3.000000000000000000e+07
8.819748525897500580e-01 1.142999999999994064e-03 3.409560088926341941e-04 3.000000000000000000e+07 0.000000000000000000e+00 3.000000000000000000e+07 3.000000000000000000e+07
9.701723378487251415e-01 1.098999999999994513e-03 2.605743655849369054e-04 3.000000000000000000e+07 0.000000000000000000e+00 3.000000000000000000e+07 3.000000000000000000e+07
9.801723378487251503e-01 1.054000000000001550e-03 3.060784213236673532e-04 3.000000000000000000e+07 0.000000000000000000e+00 3.000000000000000000e+07 3.000000000000000000e+07
9.901723378487251592e-01 1.096999999999999018e-03 3.080438280504802125e-04 3.000000000000000000e+07 0.000000000000000000e+00 3.000000000000000000e+07 3.000000000000000000e+07
1.000172337848725057e+00 1.132999999999996206e-03 3.101789805902294421e-04 3.000000000000000000e+07 0.000000000000000000e+00 3.000000000000000000e+07 3.000000000000000000e+07
