1.000000000000000021e-02 9.899999999999985478e-01 1.443289932012703503e-15 5.682840000000000146e+04 3.633521239789303763e+03 4.922400000000000000e+04 6.628800000000000000e+04
1.100000000000000110e-02 9.899999999999985478e-01 1.443289932012703503e-15 5.573030999999999767e+04 3.884089650600254117e+03 4.807700000000000000e+04 6.631500000000000000e+04
1.210000000000000138e-02 9.899999999999985478e-01 1.443289932012703503e-15 5.500786000000000058e+04 3.675027570019032282e+03 4.824400000000000000e+04 6.475400000000000000e+04
1.331000000000000238e-02 9.899999999999985478e-01 1.443289932012703503e-15 5.385402999999999884e+04 3.956132592456931434e+03 4.477000000000000000e+04 6.924000000000000000e+04
1.464100000000000297e-02 9.899999999999985478e-01 1.443289932012703503e-15 5.277350000000000000e+04 3.506769366525264104e+03 4.474100000000000000e+04 6.065500000000000000e+04
1.610510000000000413e-02 9.899999999999985478e-01 1.443289932012703503e-15 5.192926000000000204e+04 3.478988314496039948e+03 4.576700000000000000e+04 6.185700000000000000e+04
1.771561000000000663e-02 9.899999999999985478e-01 1.443289932012703503e-15 5.123520999999999913e+04 3.469430374845415827e+03 4.333200000000000000e+04 6.599400000000000000e+04
1.948717100000000799e-02 9.899999999999985478e-01 1.443289932012703503e-15 5.150156999999999971e+04 3.535489041858283144e+03 4.411100000000000000e+04 6.224200000000000000e+04
2.143588810000001191e-02 9.899999999999985478e-01 1.443289932012703503e-15 4.934984999999999854e+04 3.348177687563788368e+03 4.049000000000000000e+04 5.702600000000000000e+04
2.357947691000001483e-02 9.899999999999985478e-01 1.443289932012703503e-15 4.898806999999999971e+04 2.811118219694788877e+03 4.189900000000000000e+04 5.760500000000000000e+04
2.593742460100001770e-02 9.899999999999985478e-01 1.443289932012703503e-15 4.756233000000000175e+04 2.917879829790802432e+03 4.197000000000000000e+04 5.445200000000000000e+04
2.853116706110002052e-02 9.899999999999985478e-01 1.443289932012703503e-15 4.732129000000000087e+04 3.377714953322734345e+03 4.038500000000000000e+04 5.679200000000000000e+04
3.138428376721002361e-02 9.899999999999985478e-01 1.443289932012703503e-15 4.607491000000000349e+04 3.140451171710842118e+03 3.962400000000000000e+04 5.397400000000000000e+04
3.452271214393103083e-02 9.899999999999985478e-01 1.443289932012703503e-15 4.548231999999999971e+04 3.115400221095196684e+03 3.949200000000000000e+04 5.409900000000000000e+04
3.797498335832413807e-02 9.899999999999985478e-01 1.443289932012703503e-15 4.491983999999999651e+04 2.846621617707558926e+03 3.911500000000000000e+04 5.397500000000000000e+04
4.177248169415655188e-02 9.899999999999985478e-01 1.443289932012703503e-15 4.463102999999999884e+04 3.114623718701826874e+03 3.892400000000000000e+04 5.858000000000000000e+04
4.594972986357220845e-02 9.899999999999985478e-01 1.443289932012703503e-15 4.331268000000000029e+04 3.073074164025332720e+03 3.671300000000000000e+04 5.146600000000000000e+04
5.054470284992943624e-02 9.899999999999985478e-01 1.443289932012703503e-15 4.263261000000000058e+04 2.918770545606489122e+03 3.727600000000000000e+04 5.104200000000000000e+04
5.559917313492238750e-02 9.899999999999985478e-01 1.443289932012703503e-15 4.167588999999999942e+04 2.799184145050124698e+03 3.673500000000000000e+04 5.065400000000000000e+04
6.115909044841463110e-02 9.899999999999985478e-01 1.443289932012703503e-15 4.098247000000000116e+04 2.862862792573195748e+03 3.494400000000000000e+04 5.297500000000000000e+04
6.727499949325610462e-02 9.899999999999985478e-01 1.443289932012703503e-15 3.994076000000000204e+04 2.645167613290318513e+03 3.389300000000000000e+04 4.598800000000000000e+04
7.400249944258172063e-02 9.899999999999985478e-01 1.443289932012703503e-15 3.972113999999999942e+04 2.896995243420326460e+03 3.484200000000000000e+04 4.898300000000000000e+04
8.140274938683990380e-02 9.899999999999985478e-01 1.443289932012703503e-15 3.939794999999999709e+04 2.391294584006746391e+03 3.427800000000000000e+04 4.470200000000000000e+04
8.954302432552389834e-02 9.899999999999985478e-01 1.443289932012703503e-15 3.898698999999999796e+04 2.280724829938938456e+03 3.425500000000000000e+04 4.709600000000000000e+04
9.849732675807629234e-02 9.899999999999985478e-01 1.443289932012703503e-15 3.786269000000000233e+04 2.769597695316053432e+03 3.331100000000000000e+04 4.845300000000000000e+04
1.083470594338839244e-01 9.899999999999985478e-01 1.443289932012703503e-15 3.767548000000000320e+04 2.592920482698996693e+03 3.294800000000000000e+04 4.407700000000000000e+04
1.191817653772723196e-01 9.899999999999985478e-01 1.443289932012703503e-15 3.715088999999999942e+04 2.665636103803367405e+03 3.163400000000000000e+04 4.654100000000000000e+04
1.310999419149995737e-01 9.899999999999985478e-01 1.443289932012703503e-15 3.615104000000000087e+04 2.398234737968742138e+03 3.083200000000000000e+04 4.447600000000000000e+04
1.442099361064995422e-01 9.899999999999985478e-01 1.443289932012703503e-15 3.560311000000000058e+04 2.226463608034050139e+03 3.144100000000000000e+04 4.144100000000000000e+04
1.586309297171495103e-01 9.899999999999985478e-01 1.443289932012703503e-15 3.486827999999999884e+04 2.337061210494924126e+03 2.999200000000000000e+04 4.362000000000000000e+04
1.744940226888644641e-01 9.899999999999985478e-01 1.443289932012703503e-15 3.449563999999999942e+04 2.169789485272707225e+03 3.041000000000000000e+04 4.022100000000000000e+04
1.919434249577509355e-01 9.899999999999985478e-01 1.443289932012703503e-15 3.401330000000000291e+04 2.037179184558883890e+03 2.990700000000000000e+04 4.405300000000000000e+04
2.111377674535260540e-01 9.899999999999985478e-01 1.443289932012703503e-15 3.323970999999999913e+04 2.034645415275103460e+03 2.950200000000000000e+04 4.061200000000000000e+04
2.322515441988786677e-01 9.899999999999985478e-01 1.443289932012703503e-15 3.327155999999999767e+04 2.129876044843924774e+03 2.964900000000000000e+04 4.188500000000000000e+04
2.554766986187665401e-01 9.899999999999985478e-01 1.443289932012703503e-15 3.243374000000000160e+04 1.826708622742007037e+03 2.934800000000000000e+04 3.751800000000000000e+04
2.810243684806432163e-01 9.899999999999985478e-01 1.443289932012703503e-15 3.208584999999999854e+04 2.005224916935753754e+03 2.886800000000000000e+04 4.074300000000000000e+04
3.091268053287075657e-01 9.899999999999985478e-01 1.443289932012703503e-15 3.189779999999999927e+04 1.921690958505035042e+03 2.844500000000000000e+04 3.792300000000000000e+04
3.400394858615783389e-01 9.899999999999985478e-01 1.443289932012703503e-15 3.184311999999999898e+04 2.388583820090892459e+03 2.834400000000000000e+04 4.472200000000000000e+04
3.740434344477361894e-01 9.899999999999985478e-01 1.443289932012703503e-15 3.095677000000000044e+04 1.504466243257056021e+03 2.756000000000000000e+04 3.520700000000000000e+04
4.114477778925098583e-01 9.899999999999985478e-01 1.443289932012703503e-15 3.141890000000000146e+04 2.124066997530916069e+03 2.689800000000000000e+04 3.681200000000000000e+04
4.525925556817608775e-01 9.899999999999985478e-01 1.443289932012703503e-15 3.110347999999999956e+04 2.486531067491415797e+03 2.705300000000000000e+04 4.003500000000000000e+04
4.978518112499369930e-01 9.899999999999985478e-01 1.443289932012703503e-15 3.030997000000000116e+04 1.844040598549825972e+03 2.741800000000000000e+04 3.550300000000000000e+04
5.476369923749306867e-01 9.899999999999985478e-01 1.443289932012703503e-15 3.033381000000000131e+04 2.192619176669765238e+03 2.752100000000000000e+04 3.921600000000000000e+04
6.024006916124238220e-01 9.899999999999985478e-01 1.443289932012703503e-15 3.014463999999999942e+04 1.967341676069512687e+03 2.698400000000000000e+04 3.780200000000000000e+04
6.626407607736662930e-01 9.899879999999986468e-01 1.097998178504855062e-04 6.295176400000000140e+05 4.195783528888718225e+06 2.727900000000000000e+04 3.000000000000000000e+07
7.289048368510330222e-01 9.899869999999986181e-01 9.343982020530665193e-05 9.290283100000000559e+05 5.112511947080359794e+06 2.659000000000000000e+04 3.000000000000000000e+07
8.017953205361363356e-01 9.899909999999987331e-01 6.179805822192517215e-05 1.229026110000000102e+06 5.872850814507538453e+06 2.695500000000000000e+04 3.000000000000000000e+07
8.819748525897500580e-01 9.899589999999988121e-01 1.435931753252876731e-04 3.026724459999999963e+06 8.991091950666977093e+06 2.701100000000000000e+04 3.000000000000000000e+07
9.701723378487251415e-01 9.899709999999987131e-01 1.491945039202156496e-04 2.127909919999999925e+06 7.646753583523625508e+06 2.705000000000000000e+04 3.000000000000000000e+07
9.801723378487251503e-01 9.899289999999989487e-01 2.122710531372592015e-04 3.626283890000000130e+06 9.739140304789556190e+06 2.685000000000000000e+04 3.000000000000000000e+07
9.901723378487251592e-01 9.899499999999988864e-01 1.729161646579089804e-04 3.027016660000000149e+06 8.990994650789305568e+06 2.685200000000000000e+04 3.000000000000000000e+07
1.000172337848725057e+00 9.899649999999986516e-01 1.203120941551524749e-04 2.727261890000000130e+06 8.576879540794428438e+06 2.715100000000000000e+04 3.000000000000000000e+07
