1.000000000000000021e-02 9.899999999999985478e-01 1.443289932012703503e-15 5.446144000000000233e+04 4.220525887422088090e+03 4.518700000000000000e+04 6.864700000000000000e+04
1.100000000000000110e-02 9.899999999999985478e-01 1.443289932012703503e-15 5.389466999999999825e+04 3.433076320313895394e+03 4.555200000000000000e+04 6.111700000000000000e+04
1.210000000000000138e-02 9.899999999999985478e-01 1.443289932012703503e-15 5.329644999999999709e+04 3.963349205848508063e+03 4.613700000000000000e+04 6.468700000000000000e+04
1.331000000000000238e-02 9.899999999999985478e-01 1.443289932012703503e-15 5.173958000000000175e+04 3.980000666281351641e+03 4.221800000000000000e+04 6.509900000000000000e+04
1.464100000000000297e-02 9.899999999999985478e-01 1.443289932012703503e-15 5.047838999999999942e+04 4.256916353171623996e+03 4.201400000000000000e+04 6.236900000000000000e+04
1.610510000000000413e-02 9.899999999999985478e-01 1.443289932012703503e-15 5.018373999999999796e+04 3.426550272854609375e+03 4.182500000000000000e+04 5.815000000000000000e+04
1.771561000000000663e-02 9.899999999999985478e-01 1.443289932012703503e-15 4.869190000000000146e+04 3.414054945369215602e+03 4.109800000000000000e+04 6.164800000000000000e+04
1.948717100000000799e-02 9.899999999999985478e-01 1.443289932012703503e-15 4.793730000000000291e+04 3.183602944778133406e+03 4.047000000000000000e+04 5.539300000000000000e+04
2.143588810000001191e-02 9.899999999999985478e-01 1.443289932012703503e-15 4.670801000000000204e+04 3.123656016577368973e+03 3.828900000000000000e+04 5.427600000000000000e+04
2.357947691000001483e-02 9.899999999999985478e-01 1.443289932012703503e-15 4.620191000000000349e+04 3.126108040663342308e+03 4.045300000000000000e+04 5.418200000000000000e+04
2.593742460100001770e-02 9.899999999999985478e-01 1.443289932012703503e-15 4.509808000000000175e+04 3.339232069443511591e+03 3.871500000000000000e+04 5.394500000000000000e+04
2.853116706110002052e-02 9.899999999999985478e-01 1.443289932012703503e-15 4.426977999999999884e+04 2.913284430260800946e+03 3.841800000000000000e+04 5.223400000000000000e+04
3.138428376721002361e-02 9.899999999999985478e-01 1.443289932012703503e-15 4.383505999999999767e+04 3.209593796167981964e+03 3.754400000000000000e+04 5.250000000000000000e+04
3.452271214393103083e-02 9.899999999999985478e-01 1.443289932012703503e-15 4.309272000000000116e+04 2.719143354367327447e+03 3.715100000000000000e+04 5.179400000000000000e+04
3.797498335832413807e-02 9.899999999999985478e-01 1.443289932012703503e-15 4.208973999999999796e+04 2.908626110795266413e+03 3.612600000000000000e+04 4.916800000000000000e+04
4.177248169415655188e-02 9.899999999999985478e-01 1.443289932012703503e-15 4.146013999999999942e+04 2.840597799830169151e+03 3.496700000000000000e+04 5.198200000000000000e+04
4.594972986357220845e-02 9.899999999999985478e-01 1.443289932012703503e-15 4.094594000000000233e+04 3.059120078780824770e+03 3.491900000000000000e+04 5.044700000000000000e+04
5.054470284992943624e-02 9.899999999999985478e-01 1.443289932012703503e-15 4.028036000000000058e+04 2.843295125448640647e+03 3.412600000000000000e+04 4.868900000000000000e+04
5.559917313492238750e-02 9.899999999999985478e-01 1.443289932012703503e-15 3.931787999999999738e+04 2.674916220295506719e+03 3.401400000000000000e+04 4.541500000000000000e+04
6.115909044841463110e-02 9.899999999999985478e-01 1.443289932012703503e-15 3.826143000000000029e+04 2.561514459279900620e+03 3.346400000000000000e+04 4.527500000000000000e+04
6.727499949325610462e-02 9.899999999999985478e-01 1.443289932012703503e-15 3.843373000000000320e+04 3.016571274990863003e+03 3.288300000000000000e+04 4.754300000000000000e+04
7.400249944258172063e-02 9.899999999999985478e-01 1.443289932012703503e-15 3.715843000000000029e+04 2.720717450434719012e+03 3.185300000000000000e+04 4.587600000000000000e+04
8.140274938683990380e-02 9.899999999999985478e-01 1.443289932012703503e-15 3.663222000000000116e+04 2.379605768105296193e+03 3.132500000000000000e+04 4.215400000000000000e+04
8.954302432552389834e-02 9.899999999999985478e-01 1.443289932012703503e-15 3.622533000000000175e+04 2.736791168704693064e+03 3.201900000000000000e+04 4.500100000000000000e+04
9.849732675807629234e-02 9.899999999999985478e-01 1.443289932012703503e-15 3.481116999999999825e+04 2.314335135865158463e+03 3.073500000000000000e+04 4.207500000000000000e+04
1.083470594338839244e-01 9.899999999999985478e-01 1.443289932012703503e-15 3.404804000000000087e+04 2.211549225859555918e+03 3.012100000000000000e+04 4.126000000000000000e+04
1.191817653772723196e-01 9.899999999999985478e-01 1.443289932012703503e-15 3.435354000000000087e+04 2.620977239199150063e+03 2.957300000000000000e+04 4.338600000000000000e+04
1.310999419149995737e-01 9.899999999999985478e-01 1.443289932012703503e-15 3.359934999999999854e+04 2.218076691077204032e+03 2.938900000000000000e+04 4.039500000000000000e+04
1.442099361064995422e-01 9.899999999999985478e-01 1.443289932012703503e-15 3.257841999999999825e+04 2.479655859912822507e+03 2.904800000000000000e+04 4.504600000000000000e+04
1.586309297171495103e-01 9.899999999999985478e-01 1.443289932012703503e-15 3.233359000000000015e+04 2.150194335845018486e+03 2.794200000000000000e+04 3.856900000000000000e+04
1.744940226888644641e-01 9.899999999999985478e-01 1.443289932012703503e-15 3.182670000000000073e+04 2.269842040759664997e+03 2.769800000000000000e+04 3.889800000000000000e+04
1.919434249577509355e-01 9.899999999999985478e-01 1.443289932012703503e-15 3.138020000000000073e+04 2.351979502461702850e+03 2.691600000000000000e+04 3.920900000000000000e+04
2.111377674535260540e-01 9.899999999999985478e-01 1.443289932012703503e-15 3.074627000000000044e+04 2.155935953849279031e+03 2.637200000000000000e+04 3.674200000000000000e+04
2.322515441988786677e-01 9.899999999999985478e-01 1.443289932012703503e-15 3.009293000000000029e+04 1.986795788474497840e+03 2.607900000000000000e+04 3.637300000000000000e+04
2.554766986187665401e-01 9.899999999999985478e-01 1.443289932012703503e-15 2.935740999999999985e+04 1.744336040417671256e+03 2.636600000000000000e+04 3.591700000000000000e+04
2.810243684806432163e-01 9.899999999999985478e-01 1.443289932012703503e-15 2.934929000000000087e+04 2.031466545601969983e+03 2.551400000000000000e+04 3.693200000000000000e+04
3.091268053287075657e-01 9.899999999999985478e-01 1.443289932012703503e-15 2.904975000000000000e+04 2.042480033562139852e+03 2.467000000000000000e+04 3.648700000000000000e+04
3.400394858615783389e-01 9.899999999999985478e-01 1.443289932012703503e-15 2.841704000000000087e+04 2.001147555379163123e+03 2.496100000000000000e+04 3.659600000000000000e+04
3.740434344477361894e-01 9.899999999999985478e-01 1.443289932012703503e-15 2.808959999999999854e+04 1.718063072183323584e+03 2.494500000000000000e+04 3.383100000000000000e+04
4.114477778925098583e-01 9.899999999999985478e-01 1.443289932012703503e-15 2.781272000000000116e+04 1.870972143459116296e+03 2.409600000000000000e+04 3.347000000000000000e+04
4.525925556817608775e-01 9.899999999999985478e-01 1.443289932012703503e-15 2.821925000000000000e+04 1.998855149204163808e+03 2.473900000000000000e+04 3.375500000000000000e+04
4.978518112499369930e-01 9.899999999999985478e-01 1.443289932012703503e-15 2.735579999999999927e+04 1.807554187292873394e+03 2.368700000000000000e+04 3.293900000000000000e+04
5.476369923749306867e-01 9.899999999999985478e-01 1.443289932012703503e-15 2.742765000000000146e+04 2.061561943648553097e+03 2.363400000000000000e+04 3.616000000000000000e+04
6.024006916124238220e-01 9.899999999999985478e-01 1.443289932012703503e-15 2.709477000000000044e+04 1.816457072738026454e+03 2.400400000000000000e+04 3.413500000000000000e+04
6.626407607736662930e-01 9.899999999999985478e-01 1.443289932012703503e-15 2.693809999999999854e+04 1.912335893612834298e+03 2.334300000000000000e+04 3.297900000000000000e+04
7.289048368510330222e-01 9.899999999999985478e-01 1.443289932012703503e-15 2.654745999999999913e+04 1.711148897203279603e+03 2.338600000000000000e+04 3.064000000000000000e+04
8.017953205361363356e-01 9.899999999999985478e-01 1.443289932012703503e-15 2.685518000000000029e+04 2.013394910989893333e+03 2.347500000000000000e+04 3.379700000000000000e+04
8.819748525897500580e-01 9.899999999999985478e-01 1.443289932012703503e-15 2.676104999999999927e+04 2.113667019068992431e+03 2.383900000000000000e+04 3.645200000000000000e+04
9.701723378487251415e-01 9.899999999999985478e-01 1.443289932012703503e-15 2.717595000000000073e+04 2.242192219123953237e+03 2.320700000000000000e+04 3.521800000000000000e+04
9.801723378487251503e-01 9.899999999999985478e-01 1.443289932012703503e-15 2.683429000000000087e+04 1.853054658098351865e+03 2.327800000000000000e+04 3.438800000000000000e+04
9.901723378487251592e-01 9.899999999999985478e-01 1.443289932012703503e-15 2.634765999999999985e+04 1.785716070488251262e+03 2.367700000000000000e+04 3.449800000000000000e+04
1.000172337848725057e+00 9.899999999999985478e-01 1.443289932012703503e-15 2.666193999999999869e+04 2.031428181452645049e+03 2.332100000000000000e+04 3.465200000000000000e+04
