1.000000000000000021e-02 9.899999999999985478e-01 1.443289932012703503e-15 5.357091999999999825e+04 3.588011682478194416e+03 4.496000000000000000e+04 6.408000000000000000e+04
1.100000000000000110e-02 9.899999999999985478e-01 1.443289932012703503e-15 5.268318000000000029e+04 3.779227541125302650e+03 4.458300000000000000e+04 6.206400000000000000e+04
1.210000000000000138e-02 9.899999999999985478e-01 1.443289932012703503e-15 5.246476000000000204e+04 4.242517823462854722e+03 4.476200000000000000e+04 6.859200000000000000e+04
1.331000000000000238e-02 9.899999999999985478e-01 1.443289932012703503e-15 5.089280999999999767e+04 3.922552252539155234e+03 4.247500000000000000e+04 6.218400000000000000e+04
1.464100000000000297e-02 9.899999999999985478e-01 1.443289932012703503e-15 4.983404000000000087e+04 3.920614813827035505e+03 4.032800000000000000e+04 6.279900000000000000e+04
1.610510000000000413e-02 9.899999999999985478e-01 1.443289932012703503e-15 4.933444999999999709e+04 3.648384114577301716e+03 4.082400000000000000e+04 6.422200000000000000e+04
1.771561000000000663e-02 9.899999999999985478e-01 1.443289932012703503e-15 4.871066999999999825e+04 3.342533099477101587e+03 3.913500000000000000e+04 5.723000000000000000e+04
1.948717100000000799e-02 9.899999999999985478e-01 1.443289932012703503e-15 4.766470999999999913e+04 3.443975375332987824e+03 4.136200000000000000e+04 5.622100000000000000e+04
2.143588810000001191e-02 9.899999999999985478e-01 1.443289932012703503e-15 4.622788999999999942e+04 2.969980023148304099e+03 4.050100000000000000e+04 5.369500000000000000e+04
2.357947691000001483e-02 9.899999999999985478e-01 1.443289932012703503e-15 4.547419999999999709e+04 3.039573427308509963e+03 3.805900000000000000e+04 5.529700000000000000e+04
2.593742460100001770e-02 9.899999999999985478e-01 1.443289932012703503e-15 4.558230999999999767e+04 2.959050843412461290e+03 4.022100000000000000e+04 5.574900000000000000e+04
2.853116706110002052e-02 9.899999999999985478e-01 1.443289932012703503e-15 4.405794999999999709e+04 3.001183534457698443e+03 3.688200000000000000e+04 5.113100000000000000e+04
3.138428376721002361e-02 9.899999999999985478e-01 1.443289932012703503e-15 4.331000000000000000e+04 3.204808727521815854e+03 3.772000000000000000e+04 5.444500000000000000e+04
3.452271214393103083e-02 9.899999999999985478e-01 1.443289932012703503e-15 4.233088999999999942e+04 2.977010963684884246e+03 3.557500000000000000e+04 5.266100000000000000e+04
3.797498335832413807e-02 9.899999999999985478e-01 1.443289932012703503e-15 4.166026999999999680e+04 3.163732086808237455e+03 3.648000000000000000e+04 5.039700000000000000e+04
4.177248169415655188e-02 9.899999999999985478e-01 1.443289932012703503e-15 4.129269999999999709e+04 2.776610395788360620e+03 3.617100000000000000e+04 4.896300000000000000e+04
4.594972986357220845e-02 9.899999999999985478e-01 1.443289932012703503e-15 3.995976000000000204e+04 2.970566505298274933e+03 3.369700000000000000e+04 4.836100000000000000e+04
5.054470284992943624e-02 9.899999999999985478e-01 1.443289932012703503e-15 3.957080999999999767e+04 2.965278714370708713e+03 3.299000000000000000e+04 4.995400000000000000e+04
5.559917313492238750e-02 9.899999999999985478e-01 1.443289932012703503e-15 3.934688999999999942e+04 2.641216249741773481e+03 3.281500000000000000e+04 4.609000000000000000e+04
6.115909044841463110e-02 9.899999999999985478e-01 1.443289932012703503e-15 3.832879000000000087e+04 2.980782129894769696e+03 3.146500000000000000e+04 5.129000000000000000e+04
6.727499949325610462e-02 9.899999999999985478e-01 1.443289932012703503e-15 3.785512999999999738e+04 2.242156130402163399e+03 3.396400000000000000e+04 4.363400000000000000e+04
7.400249944258172063e-02 9.899999999999985478e-01 1.443289932012703503e-15 3.677012999999999738e+04 2.312231729974312202e+03 3.208600000000000000e+04 4.236200000000000000e+04
8.140274938683990380e-02 9.899999999999985478e-01 1.443289932012703503e-15 3.617266000000000349e+04 2.439794705379942116e+03 3.071700000000000000e+04 4.181200000000000000e+04
8.954302432552389834e-02 9.899999999999985478e-01 1.443289932012703503e-15 3.573372000000000116e+04 2.425419613510206545e+03 3.024400000000000000e+04 4.353500000000000000e+04
9.849732675807629234e-02 9.899999999999985478e-01 1.443289932012703503e-15 3.507141000000000349e+04 2.560119224157343979e+03 3.007400000000000000e+04 4.616700000000000000e+04
1.083470594338839244e-01 9.899999999999985478e-01 1.443289932012703503e-15 3.458419999999999709e+04 2.413867664143997899e+03 2.968900000000000000e+04 4.358100000000000000e+04
1.191817653772723196e-01 9.899999999999985478e-01 1.443289932012703503e-15 3.388694999999999709e+04 2.378256564691875155e+03 2.888000000000000000e+04 4.061700000000000000e+04
1.310999419149995737e-01 9.899999999999985478e-01 1.443289932012703503e-15 3.366433999999999651e+04 2.796922241393207059e+03 2.885200000000000000e+04 4.116500000000000000e+04
1.442099361064995422e-01 9.899999999999985478e-01 1.443289932012703503e-15 3.287384999999999854e+04 2.357252894260604535e+03 2.758800000000000000e+04 3.949300000000000000e+04
1.586309297171495103e-01 9.899999999999985478e-01 1.443289932012703503e-15 3.192320999999999913e+04 2.360282535185141569e+03 2.754900000000000000e+04 3.899300000000000000e+04
1.744940226888644641e-01 9.899999999999985478e-01 1.443289932012703503e-15 3.146918999999999869e+04 2.184984177036529218e+03 2.719300000000000000e+04 3.803200000000000000e+04
1.919434249577509355e-01 9.899999999999985478e-01 1.443289932012703503e-15 3.084745999999999913e+04 1.940214206833874186e+03 2.714700000000000000e+04 3.687900000000000000e+04
2.111377674535260540e-01 9.899999999999985478e-01 1.443289932012703503e-15 3.045577000000000044e+04 2.057124283338272562e+03 2.590200000000000000e+04 3.545600000000000000e+04
2.322515441988786677e-01 9.899999999999985478e-01 1.443289932012703503e-15 2.996775999999999840e+04 2.097360951863078753e+03 2.578600000000000000e+04 3.844900000000000000e+04
2.554766986187665401e-01 9.899999999999985478e-01 1.443289932012703503e-15 2.977347000000000116e+04 2.201688867460613892e+03 2.620100000000000000e+04 3.719100000000000000e+04
2.810243684806432163e-01 9.899999999999985478e-01 1.443289932012703503e-15 2.945431000000000131e+04 1.943736122497084125e+03 2.549700000000000000e+04 3.547600000000000000e+04
3.091268053287075657e-01 9.899999999999985478e-01 1.443289932012703503e-15 2.881336999999999898e+04 1.880900718565443640e+03 2.503400000000000000e+04 3.563500000000000000e+04
3.400394858615783389e-01 9.899999999999985478e-01 1.443289932012703503e-15 2.835045000000000073e+04 1.795560059563589220e+03 2.534200000000000000e+04 3.297900000000000000e+04
3.740434344477361894e-01 9.899999999999985478e-01 1.443289932012703503e-15 2.842011999999999898e+04 1.989790799456063496e+03 2.486800000000000000e+04 3.491500000000000000e+04
4.114477778925098583e-01 9.899999999999985478e-01 1.443289932012703503e-15 2.789293000000000029e+04 2.125255054128797838e+03 2.416200000000000000e+04 3.582500000000000000e+04
4.525925556817608775e-01 9.899999999999985478e-01 1.443289932012703503e-15 2.766691999999999825e+04 1.898872332096078708e+03 2.443100000000000000e+04 3.491100000000000000e+04
4.978518112499369930e-01 9.899999999999985478e-01 1.443289932012703503e-15 2.777922000000000116e+04 2.255204006647736151e+03 2.422800000000000000e+04 3.560000000000000000e+04
5.476369923749306867e-01 9.899999999999985478e-01 1.443289932012703503e-15 2.738265999999999985e+04 1.763521699441206238e+03 2.361200000000000000e+04 3.197400000000000000e+04
6.024006916124238220e-01 9.899999999999985478e-01 1.443289932012703503e-15 2.702956999999999971e+04 2.074953605529530705e+03 2.352000000000000000e+04 3.290800000000000000e+04
6.626407607736662930e-01 9.899999999999985478e-01 1.443289932012703503e-15 2.644188000000000102e+04 1.836227411188494443e+03 2.384100000000000000e+04 3.475200000000000000e+04
7.289048368510330222e-01 9.899999999999985478e-01 1.443289932012703503e-15 2.676263000000000102e+04 2.284654943990448828e+03 2.327400000000000000e+04 4.005600000000000000e+04
8.017953205361363356e-01 9.899999999999985478e-01 1.443289932012703503e-15 2.634461000000000058e+04 1.532042479143447281e+03 2.339700000000000000e+04 3.128800000000000000e+04
8.819748525897500580e-01 9.899999999999985478e-01 1.443289932012703503e-15 2.642643999999999869e+04 1.906391367584315958e+03 2.358400000000000000e+04 3.514900000000000000e+04
9.701723378487251415e-01 9.899999999999985478e-01 1.443289932012703503e-15 2.636838000000000102e+04 2.069375184832368632e+03 2.325800000000000000e+04 3.423200000000000000e+04
9.801723378487251503e-01 9.899999999999985478e-01 1.443289932012703503e-15 2.659706000000000131e+04 2.251401060761942972e+03 2.336500000000000000e+04 3.552900000000000000e+04
9.901723378487251592e-01 9.899999999999985478e-01 1.443289932012703503e-15 2.688150999999999840e+04 2.229422828872979608e+03 2.249600000000000000e+04 3.332700000000000000e+04
1.000172337848725057e+00 9.899999999999985478e-01 1.443289932012703503e-15 2.657384000000000015e+04 1.994940428784779442e+03 2.338200000000000000e+04 3.424100000000000000e+04
