1.000000000000000021e-02 9.899999999999985478e-01 1.443289932012703503e-15 5.292022000000000116e+04 4.020402225101364820e+03 4.446700000000000000e+04 6.362100000000000000e+04
1.100000000000000110e-02 9.899999999999985478e-01 1.443289932012703503e-15 5.231609999999999854e+04 3.640317325453922422e+03 4.494600000000000000e+04 6.308200000000000000e+04
1.210000000000000138e-02 9.899999999999985478e-01 1.443289932012703503e-15 5.173231999999999971e+04 3.932277594168549967e+03 4.329600000000000000e+04 6.169200000000000000e+04
1.331000000000000238e-02 9.899999999999985478e-01 1.443289932012703503e-15 5.061079000000000087e+04 4.294899007648491533e+03 4.119300000000000000e+04 6.454700000000000000e+04
1.464100000000000297e-02 9.899999999999985478e-01 1.443289932012703503e-15 4.974858000000000175e+04 3.567657601788601824e+03 4.152200000000000000e+04 6.014400000000000000e+04
1.610510000000000413e-02 9.899999999999985478e-01 1.443289932012703503e-15 4.860216000000000349e+04 3.261919933781330656e+03 4.242500000000000000e+04 5.617500000000000000e+04
1.771561000000000663e-02 9.899999999999985478e-01 1.443289932012703503e-15 4.765904000000000087e+04 3.452917285195230306e+03 3.913300000000000000e+04 5.857600000000000000e+04
1.948717100000000799e-02 9.899999999999985478e-01 1.443289932012703503e-15 4.695231999999999971e+04 3.626686338463804532e+03 3.961200000000000000e+04 5.855500000000000000e+04
2.143588810000001191e-02 9.899999999999985478e-01 1.443289932012703503e-15 4.569294999999999709e+04 3.431291422700788189e+03 3.810100000000000000e+04 5.641000000000000000e+04
2.357947691000001483e-02 9.899999999999985478e-01 1.443289932012703503e-15 4.533638999999999942e+04 2.777024709630794860e+03 3.921100000000000000e+04 5.177400000000000000e+04
2.593742460100001770e-02 9.899999999999985478e-01 1.443289932012703503e-15 4.465437999999999738e+04 3.449474704299192126e+03 3.816400000000000000e+04 5.409400000000000000e+04
2.853116706110002052e-02 9.899999999999985478e-01 1.443289932012703503e-15 4.310113999999999942e+04 2.779087454615273600e+03 3.812200000000000000e+04 5.067000000000000000e+04
3.138428376721002361e-02 9.899999999999985478e-01 1.443289932012703503e-15 4.346866999999999825e+04 3.165039108936885896e+03 3.753500000000000000e+04 5.182700000000000000e+04
3.452271214393103083e-02 9.899999999999985478e-01 1.443289932012703503e-15 4.190983999999999651e+04 3.063618761269097831e+03 3.626200000000000000e+04 4.946000000000000000e+04
3.797498335832413807e-02 9.899999999999985478e-01 1.443289932012703503e-15 4.142548999999999796e+04 3.023796347292588052e+03 3.371900000000000000e+04 5.081300000000000000e+04
4.177248169415655188e-02 9.899999999999985478e-01 1.443289932012703503e-15 4.052848999999999796e+04 3.025180449146794672e+03 3.539200000000000000e+04 5.048800000000000000e+04
4.594972986357220845e-02 9.899999999999985478e-01 1.443289932012703503e-15 4.007226000000000204e+04 2.797505444570215786e+03 3.336900000000000000e+04 4.631000000000000000e+04
5.054470284992943624e-02 9.899999999999985478e-01 1.443289932012703503e-15 3.876133999999999651e+04 3.164781238000502981e+03 3.309800000000000000e+04 4.980700000000000000e+04
5.559917313492238750e-02 9.899999999999985478e-01 1.443289932012703503e-15 3.827086000000000058e+04 2.631171157564630448e+03 3.307800000000000000e+04 4.705200000000000000e+04
6.115909044841463110e-02 9.899999999999985478e-01 1.443289932012703503e-15 3.748923999999999796e+04 2.752030076579833349e+03 3.185200000000000000e+04 4.887300000000000000e+04
6.727499949325610462e-02 9.899999999999985478e-01 1.443289932012703503e-15 3.669655999999999767e+04 2.433727319647786771e+03 3.103800000000000000e+04 4.301100000000000000e+04
7.400249944258172063e-02 9.899999999999985478e-01 1.443289932012703503e-15 3.616069999999999709e+04 2.621666872430591866e+03 3.090800000000000000e+04 4.403100000000000000e+04
8.140274938683990380e-02 9.899999999999985478e-01 1.443289932012703503e-15 3.533083000000000175e+04 2.808323617587545414e+03 3.097900000000000000e+04 4.621400000000000000e+04
8.954302432552389834e-02 9.899999999999985478e-01 1.443289932012703503e-15 3.465748999999999796e+04 2.315045980083332779e+03 3.023300000000000000e+04 4.192200000000000000e+04
9.849732675807629234e-02 9.899999999999985478e-01 1.443289932012703503e-15 3.442148000000000320e+04 2.168445030338561082e+03 2.959600000000000000e+04 4.183900000000000000e+04
1.083470594338839244e-01 9.899999999999985478e-01 1.443289932012703503e-15 3.331550000000000000e+04 2.287019752866161980e+03 2.889900000000000000e+04 3.962600000000000000e+04
1.191817653772723196e-01 9.899999999999985478e-01 1.443289932012703503e-15 3.279169999999999709e+04 2.487748992563358115e+03 2.805800000000000000e+04 4.076900000000000000e+04
1.310999419149995737e-01 9.899999999999985478e-01 1.443289932012703503e-15 3.233259999999999854e+04 2.411680351953798890e+03 2.748900000000000000e+04 4.062600000000000000e+04
1.442099361064995422e-01 9.899999999999985478e-01 1.443289932012703503e-15 3.220070000000000073e+04 2.160443225359092594e+03 2.783500000000000000e+04 3.874800000000000000e+04
1.586309297171495103e-01 9.899999999999985478e-01 1.443289932012703503e-15 3.155447000000000116e+04 2.047315317458451545e+03 2.769700000000000000e+04 3.788500000000000000e+04
1.744940226888644641e-01 9.899999999999985478e-01 1.443289932012703503e-15 3.048681999999999971e+04 1.864953652936179651e+03 2.706000000000000000e+04 3.847000000000000000e+04
1.919434249577509355e-01 9.899999999999985478e-01 1.443289932012703503e-15 3.035836000000000058e+04 2.098497388704593959e+03 2.639000000000000000e+04 3.764800000000000000e+04
2.111377674535260540e-01 9.899999999999985478e-01 1.443289932012703503e-15 3.010361000000000058e+04 2.249959741395387482e+03 2.618000000000000000e+04 3.901000000000000000e+04
2.322515441988786677e-01 9.899999999999985478e-01 1.443289932012703503e-15 2.977877999999999884e+04 2.188095302220632220e+03 2.644100000000000000e+04 3.638800000000000000e+04
2.554766986187665401e-01 9.899999999999985478e-01 1.443289932012703503e-15 2.886463999999999942e+04 2.041021663383316309e+03 2.540800000000000000e+04 3.439800000000000000e+04
2.810243684806432163e-01 9.899999999999985478e-01 1.443289932012703503e-15 2.844245000000000073e+04 2.135153607471836494e+03 2.505600000000000000e+04 3.735000000000000000e+04
3.091268053287075657e-01 9.899999999999985478e-01 1.443289932012703503e-15 2.828075999999999840e+04 2.109076101614164145e+03 2.423300000000000000e+04 3.650600000000000000e+04
3.400394858615783389e-01 9.899999999999985478e-01 1.443289932012703503e-15 2.757545000000000073e+04 2.116929476269816405e+03 2.420300000000000000e+04 3.509800000000000000e+04
3.740434344477361894e-01 9.899999999999985478e-01 1.443289932012703503e-15 2.765311999999999898e+04 2.275592034086953845e+03 2.394500000000000000e+04 3.699800000000000000e+04
4.114477778925098583e-01 9.899999999999985478e-01 1.443289932012703503e-15 2.711424000000000160e+04 1.995393174890602722e+03 2.325700000000000000e+04 3.313200000000000000e+04
4.525925556817608775e-01 9.899999999999985478e-01 1.443289932012703503e-15 2.662588999999999942e+04 1.704750749493895910e+03 2.370900000000000000e+04 3.221900000000000000e+04
4.978518112499369930e-01 9.899999999999985478e-01 1.443289932012703503e-15 2.707109000000000015e+04 2.266586429391122238e+03 2.383600000000000000e+04 3.765400000000000000e+04
5.476369923749306867e-01 9.899999999999985478e-01 1.443289932012703503e-15 2.666672000000000116e+04 2.049951946168494487e+03 2.378400000000000000e+04 3.614100000000000000e+04
6.024006916124238220e-01 9.899999999999985478e-01 1.443289932012703503e-15 2.644672000000000116e+04 2.185060933154954000e+03 2.269600000000000000e+04 3.510100000000000000e+04
6.626407607736662930e-01 9.899999999999985478e-01 1.443289932012703503e-15 2.629693000000000029e+04 1.900149584927460637e+03 2.332200000000000000e+04 3.248600000000000000e+04
7.289048368510330222e-01 9.899999999999985478e-01 1.443289932012703503e-15 2.588818000000000029e+04 1.773306997561335038e+03 2.266400000000000000e+04 3.308900000000000000e+04
8.017953205361363356e-01 9.899999999999985478e-01 1.443289932012703503e-15 2.621116999999999825e+04 2.193220294703658055e+03 2.249400000000000000e+04 3.764500000000000000e+04
8.819748525897500580e-01 9.899999999999985478e-01 1.443289932012703503e-15 2.559254000000000087e+04 1.983141096442711842e+03 2.223900000000000000e+04 3.512900000000000000e+04
9.701723378487251415e-01 9.899999999999985478e-01 1.443289932012703503e-15 2.572963999999999942e+04 1.777402140878647970e+03 2.257600000000000000e+04 3.260100000000000000e+04
9.801723378487251503e-01 9.899999999999985478e-01 1.443289932012703503e-15 2.614672000000000116e+04 1.917748836943983179e+03 2.329200000000000000e+04 3.431600000000000000e+04
9.901723378487251592e-01 9.899999999999985478e-01 1.443289932012703503e-15 2.618170999999999913e+04 2.053261986669017006e+03 2.227000000000000000e+04 3.411900000000000000e+04
1.000172337848725057e+00 9.899999999999985478e-01 1.443289932012703503e-15 2.569293000000000029e+04 1.551341827290169022e+03 2.185200000000000000e+04 3.048100000000000000e+04
