1.000000000000000021e-02 9.899999999999985478e-01 1.443289932012703503e-15 6.188801000000000204e+04 4.137557614088292212e+03 5.356400000000000000e+04 7.379500000000000000e+04
1.100000000000000110e-02 9.899999999999985478e-01 1.443289932012703503e-15 6.142787000000000262e+04 4.233244131053629644e+03 5.204400000000000000e+04 7.189800000000000000e+04
1.210000000000000138e-02 9.899999999999985478e-01 1.443289932012703503e-15 6.014050000000000000e+04 3.596629187169564375e+03 4.900200000000000000e+04 6.888600000000000000e+04
1.331000000000000238e-02 9.899999999999985478e-01 1.443289932012703503e-15 5.968319000000000233e+04 4.005803209582317777e+03 5.276500000000000000e+04 6.998600000000000000e+04
1.464100000000000297e-02 9.899999999999985478e-01 1.443289932012703503e-15 5.923143000000000029e+04 4.241781303308788665e+03 5.085200000000000000e+04 7.205700000000000000e+04
1.610510000000000413e-02 9.899999999999985478e-01 1.443289932012703503e-15 5.828459999999999854e+04 3.253897610558759425e+03 5.037000000000000000e+04 6.828800000000000000e+04
1.771561000000000663e-02 9.899999999999985478e-01 1.443289932012703503e-15 5.682304000000000087e+04 4.106141219977705987e+03 4.938900000000000000e+04 6.931000000000000000e+04
1.948717100000000799e-02 9.899999999999985478e-01 1.443289932012703503e-15 5.570088999999999942e+04 3.645521594765281407e+03 4.789800000000000000e+04 6.409600000000000000e+04
2.143588810000001191e-02 9.899999999999985478e-01 1.443289932012703503e-15 5.556905000000000291e+04 3.808961946186913792e+03 4.888900000000000000e+04 6.881000000000000000e+04
2.357947691000001483e-02 9.899999999999985478e-01 1.443289932012703503e-15 5.433812999999999738e+04 3.233015748971848097e+03 4.553400000000000000e+04 6.590200000000000000e+04
2.593742460100001770e-02 9.899999999999985478e-01 1.443289932012703503e-15 5.347908000000000175e+04 3.122572845203134875e+03 4.779400000000000000e+04 6.076600000000000000e+04
2.853116706110002052e-02 9.899999999999985478e-01 1.443289932012703503e-15 5.337525000000000000e+04 2.776956706090320040e+03 4.692400000000000000e+04 6.195000000000000000e+04
3.138428376721002361e-02 9.899999999999985478e-01 1.443289932012703503e-15 5.195718000000000029e+04 2.831509687004443094e+03 4.548500000000000000e+04 5.900900000000000000e+04
3.452271214393103083e-02 9.899999999999985478e-01 1.443289932012703503e-15 5.090969999999999709e+04 3.245966489352592816e+03 4.509900000000000000e+04 6.188100000000000000e+04
3.797498335832413807e-02 9.899999999999985478e-01 1.443289932012703503e-15 5.068418000000000029e+04 2.940153803391925067e+03 4.496300000000000000e+04 5.984200000000000000e+04
4.177248169415655188e-02 9.899999999999985478e-01 1.443289932012703503e-15 4.984102999999999884e+04 2.999714994645324168e+03 4.304400000000000000e+04 5.957500000000000000e+04
4.594972986357220845e-02 9.899999999999985478e-01 1.443289932012703503e-15 4.925019999999999709e+04 2.611579100850671239e+03 4.376600000000000000e+04 5.614100000000000000e+04
5.054470284992943624e-02 9.899999999999985478e-01 1.443289932012703503e-15 4.879384999999999854e+04 2.926348897090024366e+03 4.296100000000000000e+04 5.508200000000000000e+04
5.559917313492238750e-02 9.899999999999985478e-01 1.443289932012703503e-15 4.721373000000000320e+04 2.386642720873822327e+03 4.170400000000000000e+04 5.339400000000000000e+04
6.115909044841463110e-02 9.899999999999985478e-01 1.443289932012703503e-15 4.685575000000000000e+04 2.787032046371193246e+03 4.138900000000000000e+04 5.527400000000000000e+04
6.727499949325610462e-02 9.899999999999985478e-01 1.443289932012703503e-15 4.638779000000000087e+04 2.592019017272057681e+03 4.135400000000000000e+04 5.345300000000000000e+04
7.400249944258172063e-02 9.899999999999985478e-01 1.443289932012703503e-15 4.518376999999999680e+04 2.308130528609679459e+03 3.936300000000000000e+04 5.071900000000000000e+04
8.140274938683990380e-02 9.899999999999985478e-01 1.443289932012703503e-15 4.451219000000000233e+04 2.475884168110454993e+03 3.948200000000000000e+04 5.293400000000000000e+04
8.954302432552389834e-02 9.899999999999985478e-01 1.443289932012703503e-15 4.385025000000000000e+04 2.398787649522149877e+03 3.921000000000000000e+04 4.994100000000000000e+04
9.849732675807629234e-02 9.899999999999985478e-01 1.443289932012703503e-15 4.376312000000000262e+04 2.330982253385898275e+03 3.759300000000000000e+04 4.969200000000000000e+04
1.083470594338839244e-01 9.899999999999985478e-01 1.443289932012703503e-15 4.249130999999999767e+04 2.204997789998891676e+03 3.709300000000000000e+04 5.091600000000000000e+04
1.191817653772723196e-01 9.899999999999985478e-01 1.443289932012703503e-15 4.192958999999999651e+04 2.472991128552627742e+03 3.513900000000000000e+04 4.818500000000000000e+04
1.310999419149995737e-01 9.899999999999985478e-01 1.443289932012703503e-15 4.226376999999999680e+04 2.559223858340648803e+03 3.696800000000000000e+04 5.148000000000000000e+04
1.442099361064995422e-01 9.899999999999985478e-01 1.443289932012703503e-15 4.114226999999999680e+04 2.321641229195415690e+03 3.683000000000000000e+04 4.955100000000000000e+04
1.586309297171495103e-01 9.899999999999985478e-01 1.443289932012703503e-15 4.043019999999999709e+04 2.148347350872293191e+03 3.618400000000000000e+04 4.693900000000000000e+04
1.744940226888644641e-01 9.899999999999985478e-01 1.443289932012703503e-15 3.999934999999999854e+04 2.413323079800962205e+03 3.656200000000000000e+04 5.120200000000000000e+04
1.919434249577509355e-01 9.899999999999985478e-01 1.443289932012703503e-15 3.951354000000000087e+04 2.320015725894977550e+03 3.523400000000000000e+04 4.629100000000000000e+04
2.111377674535260540e-01 9.899999999999985478e-01 1.443289932012703503e-15 3.891916999999999825e+04 2.097225462629137837e+03 3.560000000000000000e+04 4.798900000000000000e+04
2.322515441988786677e-01 9.899999999999985478e-01 1.443289932012703503e-15 3.857755999999999767e+04 2.079663984012801848e+03 3.451100000000000000e+04 4.471900000000000000e+04
2.554766986187665401e-01 9.899999999999985478e-01 1.443289932012703503e-15 3.792075000000000000e+04 2.008655124081782333e+03 3.458500000000000000e+04 4.477500000000000000e+04
2.810243684806432163e-01 9.899999999999985478e-01 1.443289932012703503e-15 3.768329000000000087e+04 2.080285126106515690e+03 3.381300000000000000e+04 4.492600000000000000e+04
3.091268053287075657e-01 9.899999999999985478e-01 1.443289932012703503e-15 3.785050000000000000e+04 1.944754604056769040e+03 3.386800000000000000e+04 4.413900000000000000e+04
3.400394858615783389e-01 9.899999999999985478e-01 1.443289932012703503e-15 3.683933000000000175e+04 1.995804609950582744e+03 3.325300000000000000e+04 4.355200000000000000e+04
3.740434344477361894e-01 9.899679999999988489e-01 1.788183435780601755e-04 1.534954060000000056e+06 6.530329880022297613e+06 3.306700000000000000e+04 3.000000000000000000e+07
4.114477778925098583e-01 9.897919999999992280e-01 4.281775332732898559e-04 8.725841140000000596e+06 1.359634654061524756e+07 3.269600000000000000e+04 3.000000000000000000e+07
4.525925556817608775e-01 9.895039999999996061e-01 6.190185780733839082e-04 1.651645244999999925e+07 1.490662275668735616e+07 3.360100000000000000e+04 3.000000000000000000e+07
4.978518112499369930e-01 9.884020000000001138e-01 1.290424736278718634e-03 2.430695692999999970e+07 1.175466293759015761e+07 3.372400000000000000e+04 3.000000000000000000e+07
5.476369923749306867e-01 9.875180000000001179e-01 1.311745402126496826e-03 2.970035567999999970e+07 2.981423340003558435e+06 3.556800000000000000e+04 3.000000000000000000e+07
6.024006916124238220e-01 9.859719999999996265e-01 1.495331401395693727e-03 2.970035878999999911e+07 2.981392395894264802e+06 3.587900000000000000e+04 3.000000000000000000e+07
6.626407607736662930e-01 9.852129999999997834e-01 1.335189499659128606e-03 3.000000000000000000e+07 0.000000000000000000e+00 3.000000000000000000e+07 3.000000000000000000e+07
7.289048368510330222e-01 9.842569999999999375e-01 1.513886059120704954e-03 3.000000000000000000e+07 0.000000000000000000e+00 3.000000000000000000e+07 3.000000000000000000e+07
8.017953205361363356e-01 9.834760000000000169e-01 1.459391654080561401e-03 3.000000000000000000e+07 0.000000000000000000e+00 3.000000000000000000e+07 3.000000000000000000e+07
8.819748525897500580e-01 9.831860000000003375e-01 1.490840031660002531e-03 3.000000000000000000e+07 0.000000000000000000e+00 3.000000000000000000e+07 3.000000000000000000e+07
9.701723378487251415e-01 9.825779999999998404e-01 1.685086347935915892e-03 3.000000000000000000e+07 0.000000000000000000e+00 3.000000000000000000e+07 3.000000000000000000e+07
9.801723378487251503e-01 9.829129999999994816e-01 1.376782844169702029e-03 3.000000000000000000e+07 0.000000000000000000e+00 3.000000000000000000e+07 3.000000000000000000e+07
9.901723378487251592e-01 9.824049999999996396e-01 1.381837544720797457e-03 3.000000000000000000e+07 0.000000000000000000e+00 3.000000000000000000e+07 3.000000000000000000e+07
1.000172337848725057e+00 9.824920000000002540e-01 1.429802783603389407e-03 3.000000000000000000e+07 0.000000000000000000e+00 3.000000000000000000e+07 3.000000000000000000e+07
