1.000000000000000021e-02 9.050000000000113726e-04 3.278719262150636086e-05 3.000000000000000000e+07 0.000000000000000000e+00 3.000000000000000000e+07 3.000000000000000000e+07
1.100000000000000110e-02 9.060000000000112885e-04 3.693237062523468348e-05 3.000000000000000000e+07 0.000000000000000000e+00 3.000000000000000000e+07 3.000000000000000000e+07
1.210000000000000138e-02 9.030000000000115408e-04 3.861346915261139052e-05 3.000000000000000000e+07 0.000000000000000000e+00 3.000000000000000000e+07 3.000000000000000000e+07
1.331000000000000238e-02 9.090000000000109277e-04 3.766961640367058627e-05 3.000000000000000000e+07 0.000000000000000000e+00 3.000000000000000000e+07 3.000000000000000000e+07
1.464100000000000297e-02 9.090000000000109277e-04 4.264973622426755591e-05 3.000000000000000000e+07 0.000000000000000000e+00 3.000000000000000000e+07 3.000000000000000000e+07
1.610510000000000413e-02 9.020000000000117334e-04 3.458323293157735762e-05 3.000000000000000000e+07 0.000000000000000000e+00 3.000000000000000000e+07 3.000000000000000000e+07
1.771561000000000663e-02 9.020000000000117334e-04 3.994996871087197525e-05 3.000000000000000000e+07 0.000000000000000000e+00 3.000000000000000000e+07 3.000000000000000000e+07
1.948717100000000799e-02 9.040000000000114567e-04 4.673328578218651809e-05 3.000000000000000000e+07 0.000000000000000000e+00 3.000000000000000000e+07 3.000000000000000000e+07
2.143588810000001191e-02 8.990000000000119857e-04 4.581484475581618689e-05 3.000000000000000000e+07 0.000000000000000000e+00 3.000000000000000000e+07 3.000000000000000000e+07
2.357947691000001483e-02 8.980000000000120698e-04 3.994996871087196848e-05 3.000000000000000000e+07 0.000000000000000000e+00 3.000000000000000000e+07 3.000000000000000000e+07
2.593742460100001770e-02 9.030000000000115408e-04 5.376802023507438967e-05 3.000000000000000000e+07 0.000000000000000000e+00 3.000000000000000000e+07 3.000000000000000000e+07
2.853116706110002052e-02 8.990000000000119857e-04 6.244197306298975654e-05 3.000000000000000000e+07 0.000000000000000000e+00 3.000000000000000000e+07 3.000000000000000000e+07
3.138428376721002361e-02 9.080000000000110118e-04 5.418486873657031268e-05 3.000000000000000000e+07 0.000000000000000000e+00 3.000000000000000000e+07 3.000000000000000000e+07
3.452271214393103083e-02 9.030000000000115408e-04 4.348562981031305443e-05 3.000000000000000000e+07 0.000000000000000000e+00 3.000000000000000000e+07 3.000000000000000000e+07
3.797498335832413807e-02 9.060000000000112885e-04 5.257375771237386214e-05 3.000000000000000000e+07 0.000000000000000000e+00 3.000000000000000000e+07 3.000000000000000000e+07
4.177248169415655188e-02 9.020000000000117334e-04 6.630233781699581554e-05 3.000000000000000000e+07 0.000000000000000000e+00 3.000000000000000000e+07 3.000000000000000000e+07
4.594972986357220845e-02 8.940000000000125147e-04 5.969924622639061418e-05 3.000000000000000000e+07 0.000000000000000000e+00 3.000000000000000000e+07 3.000000000000000000e+07
5.054470284992943624e-02 9.050000000000113726e-04 6.538348415310293784e-05 3.000000000000000000e+07 0.000000000000000000e+00 3.000000000000000000e+07 3.000000000000000000e+07
5.559917313492238750e-02 9.060000000000112885e-04 7.851114570555347888e-05 3.000000000000000000e+07 0.000000000000000000e+00 3.000000000000000000e+07 3.000000000000000000e+07
6.115909044841463110e-02 8.890000000000119595e-04 8.354040938371872741e-05 3.000000000000000000e+07 0.000000000000000000e+00 3.000000000000000000e+07 3.000000000000000000e+07
6.727499949325610462e-02 8.990000000000119857e-04 8.306021911841119450e-05 3.000000000000000000e+07 0.000000000000000000e+00 3.000000000000000000e+07 3.000000000000000000e+07
7.400249944258172063e-02 9.150000000000102062e-04 8.291561975887589407e-05 3.000000000000000000e+07 0.000000000000000000e+00 3.000000000000000000e+07 3.000000000000000000e+07
8.140274938683990380e-02 8.950000000000124306e-04 7.533259586658849587e-05 3.000000000000000000e+07 0.000000000000000000e+00 3.000000000000000000e+07 3.000000000000000000e+07
8.954302432552389834e-02 8.970000000000122624e-04 8.994998610337982174e-05 3.000000000000000000e+07 0.000000000000000000e+00 3.000000000000000000e+07 3.000000000000000000e+07
9.849732675807629234e-02 9.000000000000119016e-04 7.483314773547056513e-05 3.000000000000000000e+07 0.000000000000000000e+00 3.000000000000000000e+07 3.000000000000000000e+07
1.083470594338839244e-01 8.900000000000129596e-04 8.306623862917160591e-05 3.000000000000000000e+07 0.000000000000000000e+00 3.000000000000000000e+07 3.000000000000000000e+07
1.191817653772723196e-01 9.010000000000118175e-04 9.746281342131416111e-05 3.000000000000000000e+07 0.000000000000000000e+00 3.000000000000000000e+07 3.000000000000000000e+07
1.310999419149995737e-01 9.130000000000104829e-04 1.006528688115632992e-04 3.000000000000000000e+07 0.000000000000000000e+00 3.000000000000000000e+07 3.000000000000000000e+07
1.442099361064995422e-01 8.920000000000127913e-04 1.154816002660037335e-04 3.000000000000000000e+07 0.000000000000000000e+00 3.000000000000000000e+07 3.000000000000000000e+07
1.586309297171495103e-01 9.110000000000106511e-04 1.047807234179911972e-04 3.000000000000000000e+07 0.000000000000000000e+00 3.000000000000000000e+07 3.000000000000000000e+07
1.744940226888644641e-01 9.000000000000119016e-04 1.264911064067211950e-04 3.000000000000000000e+07 0.000000000000000000e+00 3.000000000000000000e+07 3.000000000000000000e+07
1.919434249577509355e-01 9.200000000000096772e-04 1.216552506059509351e-04 3.000000000000000000e+07 0.000000000000000000e+00 3.000000000000000000e+07 3.000000000000000000e+07
2.111377674535260540e-01 9.150000000000102062e-04 1.321930406640082795e-04 3.000000000000000000e+07 0.000000000000000000e+00 3.000000000000000000e+07 3.000000000000000000e+07
2.322515441988786677e-01 8.780000000000132100e-04 1.459999999999868250e-04 3.000000000000000000e+07 0.000000000000000000e+00 3.000000000000000000e+07 3.000000000000000000e+07
2.554766986187665401e-01 9.280000000000087875e-04 1.510496607079769870e-04 3.000000000000000000e+07 0.000000000000000000e+00 3.000000000000000000e+07 3.000000000000000000e+07
2.810243684806432163e-01 9.160000000000090379e-04 1.383618444514119123e-04 3.000000000000000000e+07 0.000000000000000000e+00 3.000000000000000000e+07 3.000000000000000000e+07
3.091268053287075657e-01 8.920000000000117071e-04 1.346699669562478137e-04 3.000000000000000000e+07 0.000000000000000000e+00 3.000000000000000000e+07 3.000000000000000000e+07
3.400394858615783389e-01 8.990000000000109015e-04 1.676275633659175552e-04 3.000000000000000000e+07 0.000000000000000000e+00 3.000000000000000000e+07 3.000000000000000000e+07
3.740434344477361894e-01 8.950000000000124306e-04 1.472243186433383575e-04 3.000000000000000000e+07 0.000000000000000000e+00 3.000000000000000000e+07 3.000000000000000000e+07
4.114477778925098583e-01 8.900000000000107912e-04 1.519868415356956251e-04 3.000000000000000000e+07 0.000000000000000000e+00 3.000000000000000000e+07 3.000000000000000000e+07
4.525925556817608775e-01 9.190000000000086771e-04 1.677468330550378783e-04 3.000000000000000000e+07 0.000000000000000000e+00 3.000000000000000000e+07 3.000000000000000000e+07
4.978518112499369930e-01 9.050000000000102884e-04 1.716828471338776815e-04 3.000000000000000000e+07 0.000000000000000000e+00 3.000000000000000000e+07 3.000000000000000000e+07
5.476369923749306867e-01 9.030000000000104566e-04 1.987234258963753919e-04 3.000000000000000000e+07 0.000000000000000000e+00 3.000000000000000000e+07 3.000000000000000000e+07
6.024006916124238220e-01 8.980000000000109856e-04 1.865368596283137402e-04 3.000000000000000000e+07 0.000000000000000000e+00 3.000000000000000000e+07 3.000000000000000000e+07
6.626407607736662930e-01 9.290000000000065350e-04 1.919869787251046516e-04 3.000000000000000000e+07 0.000000000000000000e+00 3.000000000000000000e+07 3.000000000000000000e+07
7.289048368510330222e-01 9.050000000000102884e-04 1.920286436966964075e-04 3.000000000000000000e+07 0.000000000000000000e+00 3.000000000000000000e+07 3.000000000000000000e+07
8.017953205361363356e-01 8.790000000000142101e-04 1.698793689651384214e-04 3.000000000000000000e+07 0.000000000000000000e+00 3.000000000000000000e+07 3.000000000000000000e+07
8.819748525897500580e-01 8.870000000000077909e-04 2.086408397222239196e-04 3.000000000000000000e+07 0.000000000000000000e+00 3.000000000000000000e+07 3.000000000000000000e+07
9.701723378487251415e-01 9.170000000000077612e-04 2.213842812848136989e-04 3.000000000000000000e+07 0.000000000000000000e+00 3.000000000000000000e+07 3.000000000000000000e+07
9.801723378487251503e-01 9.310000000000062583e-04 2.091387099510626625e-04 3.000000000000000000e+07 0.000000000000000000e+00 3.000000000000000000e+07 3.000000000000000000e+07
9.901723378487251592e-01 9.000000000000097332e-04 1.794435844492487590e-04 3.000000000000000000e+07 0.000000000000000000e+00 3.000000000000000000e+07 3.000000000000000000e+07
1.000172337848725057e+00 8.930000000000082620e-04 2.070048308614957325e-04 3.000000000000000000e+07 0.000000000000000000e+00 3.000000000000000000e+07 3.000000000000000000e+07
