1.000000000000000021e-02 9.899999999999985478e-01 1.443289932012703503e-15 6.391636000000000058e+04 3.559134910396064242e+03 5.556200000000000000e+04 7.338500000000000000e+04
1.100000000000000110e-02 9.899999999999985478e-01 1.443289932012703503e-15 6.333227999999999884e+04 3.345864713583022876e+03 5.603100000000000000e+04 7.266500000000000000e+04
1.210000000000000138e-02 9.899999999999985478e-01 1.443289932012703503e-15 6.239212999999999738e+04 3.861462776345255406e+03 5.570900000000000000e+04 7.433000000000000000e+04
1.331000000000000238e-02 9.899999999999985478e-01 1.443289932012703503e-15 6.153079000000000087e+04 3.164421957625119830e+03 5.138000000000000000e+04 6.853500000000000000e+04
1.464100000000000297e-02 9.899999999999985478e-01 1.443289932012703503e-15 6.140983999999999651e+04 3.672444596505167283e+03 5.332400000000000000e+04 6.980900000000000000e+04
1.610510000000000413e-02 9.899999999999985478e-01 1.443289932012703503e-15 5.953281999999999971e+04 3.398999986407767210e+03 5.359500000000000000e+04 6.874000000000000000e+04
1.771561000000000663e-02 9.899999999999985478e-01 1.443289932012703503e-15 5.923983000000000175e+04 3.828454121587457394e+03 5.118300000000000000e+04 6.826400000000000000e+04
1.948717100000000799e-02 9.899999999999985478e-01 1.443289932012703503e-15 5.754995999999999913e+04 3.447788218322000830e+03 4.970400000000000000e+04 6.838800000000000000e+04
2.143588810000001191e-02 9.899999999999985478e-01 1.443289932012703503e-15 5.756198999999999796e+04 3.278333148095233355e+03 5.041100000000000000e+04 6.507500000000000000e+04
2.357947691000001483e-02 9.899999999999985478e-01 1.443289932012703503e-15 5.633133000000000175e+04 3.324781442606416022e+03 4.836900000000000000e+04 6.478200000000000000e+04
2.593742460100001770e-02 9.899999999999985478e-01 1.443289932012703503e-15 5.576312000000000262e+04 3.737789291225496072e+03 4.868800000000000000e+04 6.930000000000000000e+04
2.853116706110002052e-02 9.899999999999985478e-01 1.443289932012703503e-15 5.415123000000000320e+04 3.066909828654895591e+03 4.657300000000000000e+04 6.167000000000000000e+04
3.138428376721002361e-02 9.899999999999985478e-01 1.443289932012703503e-15 5.411455000000000291e+04 3.149060384860856175e+03 4.838800000000000000e+04 6.607100000000000000e+04
3.452271214393103083e-02 9.899999999999985478e-01 1.443289932012703503e-15 5.305658999999999651e+04 3.394125389831671328e+03 4.385600000000000000e+04 6.301300000000000000e+04
3.797498335832413807e-02 9.899999999999985478e-01 1.443289932012703503e-15 5.266350000000000000e+04 3.459214091379717047e+03 4.507500000000000000e+04 6.436100000000000000e+04
4.177248169415655188e-02 9.899999999999985478e-01 1.443289932012703503e-15 5.090437000000000262e+04 2.993100705472503705e+03 4.455700000000000000e+04 5.927600000000000000e+04
4.594972986357220845e-02 9.899999999999985478e-01 1.443289932012703503e-15 5.043016000000000349e+04 3.073779421884400563e+03 4.511300000000000000e+04 6.361600000000000000e+04
5.054470284992943624e-02 9.899999999999985478e-01 1.443289932012703503e-15 5.028097000000000116e+04 2.787264596176689338e+03 4.538200000000000000e+04 5.859800000000000000e+04
5.559917313492238750e-02 9.899999999999985478e-01 1.443289932012703503e-15 4.887481999999999971e+04 2.557959070743705070e+03 4.227800000000000000e+04 5.516700000000000000e+04
6.115909044841463110e-02 9.899999999999985478e-01 1.443289932012703503e-15 4.830047000000000116e+04 2.397738323733430207e+03 4.284300000000000000e+04 5.403300000000000000e+04
6.727499949325610462e-02 9.899999999999985478e-01 1.443289932012703503e-15 4.739838999999999942e+04 2.483587372713108834e+03 4.173700000000000000e+04 5.338200000000000000e+04
7.400249944258172063e-02 9.899999999999985478e-01 1.443289932012703503e-15 4.686830999999999767e+04 2.626175133897204887e+03 4.180200000000000000e+04 5.448300000000000000e+04
8.140274938683990380e-02 9.899999999999985478e-01 1.443289932012703503e-15 4.594541000000000349e+04 2.643000828963169170e+03 4.087500000000000000e+04 5.405200000000000000e+04
8.954302432552389834e-02 9.899999999999985478e-01 1.443289932012703503e-15 4.513225000000000000e+04 2.405731615849947502e+03 4.122700000000000000e+04 5.245700000000000000e+04
9.849732675807629234e-02 9.899999999999985478e-01 1.443289932012703503e-15 4.438022000000000116e+04 1.876354399254043074e+03 4.080700000000000000e+04 5.169400000000000000e+04
1.083470594338839244e-01 9.899999999999985478e-01 1.443289932012703503e-15 4.443851999999999680e+04 2.691746382852589250e+03 3.980400000000000000e+04 5.430400000000000000e+04
1.191817653772723196e-01 9.899999999999985478e-01 1.443289932012703503e-15 4.313977999999999884e+04 2.267071840855511709e+03 3.837200000000000000e+04 4.840100000000000000e+04
1.310999419149995737e-01 9.899999999999985478e-01 1.443289932012703503e-15 4.266287999999999738e+04 2.286314305951830192e+03 3.743700000000000000e+04 4.959000000000000000e+04
1.442099361064995422e-01 9.899999999999985478e-01 1.443289932012703503e-15 4.179805000000000291e+04 2.329862443900927246e+03 3.720400000000000000e+04 4.850300000000000000e+04
1.586309297171495103e-01 9.899999999999985478e-01 1.443289932012703503e-15 4.131131999999999971e+04 2.315781392446187056e+03 3.720400000000000000e+04 4.798100000000000000e+04
1.744940226888644641e-01 9.899999999999985478e-01 1.443289932012703503e-15 4.037893000000000029e+04 2.130923340972170536e+03 3.648700000000000000e+04 4.739500000000000000e+04
1.919434249577509355e-01 9.899999999999985478e-01 1.443289932012703503e-15 4.010898000000000320e+04 2.189521449906348607e+03 3.533200000000000000e+04 4.672500000000000000e+04
2.111377674535260540e-01 9.899999999999985478e-01 1.443289932012703503e-15 3.929601999999999680e+04 2.155971595267433258e+03 3.422100000000000000e+04 4.659100000000000000e+04
2.322515441988786677e-01 9.899999999999985478e-01 1.443289932012703503e-15 3.920423999999999796e+04 2.260196177857134444e+03 3.512500000000000000e+04 4.603200000000000000e+04
2.554766986187665401e-01 9.899999999999985478e-01 1.443289932012703503e-15 3.854980000000000291e+04 2.256656110265806092e+03 3.414800000000000000e+04 4.825700000000000000e+04
2.810243684806432163e-01 9.899999999999985478e-01 1.443289932012703503e-15 3.801558000000000175e+04 2.216925051416939368e+03 3.356100000000000000e+04 4.574100000000000000e+04
3.091268053287075657e-01 9.899999999999985478e-01 1.443289932012703503e-15 3.742130000000000291e+04 1.876114519425720118e+03 3.312400000000000000e+04 4.173200000000000000e+04
3.400394858615783389e-01 9.899999999999985478e-01 1.443289932012703503e-15 3.675883000000000175e+04 2.043205892977994154e+03 3.298200000000000000e+04 4.325100000000000000e+04
3.740434344477361894e-01 9.899999999999985478e-01 1.443289932012703503e-15 3.665304000000000087e+04 2.877020482791180257e+03 3.356700000000000000e+04 5.577800000000000000e+04
4.114477778925098583e-01 9.899999999999985478e-01 1.443289932012703503e-15 3.614587999999999738e+04 2.035893981915561653e+03 3.257900000000000000e+04 4.445200000000000000e+04
4.525925556817608775e-01 9.899999999999985478e-01 1.443289932012703503e-15 3.550137999999999738e+04 1.918905452491081178e+03 3.235300000000000000e+04 4.340500000000000000e+04
4.978518112499369930e-01 9.899999999999985478e-01 1.443289932012703503e-15 3.565844999999999709e+04 1.968176680966422282e+03 3.233200000000000000e+04 4.407600000000000000e+04
5.476369923749306867e-01 9.899999999999985478e-01 1.443289932012703503e-15 3.496365000000000146e+04 1.861442163350771580e+03 3.141800000000000000e+04 4.265100000000000000e+04
6.024006916124238220e-01 9.899999999999985478e-01 1.443289932012703503e-15 3.478119999999999709e+04 1.763616023968935906e+03 3.182000000000000000e+04 4.166800000000000000e+04
6.626407607736662930e-01 9.899999999999985478e-01 1.443289932012703503e-15 3.524172000000000116e+04 1.951456845948687715e+03 3.126900000000000000e+04 4.389700000000000000e+04
7.289048368510330222e-01 9.899999999999985478e-01 1.443289932012703503e-15 3.486341999999999825e+04 1.929683057810271748e+03 3.150200000000000000e+04 4.397800000000000000e+04
8.017953205361363356e-01 9.899999999999985478e-01 1.443289932012703503e-15 3.527200000000000000e+04 2.124520986010728848e+03 3.193200000000000000e+04 4.197700000000000000e+04
8.819748525897500580e-01 9.899999999999985478e-01 1.443289932012703503e-15 3.485925000000000000e+04 2.051547695643462248e+03 3.166100000000000000e+04 4.107700000000000000e+04
9.701723378487251415e-01 9.899999999999985478e-01 1.443289932012703503e-15 3.482818000000000029e+04 1.920600954805552419e+03 3.155900000000000000e+04 4.042100000000000000e+04
9.801723378487251503e-01 9.899999999999985478e-01 1.443289932012703503e-15 3.475565000000000146e+04 1.888142147058848877e+03 3.107700000000000000e+04 4.220500000000000000e+04
9.901723378487251592e-01 9.899999999999985478e-01 1.443289932012703503e-15 3.480605000000000291e+04 1.908194866228289584e+03 3.178500000000000000e+04 4.492100000000000000e+04
1.000172337848725057e+00 9.899999999999985478e-01 1.443289932012703503e-15 3.466055999999999767e+04 1.650689572996691595e+03 3.150700000000000000e+04 4.020100000000000000e+04
