1.000000000000000021e-02 9.899999999999985478e-01 1.443289932012703503e-15 5.407825000000000000e+04 3.949178259777595940e+03 4.704100000000000000e+04 6.863100000000000000e+04
1.100000000000000110e-02 9.899999999999985478e-01 1.443289932012703503e-15 5.313844000000000233e+04 3.990070025250184699e+03 4.430700000000000000e+04 6.277500000000000000e+04
1.210000000000000138e-02 9.899999999999985478e-01 1.443289932012703503e-15 5.255431999999999971e+04 4.028424855647676395e+03 4.511600000000000000e+04 6.621900000000000000e+04
1.331000000000000238e-02 9.899999999999985478e-01 1.443289932012703503e-15 5.181511000000000058e+04 3.365344635828550508e+03 4.477600000000000000e+04 6.221200000000000000e+04
1.464100000000000297e-02 9.899999999999985478e-01 1.443289932012703503e-15 5.084387000000000262e+04 3.135424461392747617e+03 4.386900000000000000e+04 5.980700000000000000e+04
1.610510000000000413e-02 9.899999999999985478e-01 1.443289932012703503e-15 4.995623000000000320e+04 3.372803910265166451e+03 4.288100000000000000e+04 5.794700000000000000e+04
1.771561000000000663e-02 9.899999999999985478e-01 1.443289932012703503e-15 4.841133999999999651e+04 3.600841543917199488e+03 3.993200000000000000e+04 6.090400000000000000e+04
1.948717100000000799e-02 9.899999999999985478e-01 1.443289932012703503e-15 4.761665000000000146e+04 3.138329493138029193e+03 4.173500000000000000e+04 5.579100000000000000e+04
2.143588810000001191e-02 9.899999999999985478e-01 1.443289932012703503e-15 4.724805000000000291e+04 3.027120395276673207e+03 4.102200000000000000e+04 5.718200000000000000e+04
2.357947691000001483e-02 9.899999999999985478e-01 1.443289932012703503e-15 4.588902999999999884e+04 3.073849922995590987e+03 3.824000000000000000e+04 5.377200000000000000e+04
2.593742460100001770e-02 9.899999999999985478e-01 1.443289932012703503e-15 4.579734999999999854e+04 3.288398650939388972e+03 3.879700000000000000e+04 5.714900000000000000e+04
2.853116706110002052e-02 9.899999999999985478e-01 1.443289932012703503e-15 4.478315000000000146e+04 3.416669625161320255e+03 3.892200000000000000e+04 5.403900000000000000e+04
3.138428376721002361e-02 9.899999999999985478e-01 1.443289932012703503e-15 4.367251999999999680e+04 3.462837132987919631e+03 3.637100000000000000e+04 5.444700000000000000e+04
3.452271214393103083e-02 9.899999999999985478e-01 1.443289932012703503e-15 4.303706999999999971e+04 2.793149850097555827e+03 3.652000000000000000e+04 5.172600000000000000e+04
3.797498335832413807e-02 9.899999999999985478e-01 1.443289932012703503e-15 4.222941999999999825e+04 2.694036956613624625e+03 3.435400000000000000e+04 4.884900000000000000e+04
4.177248169415655188e-02 9.899999999999985478e-01 1.443289932012703503e-15 4.194354000000000087e+04 3.073190395728841850e+03 3.552200000000000000e+04 5.236000000000000000e+04
4.594972986357220845e-02 9.899999999999985478e-01 1.443289932012703503e-15 4.066819999999999709e+04 2.973614958262081473e+03 3.388800000000000000e+04 4.872900000000000000e+04
5.054470284992943624e-02 9.899999999999985478e-01 1.443289932012703503e-15 3.986775000000000000e+04 2.520748898145152452e+03 3.524800000000000000e+04 4.776700000000000000e+04
5.559917313492238750e-02 9.899999999999985478e-01 1.443289932012703503e-15 3.954270999999999913e+04 2.734978008302809030e+03 3.421300000000000000e+04 4.851900000000000000e+04
6.115909044841463110e-02 9.899999999999985478e-01 1.443289932012703503e-15 3.874875000000000000e+04 2.600199247653918064e+03 3.436400000000000000e+04 4.858600000000000000e+04
6.727499949325610462e-02 9.899999999999985478e-01 1.443289932012703503e-15 3.817347000000000116e+04 3.023240117671766711e+03 3.265500000000000000e+04 4.910500000000000000e+04
7.400249944258172063e-02 9.899999999999985478e-01 1.443289932012703503e-15 3.710344000000000233e+04 2.541863239122042160e+03 3.241000000000000000e+04 4.633300000000000000e+04
8.140274938683990380e-02 9.899999999999985478e-01 1.443289932012703503e-15 3.659888999999999942e+04 2.401596676775681772e+03 3.120300000000000000e+04 4.497900000000000000e+04
8.954302432552389834e-02 9.899999999999985478e-01 1.443289932012703503e-15 3.582327999999999884e+04 2.005585874900399403e+03 3.188200000000000000e+04 4.057400000000000000e+04
9.849732675807629234e-02 9.899999999999985478e-01 1.443289932012703503e-15 3.538505999999999767e+04 2.386369710753134768e+03 2.982900000000000000e+04 4.309900000000000000e+04
1.083470594338839244e-01 9.899999999999985478e-01 1.443289932012703503e-15 3.493038999999999942e+04 2.569777445208046629e+03 3.072700000000000000e+04 4.569000000000000000e+04
1.191817653772723196e-01 9.899999999999985478e-01 1.443289932012703503e-15 3.437876999999999680e+04 2.265231793238829141e+03 3.048400000000000000e+04 4.365100000000000000e+04
1.310999419149995737e-01 9.899999999999985478e-01 1.443289932012703503e-15 3.346188999999999942e+04 2.200514984702445417e+03 2.860400000000000000e+04 4.474400000000000000e+04
1.442099361064995422e-01 9.899999999999985478e-01 1.443289932012703503e-15 3.336248000000000320e+04 2.544690996879582599e+03 2.866800000000000000e+04 4.454600000000000000e+04
1.586309297171495103e-01 9.899999999999985478e-01 1.443289932012703503e-15 3.258568999999999869e+04 2.121744780575646473e+03 2.780800000000000000e+04 3.809100000000000000e+04
1.744940226888644641e-01 9.899999999999985478e-01 1.443289932012703503e-15 3.203681000000000131e+04 2.347525069919382531e+03 2.792600000000000000e+04 3.957600000000000000e+04
1.919434249577509355e-01 9.899999999999985478e-01 1.443289932012703503e-15 3.155100000000000000e+04 2.246929148860729129e+03 2.665700000000000000e+04 3.956200000000000000e+04
2.111377674535260540e-01 9.899999999999985478e-01 1.443289932012703503e-15 3.118947000000000116e+04 2.176500537353483196e+03 2.759200000000000000e+04 3.900100000000000000e+04
2.322515441988786677e-01 9.899999999999985478e-01 1.443289932012703503e-15 3.022429000000000087e+04 2.066490098185810439e+03 2.735900000000000000e+04 3.959300000000000000e+04
2.554766986187665401e-01 9.899999999999985478e-01 1.443289932012703503e-15 3.021859000000000015e+04 2.019748870998570510e+03 2.663500000000000000e+04 3.641500000000000000e+04
2.810243684806432163e-01 9.899999999999985478e-01 1.443289932012703503e-15 2.994720000000000073e+04 2.094401193658941793e+03 2.664800000000000000e+04 3.787300000000000000e+04
3.091268053287075657e-01 9.899999999999985478e-01 1.443289932012703503e-15 2.902166999999999825e+04 1.868270301937061959e+03 2.606400000000000000e+04 3.548700000000000000e+04
3.400394858615783389e-01 9.899999999999985478e-01 1.443289932012703503e-15 2.892334999999999854e+04 1.884364340434195583e+03 2.553500000000000000e+04 3.554100000000000000e+04
3.740434344477361894e-01 9.899999999999985478e-01 1.443289932012703503e-15 2.841156999999999971e+04 1.701603997732727521e+03 2.553800000000000000e+04 3.527400000000000000e+04
4.114477778925098583e-01 9.899999999999985478e-01 1.443289932012703503e-15 2.828909000000000015e+04 1.949016875735045915e+03 2.475700000000000000e+04 3.785600000000000000e+04
4.525925556817608775e-01 9.899999999999985478e-01 1.443289932012703503e-15 2.787900999999999840e+04 1.715526207873257817e+03 2.470600000000000000e+04 3.288000000000000000e+04
4.978518112499369930e-01 9.899999999999985478e-01 1.443289932012703503e-15 2.822568999999999869e+04 1.960289247509152574e+03 2.509000000000000000e+04 3.677000000000000000e+04
5.476369923749306867e-01 9.899999999999985478e-01 1.443289932012703503e-15 2.775072999999999956e+04 2.014334713273839043e+03 2.365000000000000000e+04 3.590400000000000000e+04
6.024006916124238220e-01 9.899999999999985478e-01 1.443289932012703503e-15 2.744600000000000000e+04 1.774420209533243678e+03 2.366700000000000000e+04 3.268800000000000000e+04
6.626407607736662930e-01 9.899999999999985478e-01 1.443289932012703503e-15 2.723409000000000015e+04 1.926214905429817463e+03 2.370100000000000000e+04 3.372000000000000000e+04
7.289048368510330222e-01 9.899999999999985478e-01 1.443289932012703503e-15 2.716245999999999913e+04 2.358195464417654421e+03 2.398400000000000000e+04 3.554100000000000000e+04
8.017953205361363356e-01 9.899999999999985478e-01 1.443289932012703503e-15 2.719015999999999985e+04 2.265517974856963974e+03 2.425500000000000000e+04 3.671500000000000000e+04
8.819748525897500580e-01 9.899999999999985478e-01 1.443289932012703503e-15 2.722343999999999869e+04 1.957437004452506244e+03 2.414500000000000000e+04 3.698500000000000000e+04
9.701723378487251415e-01 9.899999999999985478e-01 1.443289932012703503e-15 2.716690999999999985e+04 1.857165625866470464e+03 2.424600000000000000e+04 3.258200000000000000e+04
9.801723378487251503e-01 9.899999999999985478e-01 1.443289932012703503e-15 2.708327999999999884e+04 1.940527552393936503e+03 2.357800000000000000e+04 3.501500000000000000e+04
9.901723378487251592e-01 9.899999999999985478e-01 1.443289932012703503e-15 2.725547000000000116e+04 1.725333297974626021e+03 2.432300000000000000e+04 3.252500000000000000e+04
1.000172337848725057e+00 9.899999999999985478e-01 1.443289932012703503e-15 2.752352999999999884e+04 2.459171427351090188e+03 2.395500000000000000e+04 4.116100000000000000e+04
