1.000000000000000021e-02 9.899999999999985478e-01 1.443289932012703503e-15 4.252009999999999854e+04 2.879388547938606735e+03 3.465800000000000000e+04 4.779300000000000000e+04
1.100000000000000110e-02 9.899999999999985478e-01 1.443289932012703503e-15 4.081516999999999825e+04 2.963123618936612274e+03 3.558000000000000000e+04 4.891000000000000000e+04
1.210000000000000138e-02 9.899999999999985478e-01 1.443289932012703503e-15 4.043359999999999854e+04 2.549946732776980753e+03 3.534700000000000000e+04 4.739700000000000000e+04
1.331000000000000238e-02 9.899999999999985478e-01 1.443289932012703503e-15 3.982180000000000291e+04 3.097590214989709693e+03 3.307300000000000000e+04 4.779800000000000000e+04
1.464100000000000297e-02 9.899999999999985478e-01 1.443289932012703503e-15 3.851201999999999680e+04 2.897096791548393867e+03 3.347300000000000000e+04 4.920100000000000000e+04
1.610510000000000413e-02 9.899999999999985478e-01 1.443289932012703503e-15 3.749973000000000320e+04 2.342155412670133501e+03 3.191900000000000000e+04 4.468800000000000000e+04
1.771561000000000663e-02 9.899999999999985478e-01 1.443289932012703503e-15 3.667273999999999796e+04 2.328242717673567313e+03 3.062600000000000000e+04 4.219100000000000000e+04
1.948717100000000799e-02 9.899999999999985478e-01 1.443289932012703503e-15 3.601829000000000087e+04 2.578573257811381154e+03 3.103800000000000000e+04 4.348400000000000000e+04
2.143588810000001191e-02 9.899999999999985478e-01 1.443289932012703503e-15 3.541870999999999913e+04 2.263783586365975680e+03 2.993400000000000000e+04 4.244100000000000000e+04
2.357947691000001483e-02 9.899999999999985478e-01 1.443289932012703503e-15 3.470019000000000233e+04 2.244635786469599680e+03 3.014900000000000000e+04 4.175500000000000000e+04
2.593742460100001770e-02 9.899999999999985478e-01 1.443289932012703503e-15 3.445520999999999913e+04 2.380106238364161527e+03 2.939300000000000000e+04 4.302600000000000000e+04
2.853116706110002052e-02 9.899999999999985478e-01 1.443289932012703503e-15 3.314312999999999738e+04 2.172529059207264709e+03 2.747500000000000000e+04 3.970400000000000000e+04
3.138428376721002361e-02 9.899999999999985478e-01 1.443289932012703503e-15 3.256590000000000146e+04 2.241392466749186042e+03 2.734100000000000000e+04 3.855900000000000000e+04
3.452271214393103083e-02 9.899999999999985478e-01 1.443289932012703503e-15 3.214988999999999942e+04 2.256536566931721154e+03 2.676300000000000000e+04 3.858200000000000000e+04
3.797498335832413807e-02 9.899999999999985478e-01 1.443289932012703503e-15 3.072956000000000131e+04 1.778659255281910646e+03 2.601900000000000000e+04 3.609900000000000000e+04
4.177248169415655188e-02 9.899999999999985478e-01 1.443289932012703503e-15 3.056811000000000058e+04 1.958266554353619995e+03 2.634500000000000000e+04 3.544300000000000000e+04
4.594972986357220845e-02 9.899999999999985478e-01 1.443289932012703503e-15 2.978758000000000175e+04 1.666586992508941876e+03 2.587500000000000000e+04 3.412800000000000000e+04
5.054470284992943624e-02 9.899999999999985478e-01 1.443289932012703503e-15 2.882702000000000044e+04 1.751624908363660097e+03 2.537400000000000000e+04 3.571200000000000000e+04
5.559917313492238750e-02 9.899999999999985478e-01 1.443289932012703503e-15 2.829309999999999854e+04 1.831486699378404637e+03 2.362600000000000000e+04 3.388600000000000000e+04
6.115909044841463110e-02 9.899999999999985478e-01 1.443289932012703503e-15 2.754177000000000044e+04 1.769614691705513678e+03 2.324300000000000000e+04 3.215000000000000000e+04
6.727499949325610462e-02 9.899999999999985478e-01 1.443289932012703503e-15 2.702440000000000146e+04 1.636668396468875699e+03 2.305000000000000000e+04 3.235500000000000000e+04
7.400249944258172063e-02 9.899999999999985478e-01 1.443289932012703503e-15 2.653083000000000175e+04 1.632871691560607360e+03 2.349500000000000000e+04 3.112500000000000000e+04
8.140274938683990380e-02 9.899999999999985478e-01 1.443289932012703503e-15 2.581713999999999942e+04 1.614902096227508537e+03 2.266600000000000000e+04 3.308000000000000000e+04
8.954302432552389834e-02 9.899999999999985478e-01 1.443289932012703503e-15 2.515727999999999884e+04 1.226339871976769473e+03 2.180500000000000000e+04 2.926100000000000000e+04
9.849732675807629234e-02 9.899999999999985478e-01 1.443289932012703503e-15 2.453986999999999898e+04 1.115694596697501538e+03 2.160300000000000000e+04 2.805000000000000000e+04
1.083470594338839244e-01 9.899999999999985478e-01 1.443289932012703503e-15 2.392084000000000015e+04 1.102977839487267602e+03 2.121500000000000000e+04 2.777800000000000000e+04
1.191817653772723196e-01 9.899999999999985478e-01 1.443289932012703503e-15 2.369393000000000029e+04 1.391215556662589734e+03 2.039900000000000000e+04 2.763100000000000000e+04
1.310999419149995737e-01 9.899999999999985478e-01 1.443289932012703503e-15 2.300618999999999869e+04 1.159784425615381224e+03 2.072800000000000000e+04 2.605700000000000000e+04
1.442099361064995422e-01 9.899999999999985478e-01 1.443289932012703503e-15 2.259554000000000087e+04 1.272021174509292905e+03 1.985300000000000000e+04 2.633600000000000000e+04
1.586309297171495103e-01 9.899999999999985478e-01 1.443289932012703503e-15 2.199040999999999985e+04 1.148056036045279370e+03 1.953000000000000000e+04 2.577100000000000000e+04
1.744940226888644641e-01 9.899999999999985478e-01 1.443289932012703503e-15 2.166177999999999884e+04 9.705970799461533716e+02 1.941600000000000000e+04 2.489100000000000000e+04
1.919434249577509355e-01 9.899999999999985478e-01 1.443289932012703503e-15 2.113959999999999854e+04 1.059820748994847690e+03 1.840600000000000000e+04 2.422500000000000000e+04
2.111377674535260540e-01 9.899999999999985478e-01 1.443289932012703503e-15 2.074459000000000015e+04 9.868102461466438626e+02 1.869600000000000000e+04 2.443600000000000000e+04
2.322515441988786677e-01 9.899999999999985478e-01 1.443289932012703503e-15 2.045340000000000146e+04 1.029964106170695686e+03 1.853100000000000000e+04 2.434400000000000000e+04
2.554766986187665401e-01 9.899999999999985478e-01 1.443289932012703503e-15 2.003027000000000044e+04 8.776265248384419237e+02 1.824600000000000000e+04 2.243000000000000000e+04
2.810243684806432163e-01 9.899999999999985478e-01 1.443289932012703503e-15 1.980863999999999942e+04 7.932655484766751215e+02 1.801200000000000000e+04 2.167300000000000000e+04
3.091268053287075657e-01 9.899999999999985478e-01 1.443289932012703503e-15 1.931365999999999985e+04 8.654144928298809418e+02 1.764300000000000000e+04 2.211400000000000000e+04
3.400394858615783389e-01 9.899999999999985478e-01 1.443289932012703503e-15 1.891343000000000029e+04 7.727188396176193237e+02 1.720600000000000000e+04 2.157700000000000000e+04
3.740434344477361894e-01 9.899999999999985478e-01 1.443289932012703503e-15 1.866086000000000058e+04 7.318724891673412003e+02 1.689700000000000000e+04 2.062600000000000000e+04
4.114477778925098583e-01 9.899999999999985478e-01 1.443289932012703503e-15 1.853281000000000131e+04 7.892000468195627718e+02 1.656700000000000000e+04 2.062000000000000000e+04
4.525925556817608775e-01 9.899999999999985478e-01 1.443289932012703503e-15 1.816475000000000000e+04 7.107780437661253927e+02 1.632100000000000000e+04 2.014500000000000000e+04
4.978518112499369930e-01 9.899999999999985478e-01 1.443289932012703503e-15 1.814225000000000000e+04 8.550483772863381091e+02 1.660400000000000000e+04 2.038100000000000000e+04
5.476369923749306867e-01 9.899999999999985478e-01 1.443289932012703503e-15 1.786981000000000131e+04 7.797923402419392005e+02 1.625000000000000000e+04 2.094100000000000000e+04
6.024006916124238220e-01 9.899999999999985478e-01 1.443289932012703503e-15 1.763565000000000146e+04 6.197532634040744597e+02 1.631000000000000000e+04 1.907500000000000000e+04
6.626407607736662930e-01 9.899999999999985478e-01 1.443289932012703503e-15 1.756481000000000131e+04 7.889227933708090177e+02 1.597300000000000000e+04 1.994000000000000000e+04
7.289048368510330222e-01 9.899999999999985478e-01 1.443289932012703503e-15 1.753790000000000146e+04 7.225255912422754818e+02 1.622400000000000000e+04 1.992100000000000000e+04
8.017953205361363356e-01 9.899999999999985478e-01 1.443289932012703503e-15 1.741393000000000029e+04 6.218797030776935344e+02 1.615500000000000000e+04 1.944200000000000000e+04
8.819748525897500580e-01 9.899999999999985478e-01 1.443289932012703503e-15 1.729824000000000160e+04 5.972470363258406678e+02 1.607600000000000000e+04 1.888700000000000000e+04
9.701723378487251415e-01 9.899999999999985478e-01 1.443289932012703503e-15 1.749399000000000160e+04 6.480562243355124110e+02 1.628900000000000000e+04 1.970600000000000000e+04
9.801723378487251503e-01 9.899999999999985478e-01 1.443289932012703503e-15 1.728863999999999942e+04 6.401491157535094771e+02 1.615600000000000000e+04 1.889900000000000000e+04
9.901723378487251592e-01 9.899999999999985478e-01 1.443289932012703503e-15 1.736431999999999971e+04 6.191664054194154687e+02 1.616200000000000000e+04 1.870000000000000000e+04
1.000172337848725057e+00 9.899999999999985478e-01 1.443289932012703503e-15 1.735622999999999956e+04 6.121688958939355416e+02 1.592800000000000000e+04 1.901500000000000000e+04
