1.000000000000000021e-02 9.805259999999995646e-01 7.621556533937148652e-03 2.730782660000000149e+07 8.560565867779418826e+06 8.137100000000000000e+04 3.000000000000000000e+07
1.100000000000000110e-02 9.800779999999995606e-01 7.348150515605947168e-03 2.611053810999999940e+07 1.006184160871884227e+07 7.427700000000000000e+04 3.000000000000000000e+07
1.210000000000000138e-02 9.803010000000002000e-01 7.539873937938219167e-03 2.790606169000000134e+07 7.632315997296269052e+06 7.814900000000000000e+04 3.000000000000000000e+07
1.331000000000000238e-02 9.806020000000000847e-01 7.208258874374589599e-03 2.670903608999999985e+07 9.360990118552993983e+06 7.385200000000000000e+04 3.000000000000000000e+07
1.464100000000000297e-02 9.799129999999993679e-01 7.789822270116310461e-03 2.641007305000000075e+07 9.721568305969968438e+06 7.855100000000000000e+04 3.000000000000000000e+07
1.610510000000000413e-02 9.799990000000003976e-01 8.292556843338490594e-03 2.730737225000000000e+07 8.562010628860730678e+06 7.408300000000000000e+04 3.000000000000000000e+07
1.771561000000000663e-02 9.794079999999998343e-01 8.193456901699059172e-03 2.640962566000000015e+07 9.722779721111709252e+06 7.542000000000000000e+04 3.000000000000000000e+07
1.948717100000000799e-02 9.793759999999999133e-01 8.877512264142468912e-03 2.581114632999999821e+07 1.038198511416791007e+07 7.061700000000000000e+04 3.000000000000000000e+07
2.143588810000001191e-02 9.802669999999999995e-01 8.943814119267015986e-03 2.551198412000000104e+07 1.068361483117602579e+07 7.473600000000000000e+04 3.000000000000000000e+07
2.357947691000001483e-02 9.817249999999998478e-01 6.629832199988169687e-03 2.640944316000000015e+07 9.723274040594821796e+06 7.212600000000000000e+04 3.000000000000000000e+07
2.593742460100001770e-02 9.790700000000001069e-01 8.572800009331844537e-03 2.850369057000000030e+07 6.522261637480894104e+06 6.867600000000000000e+04 3.000000000000000000e+07
2.853116706110002052e-02 9.792649999999994970e-01 7.426430838565730233e-03 2.790566264999999851e+07 7.633770528224017471e+06 7.175800000000000000e+04 3.000000000000000000e+07
3.138428376721002361e-02 9.787929999999999131e-01 8.350967069747073507e-03 2.670821371999999881e+07 9.363329255122134462e+06 6.798000000000000000e+04 3.000000000000000000e+07
3.452271214393103083e-02 9.794790000000002106e-01 7.560162630525881118e-03 2.820439333999999985e+07 7.107216048823883757e+06 6.205200000000000000e+04 3.000000000000000000e+07
3.797498335832413807e-02 9.781130000000003433e-01 9.895379275197083158e-03 2.730640446999999881e+07 8.565087927966836840e+06 6.753400000000000000e+04 3.000000000000000000e+07
4.177248169415655188e-02 9.807000000000001272e-01 6.855333689908898152e-03 2.790490155000000075e+07 7.636544611545610242e+06 6.482300000000000000e+04 3.000000000000000000e+07
4.594972986357220845e-02 9.800579999999999847e-01 7.721103289038425133e-03 2.760576994999999925e+07 8.119229152139774524e+06 6.910700000000000000e+04 3.000000000000000000e+07
5.054470284992943624e-02 9.796010000000001661e-01 6.515220564186599735e-03 2.760545583999999985e+07 8.120294385059044696e+06 6.376300000000000000e+04 3.000000000000000000e+07
5.559917313492238750e-02 9.810940000000001326e-01 7.347514137448119161e-03 2.551013521999999881e+07 1.068801611087089218e+07 6.130400000000000000e+04 3.000000000000000000e+07
6.115909044841463110e-02 9.812480000000002311e-01 6.699022018175492151e-03 2.760532103000000119e+07 8.120751506080166437e+06 6.369800000000000000e+04 3.000000000000000000e+07
6.727499949325610462e-02 9.817209999999998438e-01 7.123977751228588104e-03 2.610842212999999896e+07 1.006731548205483891e+07 5.993900000000000000e+04 3.000000000000000000e+07
7.400249944258172063e-02 9.824869999999999992e-01 7.318970624343291639e-03 2.521031998000000045e+07 1.097453568357634731e+07 5.769100000000000000e+04 3.000000000000000000e+07
8.140274938683990380e-02 9.828789999999995031e-01 6.059872853451625345e-03 2.521046137000000104e+07 1.097421179418575764e+07 5.947300000000000000e+04 3.000000000000000000e+07
8.954302432552389834e-02 9.843839999999997037e-01 5.614974977682447160e-03 2.461142021999999881e+07 1.150124862877172045e+07 5.893400000000000000e+04 3.000000000000000000e+07
9.849732675807629234e-02 9.842719999999997027e-01 5.027744623586209369e-03 2.461125073999999836e+07 1.150161042053643987e+07 5.762800000000000000e+04 3.000000000000000000e+07
1.083470594338839244e-01 9.856669999999994047e-01 4.444143449529954285e-03 2.101826717000000179e+07 1.371982365106125176e+07 5.538400000000000000e+04 3.000000000000000000e+07
1.191817653772723196e-01 9.867589999999998307e-01 3.871229649607469715e-03 2.011989064000000060e+07 1.407803973994823359e+07 5.424800000000000000e+04 3.000000000000000000e+07
1.310999419149995737e-01 9.875129999999997521e-01 3.723564287077638091e-03 1.592759309999999963e+07 1.494367435588317178e+07 5.043500000000000000e+04 3.000000000000000000e+07
1.442099361064995422e-01 9.885719999999993401e-01 2.392700566305778521e-03 1.383091257000000030e+07 1.492339207590182126e+07 5.240200000000000000e+04 3.000000000000000000e+07
1.586309297171495103e-01 9.891419999999990775e-01 1.605626357531532780e-03 1.113555476999999955e+07 1.445688181620893069e+07 4.982100000000000000e+04 3.000000000000000000e+07
1.744940226888644641e-01 9.894369999999991228e-01 1.299973461267565867e-03 6.942464679999999702e+06 1.260176714121883363e+07 4.824200000000000000e+04 3.000000000000000000e+07
1.919434249577509355e-01 9.895539999999989345e-01 1.129196174276188812e-03 6.641963320000000298e+06 1.240510324818262644e+07 4.856100000000000000e+04 3.000000000000000000e+07
2.111377674535260540e-01 9.899759999999985238e-01 1.393700111214782929e-04 9.513314899999999907e+05 5.108589897861951031e+06 4.668100000000000000e+04 3.000000000000000000e+07
2.322515441988786677e-01 9.899099999999986244e-01 4.863126566315126471e-04 1.549376770000000019e+06 6.527021136660944670e+06 4.606900000000000000e+04 3.000000000000000000e+07
2.554766986187665401e-01 9.899689999999985446e-01 2.225735833381849919e-04 6.496524000000000233e+05 4.192907473667590879e+06 4.560200000000000000e+04 3.000000000000000000e+07
2.810243684806432163e-01 9.899829999999986141e-01 1.241410488114235474e-04 6.488306199999999953e+05 4.193024924181588925e+06 4.493100000000000000e+04 3.000000000000000000e+07
3.091268053287075657e-01 9.899979999999986013e-01 1.399999999999847513e-05 6.480656700000000419e+05 4.193134080361627974e+06 4.421900000000000000e+04 3.000000000000000000e+07
3.400394858615783389e-01 9.899249999999986116e-01 3.525265947414477465e-04 1.546190550000000047e+06 6.527751917633106932e+06 4.459200000000000000e+04 3.000000000000000000e+07
3.740434344477361894e-01 9.897589999999985011e-01 5.837970537781054983e-04 8.135273450000000186e+06 1.329733181853727438e+07 4.433900000000000000e+04 3.000000000000000000e+07
4.114477778925098583e-01 9.892119999999993141e-01 1.106822478991093461e-03 1.532326234999999963e+07 1.497326741731023043e+07 4.335900000000000000e+04 3.000000000000000000e+07
4.525925556817608775e-01 9.877810000000003532e-01 1.405325229261892694e-03 2.850233562000000104e+07 6.528167693910871632e+06 4.371400000000000000e+04 3.000000000000000000e+07
4.978518112499369930e-01 9.858569999999997613e-01 1.792107976657659942e-03 3.000000000000000000e+07 0.000000000000000000e+00 3.000000000000000000e+07 3.000000000000000000e+07
5.476369923749306867e-01 9.830320000000003500e-01 1.619251679017198742e-03 3.000000000000000000e+07 0.000000000000000000e+00 3.000000000000000000e+07 3.000000000000000000e+07
6.024006916124238220e-01 9.802830000000003485e-01 2.012265141575536077e-03 3.000000000000000000e+07 0.000000000000000000e+00 3.000000000000000000e+07 3.000000000000000000e+07
6.626407607736662930e-01 9.774339999999998030e-01 2.088215506119997511e-03 3.000000000000000000e+07 0.000000000000000000e+00 3.000000000000000000e+07 3.000000000000000000e+07
7.289048368510330222e-01 9.749200000000000088e-01 1.999249859322236450e-03 3.000000000000000000e+07 0.000000000000000000e+00 3.000000000000000000e+07 3.000000000000000000e+07
8.017953205361363356e-01 9.726209999999997358e-01 2.210307444678227731e-03 3.000000000000000000e+07 0.000000000000000000e+00 3.000000000000000000e+07 3.000000000000000000e+07
8.819748525897500580e-01 9.708889999999993359e-01 2.192938439628437999e-03 3.000000000000000000e+07 0.000000000000000000e+00 3.000000000000000000e+07 3.000000000000000000e+07
9.701723378487251415e-01 9.702179999999996918e-01 2.418817066253670708e-03 3.000000000000000000e+07 0.000000000000000000e+00 3.000000000000000000e+07 3.000000000000000000e+07
9.801723378487251503e-01 9.702699999999997438e-01 2.011690831116948706e-03 3.000000000000000000e+07 0.000000000000000000e+00 3.000000000000000000e+07 3.000000000000000000e+07
9.901723378487251592e-01 9.702690000000002701e-01 2.255424350316369026e-03 3.000000000000000000e+07 0.000000000000000000e+00 3.000000000000000000e+07 3.000000000000000000e+07
1.000172337848725057e+00 9.700390000000003177e-01 2.446339919144515773e-03 3.000000000000000000e+07 0.000000000000000000e+00 3.000000000000000000e+07 3.000000000000000000e+07
