1.000000000000000021e-02 9.899999999999985478e-01 1.443289932012703503e-15 7.294275999999999476e+04 4.324252721846862187e+03 6.288600000000000000e+04 8.944900000000000000e+04
1.100000000000000110e-02 9.899999999999985478e-01 1.443289932012703503e-15 7.217180999999999767e+04 4.115771982739083796e+03 6.168000000000000000e+04 8.272600000000000000e+04
1.210000000000000138e-02 9.899999999999985478e-01 1.443289932012703503e-15 7.121635000000000582e+04 3.348453145483747903e+03 6.415300000000000000e+04 8.205100000000000000e+04
1.331000000000000238e-02 9.899999999999985478e-01 1.443289932012703503e-15 6.981996000000000640e+04 3.859306859838952732e+03 5.851900000000000000e+04 8.022200000000000000e+04
1.464100000000000297e-02 9.899999999999985478e-01 1.443289932012703503e-15 6.986861000000000058e+04 3.605278091617899463e+03 6.104500000000000000e+04 8.158000000000000000e+04
1.610510000000000413e-02 9.899999999999985478e-01 1.443289932012703503e-15 6.907189999999999418e+04 3.883671369979699193e+03 6.120500000000000000e+04 8.784100000000000000e+04
1.771561000000000663e-02 9.899999999999985478e-01 1.443289932012703503e-15 6.870325000000000000e+04 3.486106915672552987e+03 6.073200000000000000e+04 8.163100000000000000e+04
1.948717100000000799e-02 9.899999999999985478e-01 1.443289932012703503e-15 6.610899000000000524e+04 3.956728126861889905e+03 5.919200000000000000e+04 7.761700000000000000e+04
2.143588810000001191e-02 9.899999999999985478e-01 1.443289932012703503e-15 6.608141000000000349e+04 3.584270497869823885e+03 5.849100000000000000e+04 7.701300000000000000e+04
2.357947691000001483e-02 9.899999999999985478e-01 1.443289932012703503e-15 6.489918000000000029e+04 3.682252007617078107e+03 5.609400000000000000e+04 7.572400000000000000e+04
2.593742460100001770e-02 9.899999999999985478e-01 1.443289932012703503e-15 6.465763999999999942e+04 3.265201946342676365e+03 5.654800000000000000e+04 7.302200000000000000e+04
2.853116706110002052e-02 9.899999999999985478e-01 1.443289932012703503e-15 6.346444999999999709e+04 3.400761077685405780e+03 5.614300000000000000e+04 7.173300000000000000e+04
3.138428376721002361e-02 9.899999999999985478e-01 1.443289932012703503e-15 6.293072000000000116e+04 3.034087042522017327e+03 5.747200000000000000e+04 7.018600000000000000e+04
3.452271214393103083e-02 9.899999999999985478e-01 1.443289932012703503e-15 6.143327999999999884e+04 2.982192261005317050e+03 5.530700000000000000e+04 7.013200000000000000e+04
3.797498335832413807e-02 9.899999999999985478e-01 1.443289932012703503e-15 6.071716000000000349e+04 3.601696516143467761e+03 5.245600000000000000e+04 7.193000000000000000e+04
4.177248169415655188e-02 9.899999999999985478e-01 1.443289932012703503e-15 5.982094999999999709e+04 3.206578093154757880e+03 5.309400000000000000e+04 6.870000000000000000e+04
4.594972986357220845e-02 9.899999999999985478e-01 1.443289932012703503e-15 5.974869000000000233e+04 3.663496724974651897e+03 5.327400000000000000e+04 7.187100000000000000e+04
5.054470284992943624e-02 9.899999999999985478e-01 1.443289932012703503e-15 5.780869000000000233e+04 2.967488010742418737e+03 5.066900000000000000e+04 6.536500000000000000e+04
5.559917313492238750e-02 9.899999999999985478e-01 1.443289932012703503e-15 5.744884999999999854e+04 2.836565970940918760e+03 5.146600000000000000e+04 6.463500000000000000e+04
6.115909044841463110e-02 9.899999999999985478e-01 1.443289932012703503e-15 5.674198000000000320e+04 2.718907096537136113e+03 5.009500000000000000e+04 6.497300000000000000e+04
6.727499949325610462e-02 9.899999999999985478e-01 1.443289932012703503e-15 5.606530000000000291e+04 2.872805035152925029e+03 4.854200000000000000e+04 6.690700000000000000e+04
7.400249944258172063e-02 9.899999999999985478e-01 1.443289932012703503e-15 5.511765000000000146e+04 2.435863959152891312e+03 5.075900000000000000e+04 6.044200000000000000e+04
8.140274938683990380e-02 9.899999999999985478e-01 1.443289932012703503e-15 5.442641999999999825e+04 2.784292711551714547e+03 4.883700000000000000e+04 6.222600000000000000e+04
8.954302432552389834e-02 9.899999999999985478e-01 1.443289932012703503e-15 5.337612000000000262e+04 2.669842981450407478e+03 4.831200000000000000e+04 6.053500000000000000e+04
9.849732675807629234e-02 9.899999999999985478e-01 1.443289932012703503e-15 5.273036000000000058e+04 2.810667196663455343e+03 4.597000000000000000e+04 5.977300000000000000e+04
1.083470594338839244e-01 9.899999999999985478e-01 1.443289932012703503e-15 5.159177999999999884e+04 2.838364034369094043e+03 4.487200000000000000e+04 5.954500000000000000e+04
1.191817653772723196e-01 9.899999999999985478e-01 1.443289932012703503e-15 5.103580999999999767e+04 2.427900387968995801e+03 4.661200000000000000e+04 5.831500000000000000e+04
1.310999419149995737e-01 9.899999999999985478e-01 1.443289932012703503e-15 5.047504000000000087e+04 2.493954004868573975e+03 4.600500000000000000e+04 5.789100000000000000e+04
1.442099361064995422e-01 9.899999999999985478e-01 1.443289932012703503e-15 4.966709999999999854e+04 2.640896258848498746e+03 4.424500000000000000e+04 5.790800000000000000e+04
1.586309297171495103e-01 9.899999999999985478e-01 1.443289932012703503e-15 4.915701000000000204e+04 2.699823388649709614e+03 4.411700000000000000e+04 5.849400000000000000e+04
1.744940226888644641e-01 9.899999999999985478e-01 1.443289932012703503e-15 4.752966999999999825e+04 2.213668073831304810e+03 4.388300000000000000e+04 5.498300000000000000e+04
1.919434249577509355e-01 9.899999999999985478e-01 1.443289932012703503e-15 4.732777999999999884e+04 2.131554191570085095e+03 4.287800000000000000e+04 5.433100000000000000e+04
2.111377674535260540e-01 9.899999999999985478e-01 1.443289932012703503e-15 4.636456999999999971e+04 2.421942779072205667e+03 4.176000000000000000e+04 5.474100000000000000e+04
2.322515441988786677e-01 9.899999999999985478e-01 1.443289932012703503e-15 4.575583999999999651e+04 2.222043792187723739e+03 3.988300000000000000e+04 5.435600000000000000e+04
2.554766986187665401e-01 9.899999999999985478e-01 1.443289932012703503e-15 4.461098000000000320e+04 2.603548559101596311e+03 4.090900000000000000e+04 6.004100000000000000e+04
2.810243684806432163e-01 9.899999999999985478e-01 1.443289932012703503e-15 4.441906999999999971e+04 2.269201851995542256e+03 3.994200000000000000e+04 5.307600000000000000e+04
3.091268053287075657e-01 9.899999999999985478e-01 1.443289932012703503e-15 4.327745999999999913e+04 1.931136978155614770e+03 3.983100000000000000e+04 5.064400000000000000e+04
3.400394858615783389e-01 9.899999999999985478e-01 1.443289932012703503e-15 4.301455999999999767e+04 2.378532473270020546e+03 3.865500000000000000e+04 5.121400000000000000e+04
3.740434344477361894e-01 9.899999999999985478e-01 1.443289932012703503e-15 4.255538999999999942e+04 1.834270824578529528e+03 3.857600000000000000e+04 4.834700000000000000e+04
4.114477778925098583e-01 9.899999999999985478e-01 1.443289932012703503e-15 4.184729000000000087e+04 1.693104859688259239e+03 3.762200000000000000e+04 4.599700000000000000e+04
4.525925556817608775e-01 9.899999999999985478e-01 1.443289932012703503e-15 4.133855000000000291e+04 2.312588084268358671e+03 3.681600000000000000e+04 4.952400000000000000e+04
4.978518112499369930e-01 9.899999999999985478e-01 1.443289932012703503e-15 4.118051999999999680e+04 2.198211889149906710e+03 3.673300000000000000e+04 4.872100000000000000e+04
5.476369923749306867e-01 9.899999999999985478e-01 1.443289932012703503e-15 4.056300000000000000e+04 2.114150481872092314e+03 3.706100000000000000e+04 5.108000000000000000e+04
6.024006916124238220e-01 9.899999999999985478e-01 1.443289932012703503e-15 4.020219000000000233e+04 2.000597119337124695e+03 3.688300000000000000e+04 4.623700000000000000e+04
6.626407607736662930e-01 9.899999999999985478e-01 1.443289932012703503e-15 4.009408000000000175e+04 2.396395420960405772e+03 3.608300000000000000e+04 5.075600000000000000e+04
7.289048368510330222e-01 9.899999999999985478e-01 1.443289932012703503e-15 3.998186000000000058e+04 2.160789679816154603e+03 3.575400000000000000e+04 5.103300000000000000e+04
8.017953205361363356e-01 9.899999999999985478e-01 1.443289932012703503e-15 3.994904000000000087e+04 1.772322148594887949e+03 3.596200000000000000e+04 4.350200000000000000e+04
8.819748525897500580e-01 9.899999999999985478e-01 1.443289932012703503e-15 4.032268000000000029e+04 1.958925898955853427e+03 3.624000000000000000e+04 4.653700000000000000e+04
9.701723378487251415e-01 9.899999999999985478e-01 1.443289932012703503e-15 3.985916999999999825e+04 2.213190633700585749e+03 3.633900000000000000e+04 4.770000000000000000e+04
9.801723378487251503e-01 9.899999999999985478e-01 1.443289932012703503e-15 3.974281999999999971e+04 2.036761480291690759e+03 3.550800000000000000e+04 4.668100000000000000e+04
9.901723378487251592e-01 9.899999999999985478e-01 1.443289932012703503e-15 3.961791999999999825e+04 2.200192240146301629e+03 3.657600000000000000e+04 5.272100000000000000e+04
1.000172337848725057e+00 9.899999999999985478e-01 1.443289932012703503e-15 3.983508999999999651e+04 2.195492428112655034e+03 3.584800000000000000e+04 4.996200000000000000e+04
