1.000000000000000021e-02 9.899999999999985478e-01 1.443289932012703503e-15 9.891000000000000000e+03 2.449489742783177992e-01 9.890000000000000000e+03 9.892000000000000000e+03
1.100000000000000110e-02 9.899999999999985478e-01 1.443289932012703503e-15 9.890959999999999127e+03 3.440930106817048917e-01 9.890000000000000000e+03 9.892000000000000000e+03
1.210000000000000138e-02 9.899999999999985478e-01 1.443289932012703503e-15 9.891000000000000000e+03 3.162277660168379412e-01 9.890000000000000000e+03 9.892000000000000000e+03
1.331000000000000238e-02 9.899999999999985478e-01 1.443289932012703503e-15 9.890989999999999782e+03 2.643860813280455302e-01 9.890000000000000000e+03 9.892000000000000000e+03
1.464100000000000297e-02 9.899999999999985478e-01 1.443289932012703503e-15 9.890979999999999563e+03 3.736308338453878108e-01 9.890000000000000000e+03 9.892000000000000000e+03
1.610510000000000413e-02 9.899999999999985478e-01 1.443289932012703503e-15 9.891000000000000000e+03 3.464101615137754608e-01 9.890000000000000000e+03 9.893000000000000000e+03
1.771561000000000663e-02 9.899999999999985478e-01 1.443289932012703503e-15 9.890979999999999563e+03 3.736308338453878108e-01 9.890000000000000000e+03 9.892000000000000000e+03
1.948717100000000799e-02 9.899999999999985478e-01 1.443289932012703503e-15 9.890940000000000509e+03 5.624944444170091318e-01 9.888000000000000000e+03 9.892000000000000000e+03
2.143588810000001191e-02 9.899999999999985478e-01 1.443289932012703503e-15 9.891000000000000000e+03 4.000000000000000222e-01 9.890000000000000000e+03 9.893000000000000000e+03
2.357947691000001483e-02 9.899999999999985478e-01 1.443289932012703503e-15 9.890979999999999563e+03 3.458323293158110934e-01 9.890000000000000000e+03 9.892000000000000000e+03
2.593742460100001770e-02 9.899999999999985478e-01 1.443289932012703503e-15 9.890969999999999345e+03 4.572745346069473915e-01 9.890000000000000000e+03 9.892000000000000000e+03
2.853116706110002052e-02 9.899999999999985478e-01 1.443289932012703503e-15 9.891079999999999927e+03 4.166533331199932522e-01 9.890000000000000000e+03 9.893000000000000000e+03
3.138428376721002361e-02 9.899999999999985478e-01 1.443289932012703503e-15 9.890989999999999782e+03 4.121892769104989473e-01 9.890000000000000000e+03 9.892000000000000000e+03
3.452271214393103083e-02 9.899999999999985478e-01 1.443289932012703503e-15 9.890979999999999563e+03 4.894895300208163547e-01 9.889000000000000000e+03 9.892000000000000000e+03
3.797498335832413807e-02 9.899999999999985478e-01 1.443289932012703503e-15 9.891010000000000218e+03 5.195190083144215487e-01 9.890000000000000000e+03 9.892000000000000000e+03
4.177248169415655188e-02 9.899999999999985478e-01 1.443289932012703503e-15 9.890940000000000509e+03 5.257375771237963180e-01 9.889000000000000000e+03 9.892000000000000000e+03
4.594972986357220845e-02 9.899999999999985478e-01 1.443289932012703503e-15 9.891090000000000146e+03 6.179805822192155906e-01 9.889000000000000000e+03 9.893000000000000000e+03
5.054470284992943624e-02 9.899999999999985478e-01 1.443289932012703503e-15 9.891110000000000582e+03 5.982474404458403283e-01 9.890000000000000000e+03 9.893000000000000000e+03
5.559917313492238750e-02 9.899999999999985478e-01 1.443289932012703503e-15 9.890969999999999345e+03 6.396092557178947313e-01 9.889000000000000000e+03 9.893000000000000000e+03
6.115909044841463110e-02 9.899999999999985478e-01 1.443289932012703503e-15 9.890959999999999127e+03 5.642694391866355241e-01 9.889000000000000000e+03 9.893000000000000000e+03
6.727499949325610462e-02 9.899999999999985478e-01 1.443289932012703503e-15 9.890930000000000291e+03 6.205642593640080529e-01 9.889000000000000000e+03 9.892000000000000000e+03
7.400249944258172063e-02 9.899999999999985478e-01 1.443289932012703503e-15 9.891049999999999272e+03 7.399324293474367487e-01 9.889000000000000000e+03 9.893000000000000000e+03
8.140274938683990380e-02 9.899999999999985478e-01 1.443289932012703503e-15 9.891100000000000364e+03 9.327379053088822314e-01 9.889000000000000000e+03 9.895000000000000000e+03
8.954302432552389834e-02 9.899999999999985478e-01 1.443289932012703503e-15 9.891059999999999491e+03 7.323933369440229768e-01 9.889000000000000000e+03 9.893000000000000000e+03
9.849732675807629234e-02 9.899999999999985478e-01 1.443289932012703503e-15 9.891079999999999927e+03 7.704544113703278851e-01 9.890000000000000000e+03 9.893000000000000000e+03
1.083470594338839244e-01 9.899999999999985478e-01 1.443289932012703503e-15 9.890979999999999563e+03 8.599999999999998757e-01 9.888000000000000000e+03 9.893000000000000000e+03
1.191817653772723196e-01 9.899999999999985478e-01 1.443289932012703503e-15 9.890760000000000218e+03 1.096540012949823506e+00 9.887000000000000000e+03 9.893000000000000000e+03
1.310999419149995737e-01 9.899999999999985478e-01 1.443289932012703503e-15 9.890860000000000582e+03 9.901515035589253388e-01 9.888000000000000000e+03 9.893000000000000000e+03
1.442099361064995422e-01 9.899999999999985478e-01 1.443289932012703503e-15 9.891069999999999709e+03 1.142409733852089770e+00 9.888000000000000000e+03 9.894000000000000000e+03
1.586309297171495103e-01 9.899999999999985478e-01 1.443289932012703503e-15 9.890959999999999127e+03 9.687104830649859721e-01 9.889000000000000000e+03 9.894000000000000000e+03
1.744940226888644641e-01 9.899999999999985478e-01 1.443289932012703503e-15 9.890760000000000218e+03 1.184229707446996516e+00 9.887000000000000000e+03 9.894000000000000000e+03
1.919434249577509355e-01 9.899999999999985478e-01 1.443289932012703503e-15 9.890819999999999709e+03 1.252038338071163714e+00 9.887000000000000000e+03 9.894000000000000000e+03
2.111377674535260540e-01 9.899999999999985478e-01 1.443289932012703503e-15 9.891020000000000437e+03 1.216388095962796845e+00 9.888000000000000000e+03 9.893000000000000000e+03
2.322515441988786677e-01 9.899999999999985478e-01 1.443289932012703503e-15 9.891020000000000437e+03 1.311335197422839549e+00 9.887000000000000000e+03 9.894000000000000000e+03
2.554766986187665401e-01 9.899999999999985478e-01 1.443289932012703503e-15 9.890909999999999854e+03 1.349777759484870554e+00 9.888000000000000000e+03 9.894000000000000000e+03
2.810243684806432163e-01 9.899999999999985478e-01 1.443289932012703503e-15 9.890979999999999563e+03 1.618517840494814397e+00 9.887000000000000000e+03 9.894000000000000000e+03
3.091268053287075657e-01 9.899999999999985478e-01 1.443289932012703503e-15 9.890799999999999272e+03 1.702938636592641775e+00 9.886000000000000000e+03 9.895000000000000000e+03
3.400394858615783389e-01 9.899999999999985478e-01 1.443289932012703503e-15 9.890959999999999127e+03 1.509436981129057775e+00 9.886000000000000000e+03 9.894000000000000000e+03
3.740434344477361894e-01 9.899999999999985478e-01 1.443289932012703503e-15 9.890989999999999782e+03 1.571591549990009051e+00 9.886000000000000000e+03 9.894000000000000000e+03
4.114477778925098583e-01 9.899999999999985478e-01 1.443289932012703503e-15 9.890969999999999345e+03 1.621449968392487229e+00 9.886000000000000000e+03 9.894000000000000000e+03
4.525925556817608775e-01 9.899999999999985478e-01 1.443289932012703503e-15 9.891129999999999200e+03 1.741579742647462625e+00 9.886000000000000000e+03 9.895000000000000000e+03
4.978518112499369930e-01 9.899999999999985478e-01 1.443289932012703503e-15 9.891149999999999636e+03 1.675559608011603530e+00 9.887000000000000000e+03 9.895000000000000000e+03
5.476369923749306867e-01 9.899999999999985478e-01 1.443289932012703503e-15 9.891079999999999927e+03 2.047828117787231950e+00 9.885000000000000000e+03 9.895000000000000000e+03
6.024006916124238220e-01 9.899999999999985478e-01 1.443289932012703503e-15 9.891059999999999491e+03 2.096759404414346495e+00 9.883000000000000000e+03 9.894000000000000000e+03
6.626407607736662930e-01 9.899999999999985478e-01 1.443289932012703503e-15 9.891200000000000728e+03 1.881488772222680517e+00 9.886000000000000000e+03 9.895000000000000000e+03
7.289048368510330222e-01 9.899999999999985478e-01 1.443289932012703503e-15 9.890940000000000509e+03 2.019009658223557491e+00 9.885000000000000000e+03 9.895000000000000000e+03
8.017953205361363356e-01 9.899999999999985478e-01 1.443289932012703503e-15 9.890860000000000582e+03 2.149511572427559969e+00 9.885000000000000000e+03 9.895000000000000000e+03
8.819748525897500580e-01 9.899999999999985478e-01 1.443289932012703503e-15 9.890670000000000073e+03 2.000274981096348714e+00 9.886000000000000000e+03 9.895000000000000000e+03
9.701723378487251415e-01 9.899999999999985478e-01 1.443289932012703503e-15 9.891110000000000582e+03 2.116104912333035326e+00 9.885000000000000000e+03 9.895000000000000000e+03
9.801723378487251503e-01 9.899999999999985478e-01 1.443289932012703503e-15 9.890579999999999927e+03 2.040490137197432663e+00 9.885000000000000000e+03 9.895000000000000000e+03
9.901723378487251592e-01 9.899999999999985478e-01 1.443289932012703503e-15 9.891069999999999709e+03 1.834420889545254729e+00 9.886000000000000000e+03 9.895000000000000000e+03
1.000172337848725057e+00 9.899999999999985478e-01 1.443289932012703503e-15 9.891270000000000437e+03 1.933158038029999526e+00 9.886000000000000000e+03 9.895000000000000000e+03
