1.000000000000000021e-02 9.899719999999986308e-01 1.691626436303232911e-04 9.662556700000000419e+05 5.105966536559776403e+06 5.909400000000000000e+04 3.000000000000000000e+07
1.100000000000000110e-02 9.899929999999986796e-01 6.964912059746690529e-05 3.660865200000000186e+05 2.978322869806403760e+06 5.689300000000000000e+04 3.000000000000000000e+07
1.210000000000000138e-02 9.899909999999985111e-01 8.954886933959669215e-05 3.655531300000000047e+05 2.978376525009535253e+06 5.692600000000000000e+04 3.000000000000000000e+07
1.331000000000000238e-02 9.899999999999985478e-01 1.443289932012703503e-15 6.505158999999999651e+04 3.746023313048118780e+03 5.838200000000000000e+04 7.526800000000000000e+04
1.464100000000000297e-02 9.899719999999986308e-01 2.592604867695741193e-04 6.627341199999999953e+05 4.191039732679181267e+06 5.683900000000000000e+04 3.000000000000000000e+07
1.610510000000000413e-02 9.899489999999986356e-01 3.103208017519917795e-04 9.617204899999999907e+05 5.106763644886024296e+06 5.508100000000000000e+04 3.000000000000000000e+07
1.771561000000000663e-02 9.899239999999985828e-01 7.561904522010258738e-04 3.617499600000000210e+05 2.978758409943080973e+06 5.408200000000000000e+04 3.000000000000000000e+07
1.948717100000000799e-02 9.899969999999985726e-01 2.984962311319529354e-05 3.611194600000000210e+05 2.978821720005916897e+06 5.420300000000000000e+04 3.000000000000000000e+07
2.143588810000001191e-02 9.899999999999985478e-01 1.443289932012703503e-15 6.189308999999999651e+04 3.456212163901399890e+03 5.386300000000000000e+04 7.127100000000000000e+04
2.357947691000001483e-02 9.899879999999986468e-01 1.097998178504854656e-04 6.594699300000000512e+05 4.191505918319968041e+06 5.208300000000000000e+04 3.000000000000000000e+07
2.593742460100001770e-02 9.899799999999986388e-01 1.989974874213244586e-04 3.597746699999999837e+05 2.978956994170859922e+06 5.279000000000000000e+04 3.000000000000000000e+07
2.853116706110002052e-02 9.899859999999987004e-01 1.392982411949225891e-04 3.584754299999999930e+05 2.979087149216787890e+06 5.245800000000000000e+04 3.000000000000000000e+07
3.138428376721002361e-02 9.899999999999985478e-01 1.443289932012703503e-15 5.797759999999999854e+04 3.220237140336096672e+03 5.033900000000000000e+04 6.658900000000000000e+04
3.452271214393103083e-02 9.899879999999986468e-01 1.193984924527925989e-04 3.565243599999999860e+05 2.979283104668979067e+06 5.114300000000000000e+04 3.000000000000000000e+07
3.797498335832413807e-02 9.899379999999986524e-01 5.874997872340050964e-04 6.546506099999999860e+05 4.192193925454998389e+06 4.978100000000000000e+04 3.000000000000000000e+07
4.177248169415655188e-02 9.899509999999986931e-01 4.313919331651876903e-04 6.541846600000000326e+05 4.192260441111350432e+06 4.867100000000000000e+04 3.000000000000000000e+07
4.594972986357220845e-02 9.899509999999986931e-01 3.996235728782787156e-04 6.537052900000000373e+05 4.192329095559782814e+06 4.959500000000000000e+04 3.000000000000000000e+07
5.054470284992943624e-02 9.899999999999985478e-01 1.443289932012703503e-15 5.400626000000000204e+04 3.208969895838849880e+03 4.691700000000000000e+04 6.302700000000000000e+04
5.559917313492238750e-02 9.899689999999986556e-01 2.480705544799673406e-04 6.519644699999999721e+05 4.192577424944189377e+06 4.760800000000000000e+04 3.000000000000000000e+07
6.115909044841463110e-02 9.899009999999986986e-01 7.118279286456811322e-04 6.513345500000000466e+05 4.192667240481188986e+06 4.618700000000000000e+04 3.000000000000000000e+07
6.727499949325610462e-02 9.899529999999985286e-01 4.676440954401153076e-04 3.510353200000000070e+05 2.979834630438986700e+06 4.508600000000000000e+04 3.000000000000000000e+07
7.400249944258172063e-02 9.899999999999985478e-01 1.443289932012703503e-15 5.064976999999999680e+04 2.840020133220889420e+03 4.510800000000000000e+04 6.017500000000000000e+04
8.140274938683990380e-02 9.899389999999986811e-01 5.388682584825304827e-04 9.484023399999999674e+05 5.109105134371372871e+06 4.367600000000000000e+04 3.000000000000000000e+07
8.954302432552389834e-02 9.899999999999985478e-01 1.443289932012703503e-15 4.867870999999999913e+04 2.882486014866333790e+03 4.244300000000000000e+04 5.729400000000000000e+04
9.849732675807629234e-02 9.899999999999985478e-01 1.443289932012703503e-15 4.811644000000000233e+04 2.482207901526380738e+03 4.324100000000000000e+04 5.812400000000000000e+04
1.083470594338839244e-01 9.899939999999987084e-01 5.969924622640167305e-05 3.466622299999999814e+05 2.980273389066573232e+06 4.289500000000000000e+04 3.000000000000000000e+07
1.191817653772723196e-01 9.899999999999985478e-01 1.443289932012703503e-15 4.665105999999999767e+04 2.376789619718160793e+03 4.013600000000000000e+04 5.297100000000000000e+04
1.310999419149995737e-01 9.899999999999985478e-01 1.443289932012703503e-15 4.591394999999999709e+04 2.388755882776639282e+03 4.144700000000000000e+04 5.249100000000000000e+04
1.442099361064995422e-01 9.899999999999985478e-01 1.443289932012703503e-15 4.518800000000000000e+04 2.005293908632846751e+03 4.065700000000000000e+04 5.108700000000000000e+04
1.586309297171495103e-01 9.899999999999985478e-01 1.443289932012703503e-15 4.442261000000000058e+04 2.219181204385978162e+03 4.042300000000000000e+04 5.352000000000000000e+04
1.744940226888644641e-01 9.899999999999985478e-01 1.443289932012703503e-15 4.370209999999999854e+04 2.309989023783446555e+03 3.921700000000000000e+04 5.011200000000000000e+04
1.919434249577509355e-01 9.899999999999985478e-01 1.443289932012703503e-15 4.283683000000000175e+04 2.068623934189101874e+03 3.839800000000000000e+04 4.820100000000000000e+04
2.111377674535260540e-01 9.899999999999985478e-01 1.443289932012703503e-15 4.274894000000000233e+04 2.265011160325705987e+03 3.838500000000000000e+04 5.136900000000000000e+04
2.322515441988786677e-01 9.899999999999985478e-01 1.443289932012703503e-15 4.197058999999999651e+04 1.982156210266990911e+03 3.813900000000000000e+04 4.781800000000000000e+04
2.554766986187665401e-01 9.899999999999985478e-01 1.443289932012703503e-15 4.116051999999999680e+04 2.024595986758839899e+03 3.735800000000000000e+04 4.682200000000000000e+04
2.810243684806432163e-01 9.899999999999985478e-01 1.443289932012703503e-15 4.081370999999999913e+04 1.875032278628824315e+03 3.703600000000000000e+04 4.575500000000000000e+04
3.091268053287075657e-01 9.899999999999985478e-01 1.443289932012703503e-15 4.059976999999999680e+04 2.019273962863880115e+03 3.685000000000000000e+04 4.761500000000000000e+04
3.400394858615783389e-01 9.899999999999985478e-01 1.443289932012703503e-15 3.989422000000000116e+04 1.724393943273983950e+03 3.701600000000000000e+04 4.501000000000000000e+04
3.740434344477361894e-01 9.899909999999985111e-01 8.954886933959677346e-05 3.394748699999999953e+05 2.980995679425648879e+06 3.564500000000000000e+04 3.000000000000000000e+07
4.114477778925098583e-01 9.899209999999986076e-01 3.024218907420551852e-04 2.735480450000000186e+06 8.574294894667118788e+06 3.609600000000000000e+04 3.000000000000000000e+07
4.525925556817608775e-01 9.892639999999994771e-01 8.790358354469941533e-04 1.831550585000000149e+07 1.461310598982759565e+07 3.591800000000000000e+04 3.000000000000000000e+07
4.978518112499369930e-01 9.874249999999998861e-01 1.368603302641047126e-03 2.940077876000000164e+07 4.194548686833271757e+06 3.724500000000000000e+04 3.000000000000000000e+07
5.476369923749306867e-01 9.851290000000000324e-01 1.645010334314045983e-03 3.000000000000000000e+07 0.000000000000000000e+00 3.000000000000000000e+07 3.000000000000000000e+07
6.024006916124238220e-01 9.825919999999996879e-01 1.707552634620673271e-03 3.000000000000000000e+07 0.000000000000000000e+00 3.000000000000000000e+07 3.000000000000000000e+07
6.626407607736662930e-01 9.796089999999998410e-01 1.664036958724181454e-03 3.000000000000000000e+07 0.000000000000000000e+00 3.000000000000000000e+07 3.000000000000000000e+07
7.289048368510330222e-01 9.779859999999999109e-01 1.696762800158000935e-03 3.000000000000000000e+07 0.000000000000000000e+00 3.000000000000000000e+07 3.000000000000000000e+07
8.017953205361363356e-01 9.752080000000004079e-01 2.061391762863133432e-03 3.000000000000000000e+07 0.000000000000000000e+00 3.000000000000000000e+07 3.000000000000000000e+07
8.819748525897500580e-01 9.743479999999996588e-01 2.215151462090114275e-03 3.000000000000000000e+07 0.000000000000000000e+00 3.000000000000000000e+07 3.000000000000000000e+07
9.701723378487251415e-01 9.734519999999997619e-01 1.987384210463592760e-03 3.000000000000000000e+07 0.000000000000000000e+00 3.000000000000000000e+07 3.000000000000000000e+07
9.801723378487251503e-01 9.730339999999999545e-01 2.053885099025748624e-03 3.000000000000000000e+07 0.000000000000000000e+00 3.000000000000000000e+07 3.000000000000000000e+07
9.901723378487251592e-01 9.733079999999999510e-01 2.154422428401639705e-03 3.000000000000000000e+07 0.000000000000000000e+00 3.000000000000000000e+07 3.000000000000000000e+07
1.000172337848725057e+00 9.734409999999997787e-01 1.938148343135788661e-03 3.000000000000000000e+07 0.000000000000000000e+00 3.000000000000000000e+07 3.000000000000000000e+07
