1.000000000000000021e-02 9.899999999999985478e-01 1.443289932012703503e-15 8.874222999999999593e+04 4.720300327002510130e+03 7.900500000000000000e+04 1.017370000000000000e+05
1.100000000000000110e-02 9.899999999999985478e-01 1.443289932012703503e-15 8.805274000000000524e+04 4.424249863242354877e+03 7.780200000000000000e+04 1.004310000000000000e+05
1.210000000000000138e-02 9.899999999999985478e-01 1.443289932012703503e-15 8.715464999999999418e+04 4.495958114517971808e+03 7.746500000000000000e+04 9.879500000000000000e+04
1.331000000000000238e-02 9.899999999999985478e-01 1.443289932012703503e-15 8.613228999999999360e+04 4.279483520928664802e+03 7.596900000000000000e+04 9.479600000000000000e+04
1.464100000000000297e-02 9.899999999999985478e-01 1.443289932012703503e-15 8.437688000000000466e+04 3.941538857552972786e+03 7.691600000000000000e+04 9.490600000000000000e+04
1.610510000000000413e-02 9.899999999999985478e-01 1.443289932012703503e-15 8.409814999999999418e+04 4.123339106537322550e+03 7.458900000000000000e+04 9.649600000000000000e+04
1.771561000000000663e-02 9.899999999999985478e-01 1.443289932012703503e-15 8.369866999999999825e+04 3.657344353639673045e+03 7.510300000000000000e+04 9.307300000000000000e+04
1.948717100000000799e-02 9.899999999999985478e-01 1.443289932012703503e-15 8.255308999999999651e+04 3.115309336470456401e+03 7.516800000000000000e+04 9.019500000000000000e+04
2.143588810000001191e-02 9.899999999999985478e-01 1.443289932012703503e-15 8.168269000000000233e+04 3.943276966420188273e+03 7.267200000000000000e+04 9.066900000000000000e+04
2.357947691000001483e-02 9.899999999999985478e-01 1.443289932012703503e-15 8.057313000000000466e+04 4.099616134847261492e+03 7.361100000000000000e+04 9.419300000000000000e+04
2.593742460100001770e-02 9.899999999999985478e-01 1.443289932012703503e-15 8.016077000000000407e+04 3.757217704246055746e+03 7.269900000000000000e+04 9.096800000000000000e+04
2.853116706110002052e-02 9.899999999999985478e-01 1.443289932012703503e-15 7.821466999999999825e+04 3.332929777403058324e+03 6.975400000000000000e+04 8.611100000000000000e+04
3.138428376721002361e-02 9.899999999999985478e-01 1.443289932012703503e-15 7.861178999999999360e+04 3.562409702139832007e+03 7.056400000000000000e+04 8.754800000000000000e+04
3.452271214393103083e-02 9.899999999999985478e-01 1.443289932012703503e-15 7.800413000000000466e+04 4.092894522596446677e+03 6.802300000000000000e+04 8.678500000000000000e+04
3.797498335832413807e-02 9.899999999999985478e-01 1.443289932012703503e-15 7.617311000000000058e+04 3.651905685789270592e+03 6.849900000000000000e+04 8.392300000000000000e+04
4.177248169415655188e-02 9.899999999999985478e-01 1.443289932012703503e-15 7.555863999999999942e+04 3.655928512758419856e+03 6.749200000000000000e+04 8.529000000000000000e+04
4.594972986357220845e-02 9.899999999999985478e-01 1.443289932012703503e-15 7.472072999999999593e+04 3.055983330631893296e+03 6.639800000000000000e+04 8.294300000000000000e+04
5.054470284992943624e-02 9.899999999999985478e-01 1.443289932012703503e-15 7.310128999999999360e+04 3.555437644777362948e+03 6.661900000000000000e+04 8.398400000000000000e+04
5.559917313492238750e-02 9.899999999999985478e-01 1.443289932012703503e-15 7.283775000000000000e+04 3.956707265833549172e+03 6.445500000000000000e+04 8.887500000000000000e+04
6.115909044841463110e-02 9.899999999999985478e-01 1.443289932012703503e-15 7.194502999999999884e+04 3.213147231158261093e+03 6.388500000000000000e+04 8.332600000000000000e+04
6.727499949325610462e-02 9.899999999999985478e-01 1.443289932012703503e-15 7.083880000000000291e+04 3.034407724746297390e+03 6.368600000000000000e+04 7.848900000000000000e+04
7.400249944258172063e-02 9.899999999999985478e-01 1.443289932012703503e-15 6.947627999999999884e+04 3.085888462274682297e+03 6.210700000000000000e+04 7.729700000000000000e+04
8.140274938683990380e-02 9.899999999999985478e-01 1.443289932012703503e-15 6.921852000000000407e+04 3.292672563374621859e+03 6.103400000000000000e+04 8.045400000000000000e+04
8.954302432552389834e-02 9.899999999999985478e-01 1.443289932012703503e-15 6.745724000000000524e+04 3.331786226995964171e+03 6.047500000000000000e+04 8.128100000000000000e+04
9.849732675807629234e-02 9.899999999999985478e-01 1.443289932012703503e-15 6.729391999999999825e+04 3.235140660558672153e+03 6.084000000000000000e+04 7.536300000000000000e+04
1.083470594338839244e-01 9.899999999999985478e-01 1.443289932012703503e-15 6.567110000000000582e+04 3.531831449828828227e+03 5.614800000000000000e+04 7.548600000000000000e+04
1.191817653772723196e-01 9.899999999999985478e-01 1.443289932012703503e-15 6.496094000000000233e+04 3.050673469317881882e+03 5.774700000000000000e+04 7.269600000000000000e+04
1.310999419149995737e-01 9.899999999999985478e-01 1.443289932012703503e-15 6.384259999999999854e+04 3.105355892647410656e+03 5.774300000000000000e+04 7.516700000000000000e+04
1.442099361064995422e-01 9.899999999999985478e-01 1.443289932012703503e-15 6.280173999999999796e+04 3.088176331170226604e+03 5.677100000000000000e+04 7.159400000000000000e+04
1.586309297171495103e-01 9.899999999999985478e-01 1.443289932012703503e-15 6.194836000000000058e+04 3.115159397270065256e+03 5.617200000000000000e+04 7.062100000000000000e+04
1.744940226888644641e-01 9.899999999999985478e-01 1.443289932012703503e-15 6.121445999999999913e+04 2.867905376472522221e+03 5.407200000000000000e+04 6.952500000000000000e+04
1.919434249577509355e-01 9.899999999999985478e-01 1.443289932012703503e-15 5.971440000000000146e+04 2.810530067442794461e+03 5.284900000000000000e+04 6.727300000000000000e+04
2.111377674535260540e-01 9.899999999999985478e-01 1.443289932012703503e-15 5.850833000000000175e+04 2.524222197252056503e+03 5.306200000000000000e+04 6.433000000000000000e+04
2.322515441988786677e-01 9.899999999999985478e-01 1.443289932012703503e-15 5.757533000000000175e+04 2.715805420331140795e+03 5.155500000000000000e+04 6.460700000000000000e+04
2.554766986187665401e-01 9.899999999999985478e-01 1.443289932012703503e-15 5.660948999999999796e+04 2.849831291480250911e+03 5.044900000000000000e+04 6.358900000000000000e+04
2.810243684806432163e-01 9.899999999999985478e-01 1.443289932012703503e-15 5.567679000000000087e+04 2.389353394937634675e+03 5.089700000000000000e+04 6.155000000000000000e+04
3.091268053287075657e-01 9.899999999999985478e-01 1.443289932012703503e-15 5.429484999999999854e+04 3.110270359229242331e+03 4.856700000000000000e+04 6.523400000000000000e+04
3.400394858615783389e-01 9.899999999999985478e-01 1.443289932012703503e-15 5.403423000000000320e+04 2.927775192377310759e+03 4.892300000000000000e+04 6.821100000000000000e+04
3.740434344477361894e-01 9.899999999999985478e-01 1.443289932012703503e-15 5.311108999999999651e+04 2.603433352690251468e+03 4.759600000000000000e+04 6.084900000000000000e+04
4.114477778925098583e-01 9.899999999999985478e-01 1.443289932012703503e-15 5.214988999999999942e+04 2.211361611745125174e+03 4.784000000000000000e+04 5.894400000000000000e+04
4.525925556817608775e-01 9.899999999999985478e-01 1.443289932012703503e-15 5.146625000000000000e+04 2.450802470110555532e+03 4.666800000000000000e+04 5.959700000000000000e+04
4.978518112499369930e-01 9.899999999999985478e-01 1.443289932012703503e-15 5.077879000000000087e+04 2.208804601113462013e+03 4.544000000000000000e+04 5.855500000000000000e+04
5.476369923749306867e-01 9.899999999999985478e-01 1.443289932012703503e-15 4.978670999999999913e+04 2.094092468326076414e+03 4.536600000000000000e+04 5.549100000000000000e+04
6.024006916124238220e-01 9.899999999999985478e-01 1.443289932012703503e-15 4.962205999999999767e+04 2.468103558686304495e+03 4.478000000000000000e+04 5.788300000000000000e+04
6.626407607736662930e-01 9.899999999999985478e-01 1.443289932012703503e-15 4.933719000000000233e+04 2.599016262723263480e+03 4.478700000000000000e+04 6.057200000000000000e+04
7.289048368510330222e-01 9.899999999999985478e-01 1.443289932012703503e-15 4.918677999999999884e+04 2.744092296479840115e+03 4.535000000000000000e+04 6.105700000000000000e+04
8.017953205361363356e-01 9.899999999999985478e-01 1.443289932012703503e-15 4.864643000000000029e+04 2.336986907344583415e+03 4.360600000000000000e+04 5.564500000000000000e+04
8.819748525897500580e-01 9.899999999999985478e-01 1.443289932012703503e-15 4.852837000000000262e+04 2.512035193443754451e+03 4.389600000000000000e+04 5.659300000000000000e+04
9.701723378487251415e-01 9.899999999999985478e-01 1.443289932012703503e-15 4.855605999999999767e+04 2.270267459221490753e+03 4.449600000000000000e+04 5.730900000000000000e+04
9.801723378487251503e-01 9.899999999999985478e-01 1.443289932012703503e-15 4.933186000000000058e+04 2.477680899631750435e+03 4.371400000000000000e+04 5.666300000000000000e+04
9.901723378487251592e-01 9.899999999999985478e-01 1.443289932012703503e-15 4.908212999999999738e+04 2.649315582013588482e+03 4.396300000000000000e+04 5.865500000000000000e+04
1.000172337848725057e+00 9.899999999999985478e-01 1.443289932012703503e-15 4.849591999999999825e+04 2.299580377721118111e+03 4.350300000000000000e+04 5.525200000000000000e+04
