1.000000000000000021e-02 9.899999999999985478e-01 1.443289932012703503e-15 4.165601999999999680e+04 3.065454514358351844e+03 3.394900000000000000e+04 5.048600000000000000e+04
1.100000000000000110e-02 9.899999999999985478e-01 1.443289932012703503e-15 4.094587000000000262e+04 2.801863478669151391e+03 3.515400000000000000e+04 4.955600000000000000e+04
1.210000000000000138e-02 9.899999999999985478e-01 1.443289932012703503e-15 3.987676999999999680e+04 2.696991141457458070e+03 3.399500000000000000e+04 4.687100000000000000e+04
1.331000000000000238e-02 9.899999999999985478e-01 1.443289932012703503e-15 3.930054000000000087e+04 2.889502020833347615e+03 3.263600000000000000e+04 4.646500000000000000e+04
1.464100000000000297e-02 9.899999999999985478e-01 1.443289932012703503e-15 3.822980999999999767e+04 2.421942681794926557e+03 3.348500000000000000e+04 4.575000000000000000e+04
1.610510000000000413e-02 9.899999999999985478e-01 1.443289932012703503e-15 3.760687000000000262e+04 2.458479040606203853e+03 3.065800000000000000e+04 4.546300000000000000e+04
1.771561000000000663e-02 9.899999999999985478e-01 1.443289932012703503e-15 3.646398000000000320e+04 2.253781284774545838e+03 3.133600000000000000e+04 4.148500000000000000e+04
1.948717100000000799e-02 9.899999999999985478e-01 1.443289932012703503e-15 3.581255999999999767e+04 2.449493144795469561e+03 3.106300000000000000e+04 4.150600000000000000e+04
2.143588810000001191e-02 9.899999999999985478e-01 1.443289932012703503e-15 3.449291000000000349e+04 2.044557624988838597e+03 3.039900000000000000e+04 3.974000000000000000e+04
2.357947691000001483e-02 9.899999999999985478e-01 1.443289932012703503e-15 3.434555000000000291e+04 2.179753964900626215e+03 2.944500000000000000e+04 4.054200000000000000e+04
2.593742460100001770e-02 9.899999999999985478e-01 1.443289932012703503e-15 3.377158999999999651e+04 2.265489197038908515e+03 2.808500000000000000e+04 3.912000000000000000e+04
2.853116706110002052e-02 9.899999999999985478e-01 1.443289932012703503e-15 3.261381999999999971e+04 1.909685232597246568e+03 2.821200000000000000e+04 3.932400000000000000e+04
3.138428376721002361e-02 9.899999999999985478e-01 1.443289932012703503e-15 3.224456999999999971e+04 2.111277439158577181e+03 2.810300000000000000e+04 3.823800000000000000e+04
3.452271214393103083e-02 9.899999999999985478e-01 1.443289932012703503e-15 3.165336000000000058e+04 2.152867550593859050e+03 2.733000000000000000e+04 3.832000000000000000e+04
3.797498335832413807e-02 9.899999999999985478e-01 1.443289932012703503e-15 3.074059999999999854e+04 1.684082705807526509e+03 2.708700000000000000e+04 3.633400000000000000e+04
4.177248169415655188e-02 9.899999999999985478e-01 1.443289932012703503e-15 3.009229999999999927e+04 1.851671987691124968e+03 2.506300000000000000e+04 3.444100000000000000e+04
4.594972986357220845e-02 9.899999999999985478e-01 1.443289932012703503e-15 2.940934999999999854e+04 2.112741353668262491e+03 2.389900000000000000e+04 3.702100000000000000e+04
5.054470284992943624e-02 9.899999999999985478e-01 1.443289932012703503e-15 2.841622999999999956e+04 1.811011197397741171e+03 2.558500000000000000e+04 3.496000000000000000e+04
5.559917313492238750e-02 9.899999999999985478e-01 1.443289932012703503e-15 2.794261000000000058e+04 1.355210145291128356e+03 2.461200000000000000e+04 3.133500000000000000e+04
6.115909044841463110e-02 9.899999999999985478e-01 1.443289932012703503e-15 2.745954000000000087e+04 1.514859950094397391e+03 2.376900000000000000e+04 3.087100000000000000e+04
6.727499949325610462e-02 9.899999999999985478e-01 1.443289932012703503e-15 2.677354999999999927e+04 1.543017805308804782e+03 2.353700000000000000e+04 3.125300000000000000e+04
7.400249944258172063e-02 9.899999999999985478e-01 1.443289932012703503e-15 2.630125999999999840e+04 1.534792309206688742e+03 2.278800000000000000e+04 2.994300000000000000e+04
8.140274938683990380e-02 9.899999999999985478e-01 1.443289932012703503e-15 2.583856999999999971e+04 1.602974667641382212e+03 2.277000000000000000e+04 3.111900000000000000e+04
8.954302432552389834e-02 9.899999999999985478e-01 1.443289932012703503e-15 2.519827000000000044e+04 1.302570304091107346e+03 2.222300000000000000e+04 2.955100000000000000e+04
9.849732675807629234e-02 9.899999999999985478e-01 1.443289932012703503e-15 2.445729999999999927e+04 1.255695166033540090e+03 2.223400000000000000e+04 2.758700000000000000e+04
1.083470594338839244e-01 9.899999999999985478e-01 1.443289932012703503e-15 2.384579999999999927e+04 1.135766093876727837e+03 2.166700000000000000e+04 2.639500000000000000e+04
1.191817653772723196e-01 9.899999999999985478e-01 1.443289932012703503e-15 2.344156999999999971e+04 1.214553228598895203e+03 2.030500000000000000e+04 2.684300000000000000e+04
1.310999419149995737e-01 9.899999999999985478e-01 1.443289932012703503e-15 2.285736999999999898e+04 1.130960137714853090e+03 2.018800000000000000e+04 2.671000000000000000e+04
1.442099361064995422e-01 9.899999999999985478e-01 1.443289932012703503e-15 2.249515000000000146e+04 1.154670657590293104e+03 1.991200000000000000e+04 2.588100000000000000e+04
1.586309297171495103e-01 9.899999999999985478e-01 1.443289932012703503e-15 2.192477000000000044e+04 9.790469432565525949e+02 1.876200000000000000e+04 2.447600000000000000e+04
1.744940226888644641e-01 9.899999999999985478e-01 1.443289932012703503e-15 2.146327000000000044e+04 9.802596273947018517e+02 1.939000000000000000e+04 2.507500000000000000e+04
1.919434249577509355e-01 9.899999999999985478e-01 1.443289932012703503e-15 2.115813999999999942e+04 1.041244668845896058e+03 1.917100000000000000e+04 2.425200000000000000e+04
2.111377674535260540e-01 9.899999999999985478e-01 1.443289932012703503e-15 2.064633000000000175e+04 7.904303265310612687e+02 1.888500000000000000e+04 2.301900000000000000e+04
2.322515441988786677e-01 9.899999999999985478e-01 1.443289932012703503e-15 2.021640000000000146e+04 9.053310444251868603e+02 1.833400000000000000e+04 2.295600000000000000e+04
2.554766986187665401e-01 9.899999999999985478e-01 1.443289932012703503e-15 1.985443999999999869e+04 7.721755929838757311e+02 1.819800000000000000e+04 2.154800000000000000e+04
2.810243684806432163e-01 9.899999999999985478e-01 1.443289932012703503e-15 1.947743999999999869e+04 9.241941389123824138e+02 1.741400000000000000e+04 2.187500000000000000e+04
3.091268053287075657e-01 9.899999999999985478e-01 1.443289932012703503e-15 1.901188999999999942e+04 8.444471433429093850e+02 1.709600000000000000e+04 2.198500000000000000e+04
3.400394858615783389e-01 9.899999999999985478e-01 1.443289932012703503e-15 1.905659999999999854e+04 8.067761027695354414e+02 1.747100000000000000e+04 2.105800000000000000e+04
3.740434344477361894e-01 9.899999999999985478e-01 1.443289932012703503e-15 1.851884000000000015e+04 7.385556677732558910e+02 1.675400000000000000e+04 2.020600000000000000e+04
4.114477778925098583e-01 9.899999999999985478e-01 1.443289932012703503e-15 1.818627000000000044e+04 7.701042118440852846e+02 1.627300000000000000e+04 1.983300000000000000e+04
4.525925556817608775e-01 9.899999999999985478e-01 1.443289932012703503e-15 1.804925999999999840e+04 7.144010865053326143e+02 1.637800000000000000e+04 2.027600000000000000e+04
4.978518112499369930e-01 9.899999999999985478e-01 1.443289932012703503e-15 1.781304000000000087e+04 6.003693683058788793e+02 1.648600000000000000e+04 1.909600000000000000e+04
5.476369923749306867e-01 9.899999999999985478e-01 1.443289932012703503e-15 1.769650000000000000e+04 6.650170148199217692e+02 1.600000000000000000e+04 1.926700000000000000e+04
6.024006916124238220e-01 9.899999999999985478e-01 1.443289932012703503e-15 1.741577000000000044e+04 7.115179105967748683e+02 1.591800000000000000e+04 1.917300000000000000e+04
6.626407607736662930e-01 9.899999999999985478e-01 1.443289932012703503e-15 1.733636999999999898e+04 5.615220860304607413e+02 1.586200000000000000e+04 1.962100000000000000e+04
7.289048368510330222e-01 9.899999999999985478e-01 1.443289932012703503e-15 1.739056999999999971e+04 6.952549353294805314e+02 1.611000000000000000e+04 1.976100000000000000e+04
8.017953205361363356e-01 9.899999999999985478e-01 1.443289932012703503e-15 1.715491999999999825e+04 6.945324568369716189e+02 1.571600000000000000e+04 1.902500000000000000e+04
8.819748525897500580e-01 9.899999999999985478e-01 1.443289932012703503e-15 1.726413000000000102e+04 5.852137328361321806e+02 1.599300000000000000e+04 1.885700000000000000e+04
9.701723378487251415e-01 9.899999999999985478e-01 1.443289932012703503e-15 1.734177000000000044e+04 7.173581930249350762e+02 1.583900000000000000e+04 1.985200000000000000e+04
9.801723378487251503e-01 9.899999999999985478e-01 1.443289932012703503e-15 1.733029000000000087e+04 6.959360788894335883e+02 1.588300000000000000e+04 1.889800000000000000e+04
9.901723378487251592e-01 9.899999999999985478e-01 1.443289932012703503e-15 1.741979999999999927e+04 6.857733444805213594e+02 1.612700000000000000e+04 1.895800000000000000e+04
1.000172337848725057e+00 9.899999999999985478e-01 1.443289932012703503e-15 1.723652000000000044e+04 6.606090141679874250e+02 1.560800000000000000e+04 1.985300000000000000e+04
