1.000000000000000021e-02 9.899999999999985478e-01 1.443289932012703503e-15 6.077820999999999913e+04 3.906413345499936895e+03 5.173700000000000000e+04 7.067500000000000000e+04
1.100000000000000110e-02 9.899999999999985478e-01 1.443289932012703503e-15 5.947151999999999680e+04 3.682023466736734008e+03 4.931100000000000000e+04 6.855900000000000000e+04
1.210000000000000138e-02 9.899999999999985478e-01 1.443289932012703503e-15 5.892972000000000116e+04 3.830899474222732351e+03 5.105000000000000000e+04 6.916300000000000000e+04
1.331000000000000238e-02 9.899999999999985478e-01 1.443289932012703503e-15 5.755163999999999942e+04 4.020188775468137464e+03 5.026200000000000000e+04 7.233300000000000000e+04
1.464100000000000297e-02 9.899999999999985478e-01 1.443289932012703503e-15 5.665154000000000087e+04 3.631907450417755626e+03 4.859100000000000000e+04 6.483200000000000000e+04
1.610510000000000413e-02 9.899999999999985478e-01 1.443289932012703503e-15 5.496469999999999709e+04 3.109086716384732426e+03 4.894100000000000000e+04 6.571800000000000000e+04
1.771561000000000663e-02 9.899999999999985478e-01 1.443289932012703503e-15 5.447145999999999913e+04 3.025551931201975094e+03 4.798300000000000000e+04 6.344100000000000000e+04
1.948717100000000799e-02 9.899999999999985478e-01 1.443289932012703503e-15 5.403681999999999971e+04 3.397184079145549276e+03 4.524700000000000000e+04 6.198400000000000000e+04
2.143588810000001191e-02 9.899999999999985478e-01 1.443289932012703503e-15 5.302552999999999884e+04 3.370020096245717923e+03 4.479900000000000000e+04 6.290500000000000000e+04
2.357947691000001483e-02 9.899999999999985478e-01 1.443289932012703503e-15 5.272119999999999709e+04 3.516179119442012961e+03 4.652800000000000000e+04 6.180500000000000000e+04
2.593742460100001770e-02 9.899999999999985478e-01 1.443289932012703503e-15 5.150686000000000058e+04 3.142701163076119428e+03 4.478300000000000000e+04 6.288600000000000000e+04
2.853116706110002052e-02 9.899999999999985478e-01 1.443289932012703503e-15 5.060698000000000320e+04 2.926752667992292572e+03 4.445800000000000000e+04 5.871100000000000000e+04
3.138428376721002361e-02 9.899999999999985478e-01 1.443289932012703503e-15 5.025969999999999709e+04 3.042616852316440600e+03 4.358400000000000000e+04 5.912100000000000000e+04
3.452271214393103083e-02 9.899999999999985478e-01 1.443289932012703503e-15 4.952501999999999680e+04 3.094581121832160989e+03 4.327200000000000000e+04 5.738400000000000000e+04
3.797498335832413807e-02 9.899999999999985478e-01 1.443289932012703503e-15 4.839640000000000146e+04 2.867863302181609015e+03 4.213300000000000000e+04 5.410200000000000000e+04
4.177248169415655188e-02 9.899999999999985478e-01 1.443289932012703503e-15 4.737906999999999971e+04 3.131694216410663557e+03 4.068300000000000000e+04 5.492900000000000000e+04
4.594972986357220845e-02 9.899999999999985478e-01 1.443289932012703503e-15 4.652358000000000175e+04 3.003503977623469382e+03 4.010000000000000000e+04 5.457200000000000000e+04
5.054470284992943624e-02 9.899999999999985478e-01 1.443289932012703503e-15 4.620808000000000175e+04 2.931281629867728498e+03 4.041200000000000000e+04 5.593100000000000000e+04
5.559917313492238750e-02 9.899999999999985478e-01 1.443289932012703503e-15 4.500786000000000058e+04 2.428691693154979021e+03 3.974700000000000000e+04 5.206500000000000000e+04
6.115909044841463110e-02 9.899999999999985478e-01 1.443289932012703503e-15 4.461361000000000058e+04 2.929529883428397170e+03 3.897600000000000000e+04 5.461800000000000000e+04
6.727499949325610462e-02 9.899999999999985478e-01 1.443289932012703503e-15 4.392233000000000175e+04 2.555544196663403000e+03 3.870700000000000000e+04 5.051200000000000000e+04
7.400249944258172063e-02 9.899999999999985478e-01 1.443289932012703503e-15 4.347406999999999971e+04 2.767226240317188058e+03 3.842300000000000000e+04 5.057000000000000000e+04
8.140274938683990380e-02 9.899999999999985478e-01 1.443289932012703503e-15 4.289558999999999651e+04 2.473712109745189991e+03 3.729400000000000000e+04 5.046800000000000000e+04
8.954302432552389834e-02 9.899999999999985478e-01 1.443289932012703503e-15 4.202705999999999767e+04 2.106183747064818363e+03 3.681800000000000000e+04 4.610800000000000000e+04
9.849732675807629234e-02 9.899999999999985478e-01 1.443289932012703503e-15 4.122208000000000175e+04 2.247299586970994369e+03 3.633900000000000000e+04 4.773500000000000000e+04
1.083470594338839244e-01 9.899999999999985478e-01 1.443289932012703503e-15 4.060830000000000291e+04 2.138391687694282155e+03 3.615300000000000000e+04 4.620100000000000000e+04
1.191817653772723196e-01 9.899999999999985478e-01 1.443289932012703503e-15 4.003718000000000029e+04 2.208071187167659900e+03 3.391800000000000000e+04 4.605700000000000000e+04
1.310999419149995737e-01 9.899999999999985478e-01 1.443289932012703503e-15 3.941976000000000204e+04 2.242101635162866387e+03 3.553900000000000000e+04 4.577300000000000000e+04
1.442099361064995422e-01 9.899999999999985478e-01 1.443289932012703503e-15 3.897168000000000029e+04 2.126906852121173415e+03 3.465400000000000000e+04 4.398100000000000000e+04
1.586309297171495103e-01 9.899999999999985478e-01 1.443289932012703503e-15 3.851469999999999709e+04 2.173587322837525335e+03 3.461800000000000000e+04 4.537900000000000000e+04
1.744940226888644641e-01 9.899999999999985478e-01 1.443289932012703503e-15 3.797009999999999854e+04 2.253639072699973894e+03 3.351700000000000000e+04 4.530100000000000000e+04
1.919434249577509355e-01 9.899999999999985478e-01 1.443289932012703503e-15 3.720183000000000175e+04 2.040592085915262032e+03 3.299200000000000000e+04 4.267100000000000000e+04
2.111377674535260540e-01 9.899999999999985478e-01 1.443289932012703503e-15 3.700994999999999709e+04 2.752416139957764699e+03 3.355100000000000000e+04 4.957900000000000000e+04
2.322515441988786677e-01 9.899999999999985478e-01 1.443289932012703503e-15 3.649444999999999709e+04 2.242506113146629104e+03 3.250000000000000000e+04 4.296300000000000000e+04
2.554766986187665401e-01 9.899999999999985478e-01 1.443289932012703503e-15 3.578643000000000029e+04 2.146264626065481025e+03 3.232900000000000000e+04 4.488800000000000000e+04
2.810243684806432163e-01 9.899999999999985478e-01 1.443289932012703503e-15 3.575348999999999796e+04 2.181093553678979788e+03 3.272700000000000000e+04 4.408200000000000000e+04
3.091268053287075657e-01 9.899999999999985478e-01 1.443289932012703503e-15 3.539944000000000233e+04 2.118163106656331365e+03 3.206600000000000000e+04 4.312500000000000000e+04
3.400394858615783389e-01 9.899999999999985478e-01 1.443289932012703503e-15 3.481319999999999709e+04 1.578650651664262568e+03 3.225000000000000000e+04 4.042600000000000000e+04
3.740434344477361894e-01 9.899999999999985478e-01 1.443289932012703503e-15 3.480362999999999738e+04 1.982166171918994223e+03 3.167600000000000000e+04 4.372700000000000000e+04
4.114477778925098583e-01 9.899749999999987171e-01 1.283549765299334794e-04 1.233311989999999991e+06 5.871975858780432492e+06 3.156200000000000000e+04 3.000000000000000000e+07
4.525925556817608775e-01 9.898849999999991267e-01 3.250769139757533053e-04 4.828871969999999739e+06 1.098558100710722059e+07 3.154800000000000000e+04 3.000000000000000000e+07
4.978518112499369930e-01 9.890789999999997084e-01 9.620077962262067869e-04 2.071090732999999821e+07 1.385852455445258319e+07 3.151900000000000000e+04 3.000000000000000000e+07
5.476369923749306867e-01 9.867399999999999505e-01 1.341193498343922191e-03 3.000000000000000000e+07 0.000000000000000000e+00 3.000000000000000000e+07 3.000000000000000000e+07
6.024006916124238220e-01 9.845549999999997359e-01 1.339057504366410667e-03 3.000000000000000000e+07 0.000000000000000000e+00 3.000000000000000000e+07 3.000000000000000000e+07
6.626407607736662930e-01 9.823979999999998824e-01 1.505189689042546203e-03 3.000000000000000000e+07 0.000000000000000000e+00 3.000000000000000000e+07 3.000000000000000000e+07
7.289048368510330222e-01 9.801200000000004353e-01 1.372807342637707029e-03 3.000000000000000000e+07 0.000000000000000000e+00 3.000000000000000000e+07 3.000000000000000000e+07
8.017953205361363356e-01 9.782430000000001957e-01 1.683879746300191238e-03 3.000000000000000000e+07 0.000000000000000000e+00 3.000000000000000000e+07 3.000000000000000000e+07
8.819748525897500580e-01 9.772619999999997420e-01 1.580492328358479043e-03 3.000000000000000000e+07 0.000000000000000000e+00 3.000000000000000000e+07 3.000000000000000000e+07
9.701723378487251415e-01 9.764740000000000641e-01 1.624107139323021287e-03 3.000000000000000000e+07 0.000000000000000000e+00 3.000000000000000000e+07 3.000000000000000000e+07
9.801723378487251503e-01 9.761509999999998799e-01 1.774288308026626725e-03 3.000000000000000000e+07 0.000000000000000000e+00 3.000000000000000000e+07 3.000000000000000000e+07
9.901723378487251592e-01 9.760510000000002240e-01 1.886133346293415508e-03 3.000000000000000000e+07 0.000000000000000000e+00 3.000000000000000000e+07 3.000000000000000000e+07
1.000172337848725057e+00 9.761520000000001307e-01 1.852051835127730165e-03 3.000000000000000000e+07 0.000000000000000000e+00 3.000000000000000000e+07 3.000000000000000000e+07
