1.000000000000000021e-02 9.899999999999985478e-01 1.443289932012703503e-15 5.811323999999999796e+04 3.661437382012697981e+03 5.005400000000000000e+04 6.993600000000000000e+04
1.100000000000000110e-02 9.899999999999985478e-01 1.443289932012703503e-15 5.704184999999999854e+04 4.315001732039048875e+03 4.772100000000000000e+04 6.938600000000000000e+04
1.210000000000000138e-02 9.899999999999985478e-01 1.443289932012703503e-15 5.612413999999999942e+04 4.115480579519236926e+03 4.871000000000000000e+04 6.974300000000000000e+04
1.331000000000000238e-02 9.899999999999985478e-01 1.443289932012703503e-15 5.534119000000000233e+04 3.697358061359488147e+03 4.594000000000000000e+04 6.477300000000000000e+04
1.464100000000000297e-02 9.899999999999985478e-01 1.443289932012703503e-15 5.452565000000000146e+04 3.882362714572145251e+03 4.649100000000000000e+04 6.424800000000000000e+04
1.610510000000000413e-02 9.899999999999985478e-01 1.443289932012703503e-15 5.408687000000000262e+04 3.445995707063490045e+03 4.592900000000000000e+04 6.347500000000000000e+04
1.771561000000000663e-02 9.899999999999985478e-01 1.443289932012703503e-15 5.289294000000000233e+04 3.294947980833688689e+03 4.551000000000000000e+04 6.217100000000000000e+04
1.948717100000000799e-02 9.899999999999985478e-01 1.443289932012703503e-15 5.157263999999999942e+04 2.924821582661069897e+03 4.500300000000000000e+04 5.871600000000000000e+04
2.143588810000001191e-02 9.899999999999985478e-01 1.443289932012703503e-15 5.071152999999999884e+04 3.693869324854359547e+03 4.446700000000000000e+04 6.194000000000000000e+04
2.357947691000001483e-02 9.899999999999985478e-01 1.443289932012703503e-15 5.093919999999999709e+04 3.476471323051579020e+03 4.413000000000000000e+04 6.408800000000000000e+04
2.593742460100001770e-02 9.899999999999985478e-01 1.443289932012703503e-15 4.946626000000000204e+04 2.903121033026354326e+03 4.401800000000000000e+04 6.019500000000000000e+04
2.853116706110002052e-02 9.899999999999985478e-01 1.443289932012703503e-15 4.842094000000000233e+04 3.518053691517513471e+03 4.079500000000000000e+04 5.718100000000000000e+04
3.138428376721002361e-02 9.899999999999985478e-01 1.443289932012703503e-15 4.816502999999999884e+04 3.270150294573630163e+03 4.243500000000000000e+04 5.688500000000000000e+04
3.452271214393103083e-02 9.899999999999985478e-01 1.443289932012703503e-15 4.722698999999999796e+04 3.305224816846805879e+03 4.008200000000000000e+04 5.792500000000000000e+04
3.797498335832413807e-02 9.899999999999985478e-01 1.443289932012703503e-15 4.584680999999999767e+04 2.568842761614654592e+03 4.089800000000000000e+04 5.433500000000000000e+04
4.177248169415655188e-02 9.899999999999985478e-01 1.443289932012703503e-15 4.530534999999999854e+04 3.287737548451822022e+03 4.011200000000000000e+04 5.797600000000000000e+04
4.594972986357220845e-02 9.899999999999985478e-01 1.443289932012703503e-15 4.469844999999999709e+04 2.594719223249405786e+03 3.954700000000000000e+04 5.125200000000000000e+04
5.054470284992943624e-02 9.899999999999985478e-01 1.443289932012703503e-15 4.428931999999999971e+04 2.847029114287382527e+03 3.496200000000000000e+04 5.269700000000000000e+04
5.559917313492238750e-02 9.899999999999985478e-01 1.443289932012703503e-15 4.311958999999999651e+04 2.908286839687585143e+03 3.695600000000000000e+04 5.018700000000000000e+04
6.115909044841463110e-02 9.899999999999985478e-01 1.443289932012703503e-15 4.255912999999999738e+04 2.581155317508033477e+03 3.674900000000000000e+04 4.943200000000000000e+04
6.727499949325610462e-02 9.899999999999985478e-01 1.443289932012703503e-15 4.224230000000000291e+04 2.995062839073665145e+03 3.425000000000000000e+04 4.894000000000000000e+04
7.400249944258172063e-02 9.899999999999985478e-01 1.443289932012703503e-15 4.116980000000000291e+04 2.646727828848292575e+03 3.587000000000000000e+04 4.855900000000000000e+04
8.140274938683990380e-02 9.899999999999985478e-01 1.443289932012703503e-15 4.063743000000000029e+04 2.460491301569667939e+03 3.595700000000000000e+04 4.664000000000000000e+04
8.954302432552389834e-02 9.899999999999985478e-01 1.443289932012703503e-15 3.996073999999999796e+04 2.443474279054314138e+03 3.494800000000000000e+04 4.592000000000000000e+04
9.849732675807629234e-02 9.899999999999985478e-01 1.443289932012703503e-15 3.911261000000000058e+04 2.220927652558722912e+03 3.435100000000000000e+04 4.639100000000000000e+04
1.083470594338839244e-01 9.899999999999985478e-01 1.443289932012703503e-15 3.821166000000000349e+04 2.097956835685615260e+03 3.405600000000000000e+04 4.410700000000000000e+04
1.191817653772723196e-01 9.899999999999985478e-01 1.443289932012703503e-15 3.773741999999999825e+04 2.421375374368873054e+03 3.291100000000000000e+04 4.362900000000000000e+04
1.310999419149995737e-01 9.899999999999985478e-01 1.443289932012703503e-15 3.727518000000000029e+04 2.404394141483463045e+03 3.202000000000000000e+04 4.520200000000000000e+04
1.442099361064995422e-01 9.899999999999985478e-01 1.443289932012703503e-15 3.698805000000000291e+04 2.006577042502978884e+03 3.328500000000000000e+04 4.201300000000000000e+04
1.586309297171495103e-01 9.899999999999985478e-01 1.443289932012703503e-15 3.606894000000000233e+04 2.412100415903119938e+03 3.182100000000000000e+04 4.328100000000000000e+04
1.744940226888644641e-01 9.899999999999985478e-01 1.443289932012703503e-15 3.558694999999999709e+04 2.164143638370613644e+03 3.048500000000000000e+04 4.405600000000000000e+04
1.919434249577509355e-01 9.899999999999985478e-01 1.443289932012703503e-15 3.570791999999999825e+04 2.063902641502258575e+03 3.050300000000000000e+04 4.229200000000000000e+04
2.111377674535260540e-01 9.899999999999985478e-01 1.443289932012703503e-15 3.431816000000000349e+04 1.773158079360100146e+03 3.008900000000000000e+04 3.923400000000000000e+04
2.322515441988786677e-01 9.899999999999985478e-01 1.443289932012703503e-15 3.393269999999999709e+04 2.032493402203313053e+03 2.955800000000000000e+04 3.990100000000000000e+04
2.554766986187665401e-01 9.899999999999985478e-01 1.443289932012703503e-15 3.368198999999999796e+04 1.938641872523133316e+03 2.919700000000000000e+04 4.081700000000000000e+04
2.810243684806432163e-01 9.899999999999985478e-01 1.443289932012703503e-15 3.304418000000000029e+04 1.967603905159775877e+03 2.944100000000000000e+04 4.111000000000000000e+04
3.091268053287075657e-01 9.899999999999985478e-01 1.443289932012703503e-15 3.279754000000000087e+04 2.027499230184810585e+03 2.893300000000000000e+04 3.912300000000000000e+04
3.400394858615783389e-01 9.899999999999985478e-01 1.443289932012703503e-15 3.237461999999999898e+04 1.993949080493281144e+03 2.894000000000000000e+04 3.920500000000000000e+04
3.740434344477361894e-01 9.899999999999985478e-01 1.443289932012703503e-15 3.219452999999999884e+04 1.937504660407298161e+03 2.879400000000000000e+04 3.906800000000000000e+04
4.114477778925098583e-01 9.899999999999985478e-01 1.443289932012703503e-15 3.178888000000000102e+04 2.088193009661702490e+03 2.849600000000000000e+04 3.878200000000000000e+04
4.525925556817608775e-01 9.899999999999985478e-01 1.443289932012703503e-15 3.135108000000000175e+04 2.102381690749803056e+03 2.803400000000000000e+04 3.690600000000000000e+04
4.978518112499369930e-01 9.899999999999985478e-01 1.443289932012703503e-15 3.123263000000000102e+04 1.844401814437406756e+03 2.753900000000000000e+04 3.870900000000000000e+04
5.476369923749306867e-01 9.899999999999985478e-01 1.443289932012703503e-15 3.049038000000000102e+04 1.577778107212798204e+03 2.762400000000000000e+04 3.620900000000000000e+04
6.024006916124238220e-01 9.899999999999985478e-01 1.443289932012703503e-15 3.066177000000000044e+04 2.040484574090184424e+03 2.771300000000000000e+04 3.847600000000000000e+04
6.626407607736662930e-01 9.899999999999985478e-01 1.443289932012703503e-15 3.048256000000000131e+04 1.526728602731998080e+03 2.733500000000000000e+04 3.472400000000000000e+04
7.289048368510330222e-01 9.899999999999985478e-01 1.443289932012703503e-15 3.010656999999999971e+04 1.640372087393588572e+03 2.752400000000000000e+04 3.782600000000000000e+04
8.017953205361363356e-01 9.899999999999985478e-01 1.443289932012703503e-15 3.017570999999999913e+04 1.763141527473050019e+03 2.753800000000000000e+04 3.687500000000000000e+04
8.819748525897500580e-01 9.899999999999985478e-01 1.443289932012703503e-15 3.018834999999999854e+04 1.671697648350322879e+03 2.706600000000000000e+04 3.475000000000000000e+04
9.701723378487251415e-01 9.899999999999985478e-01 1.443289932012703503e-15 3.011865999999999985e+04 1.593532705782972016e+03 2.718400000000000000e+04 3.474500000000000000e+04
9.801723378487251503e-01 9.899999999999985478e-01 1.443289932012703503e-15 3.016961999999999898e+04 1.616238458767764769e+03 2.694600000000000000e+04 3.758300000000000000e+04
9.901723378487251592e-01 9.899999999999985478e-01 1.443289932012703503e-15 3.028629999999999927e+04 1.761255804816552200e+03 2.691700000000000000e+04 3.699900000000000000e+04
1.000172337848725057e+00 9.899999999999985478e-01 1.443289932012703503e-15 3.063640999999999985e+04 2.304504333235241120e+03 2.671300000000000000e+04 3.945400000000000000e+04
