1.000000000000000021e-02 9.899999999999985478e-01 1.443289932012703503e-15 5.558934999999999854e+04 3.632456472898194988e+03 4.768300000000000000e+04 6.387400000000000000e+04
1.100000000000000110e-02 9.899999999999985478e-01 1.443289932012703503e-15 5.509830000000000291e+04 3.867381205673937984e+03 4.715200000000000000e+04 6.583300000000000000e+04
1.210000000000000138e-02 9.899999999999985478e-01 1.443289932012703503e-15 5.370469000000000233e+04 3.469547958149591068e+03 4.581800000000000000e+04 6.385800000000000000e+04
1.331000000000000238e-02 9.899999999999985478e-01 1.443289932012703503e-15 5.329812999999999738e+04 3.739995376080029018e+03 4.324900000000000000e+04 6.255700000000000000e+04
1.464100000000000297e-02 9.899999999999985478e-01 1.443289932012703503e-15 5.183673000000000320e+04 3.764781655966253311e+03 4.407600000000000000e+04 6.453200000000000000e+04
1.610510000000000413e-02 9.899999999999985478e-01 1.443289932012703503e-15 5.166701999999999680e+04 3.416517089025020141e+03 4.346800000000000000e+04 6.109200000000000000e+04
1.771561000000000663e-02 9.899999999999985478e-01 1.443289932012703503e-15 5.022181999999999971e+04 3.400311130999632041e+03 4.316800000000000000e+04 5.880400000000000000e+04
1.948717100000000799e-02 9.899999999999985478e-01 1.443289932012703503e-15 4.940411000000000058e+04 3.545604405161410341e+03 4.063500000000000000e+04 5.857600000000000000e+04
2.143588810000001191e-02 9.899999999999985478e-01 1.443289932012703503e-15 4.924111000000000058e+04 3.941869756587600932e+03 4.203000000000000000e+04 5.970300000000000000e+04
2.357947691000001483e-02 9.899999999999985478e-01 1.443289932012703503e-15 4.808462000000000262e+04 3.571304744151637806e+03 4.155700000000000000e+04 5.938900000000000000e+04
2.593742460100001770e-02 9.899999999999985478e-01 1.443289932012703503e-15 4.690223999999999796e+04 3.306880336873410215e+03 4.044700000000000000e+04 5.930600000000000000e+04
2.853116706110002052e-02 9.899999999999985478e-01 1.443289932012703503e-15 4.618915000000000146e+04 3.088677106383897353e+03 4.085600000000000000e+04 5.611700000000000000e+04
3.138428376721002361e-02 9.899999999999985478e-01 1.443289932012703503e-15 4.557758000000000175e+04 3.152179992259325445e+03 3.812400000000000000e+04 5.596400000000000000e+04
3.452271214393103083e-02 9.899999999999985478e-01 1.443289932012703503e-15 4.548379000000000087e+04 3.127750333050897552e+03 3.914400000000000000e+04 5.592000000000000000e+04
3.797498335832413807e-02 9.899999999999985478e-01 1.443289932012703503e-15 4.416313999999999942e+04 3.204301315482050995e+03 3.764000000000000000e+04 5.906000000000000000e+04
4.177248169415655188e-02 9.899999999999985478e-01 1.443289932012703503e-15 4.326484999999999854e+04 2.785298703460725847e+03 3.657100000000000000e+04 4.940700000000000000e+04
4.594972986357220845e-02 9.899999999999985478e-01 1.443289932012703503e-15 4.268920999999999913e+04 2.717976318127146442e+03 3.600200000000000000e+04 5.110200000000000000e+04
5.054470284992943624e-02 9.899999999999985478e-01 1.443289932012703503e-15 4.163172000000000116e+04 2.804711529123806031e+03 3.596200000000000000e+04 5.266000000000000000e+04
5.559917313492238750e-02 9.899999999999985478e-01 1.443289932012703503e-15 4.100676999999999680e+04 2.633161620011198920e+03 3.562600000000000000e+04 4.914400000000000000e+04
6.115909044841463110e-02 9.899999999999985478e-01 1.443289932012703503e-15 4.020944000000000233e+04 2.498839615981786210e+03 3.513900000000000000e+04 4.699600000000000000e+04
6.727499949325610462e-02 9.899999999999985478e-01 1.443289932012703503e-15 3.948198000000000320e+04 2.466768116301165264e+03 3.434200000000000000e+04 4.648700000000000000e+04
7.400249944258172063e-02 9.899999999999985478e-01 1.443289932012703503e-15 3.869469999999999709e+04 2.416376028270434745e+03 3.310900000000000000e+04 4.559300000000000000e+04
8.140274938683990380e-02 9.899999999999985478e-01 1.443289932012703503e-15 3.854870999999999913e+04 2.339121887781823261e+03 3.389400000000000000e+04 4.708500000000000000e+04
8.954302432552389834e-02 9.899999999999985478e-01 1.443289932012703503e-15 3.789952999999999884e+04 2.648135304152717254e+03 3.221300000000000000e+04 4.641100000000000000e+04
9.849732675807629234e-02 9.899999999999985478e-01 1.443289932012703503e-15 3.719208999999999651e+04 2.345565168973141226e+03 3.287900000000000000e+04 4.397500000000000000e+04
1.083470594338839244e-01 9.899999999999985478e-01 1.443289932012703503e-15 3.697558999999999651e+04 2.378197443842710527e+03 3.183500000000000000e+04 4.426100000000000000e+04
1.191817653772723196e-01 9.899999999999985478e-01 1.443289932012703503e-15 3.603754000000000087e+04 2.155826210157024434e+03 3.232000000000000000e+04 4.514500000000000000e+04
1.310999419149995737e-01 9.899999999999985478e-01 1.443289932012703503e-15 3.556377999999999884e+04 2.542131061058811611e+03 3.047400000000000000e+04 4.391800000000000000e+04
1.442099361064995422e-01 9.899999999999985478e-01 1.443289932012703503e-15 3.482406999999999971e+04 2.116570510306708456e+03 3.032400000000000000e+04 4.062200000000000000e+04
1.586309297171495103e-01 9.899999999999985478e-01 1.443289932012703503e-15 3.425866000000000349e+04 2.062842607762405351e+03 2.962700000000000000e+04 3.997100000000000000e+04
1.744940226888644641e-01 9.899999999999985478e-01 1.443289932012703503e-15 3.429429000000000087e+04 2.466377823023065957e+03 3.010400000000000000e+04 4.297800000000000000e+04
1.919434249577509355e-01 9.899999999999985478e-01 1.443289932012703503e-15 3.338533999999999651e+04 2.009179117052534139e+03 2.868800000000000000e+04 3.884100000000000000e+04
2.111377674535260540e-01 9.899999999999985478e-01 1.443289932012703503e-15 3.316798000000000320e+04 2.217629941987616348e+03 2.906800000000000000e+04 3.958100000000000000e+04
2.322515441988786677e-01 9.899999999999985478e-01 1.443289932012703503e-15 3.273454999999999927e+04 2.255310831681522814e+03 2.859700000000000000e+04 3.909600000000000000e+04
2.554766986187665401e-01 9.899999999999985478e-01 1.443289932012703503e-15 3.260500000000000000e+04 2.130776440643175647e+03 2.835800000000000000e+04 4.018500000000000000e+04
2.810243684806432163e-01 9.899999999999985478e-01 1.443289932012703503e-15 3.187906999999999971e+04 2.054977932995875108e+03 2.792200000000000000e+04 3.691500000000000000e+04
3.091268053287075657e-01 9.899999999999985478e-01 1.443289932012703503e-15 3.155847999999999956e+04 1.962828380067905982e+03 2.878300000000000000e+04 3.949200000000000000e+04
3.400394858615783389e-01 9.899999999999985478e-01 1.443289932012703503e-15 3.121120999999999913e+04 1.853672389042896839e+03 2.810700000000000000e+04 3.803800000000000000e+04
3.740434344477361894e-01 9.899999999999985478e-01 1.443289932012703503e-15 3.120649000000000160e+04 1.712250259132700421e+03 2.781900000000000000e+04 3.730300000000000000e+04
4.114477778925098583e-01 9.899999999999985478e-01 1.443289932012703503e-15 3.067906999999999971e+04 1.624702811316580664e+03 2.786600000000000000e+04 3.478400000000000000e+04
4.525925556817608775e-01 9.899969999999985726e-01 2.984962311319530370e-05 3.307209699999999721e+05 2.981875445395600051e+06 2.793600000000000000e+04 3.000000000000000000e+07
4.978518112499369930e-01 9.898989999999986411e-01 2.984945560642628375e-04 4.526365980000000447e+06 1.070106694049233384e+07 2.740500000000000000e+04 3.000000000000000000e+07
5.476369923749306867e-01 9.887249999999998540e-01 1.092371273880813178e-03 2.430577983999999985e+07 1.175709329081586562e+07 2.834800000000000000e+04 3.000000000000000000e+07
6.024006916124238220e-01 9.869479999999997144e-01 1.168202037320596829e-03 2.970031242000000179e+07 2.981853771568851080e+06 3.124200000000000000e+04 3.000000000000000000e+07
6.626407607736662930e-01 9.849879999999998637e-01 1.427464885732743259e-03 3.000000000000000000e+07 0.000000000000000000e+00 3.000000000000000000e+07 3.000000000000000000e+07
7.289048368510330222e-01 9.831030000000001712e-01 1.164599072642598420e-03 3.000000000000000000e+07 0.000000000000000000e+00 3.000000000000000000e+07 3.000000000000000000e+07
8.017953205361363356e-01 9.814529999999996868e-01 1.503293384539423254e-03 3.000000000000000000e+07 0.000000000000000000e+00 3.000000000000000000e+07 3.000000000000000000e+07
8.819748525897500580e-01 9.807379999999998876e-01 1.451329046081558391e-03 3.000000000000000000e+07 0.000000000000000000e+00 3.000000000000000000e+07 3.000000000000000000e+07
9.701723378487251415e-01 9.797069999999997725e-01 1.332985746360400422e-03 3.000000000000000000e+07 0.000000000000000000e+00 3.000000000000000000e+07 3.000000000000000000e+07
9.801723378487251503e-01 9.797319999999996032e-01 1.548087852804232688e-03 3.000000000000000000e+07 0.000000000000000000e+00 3.000000000000000000e+07 3.000000000000000000e+07
9.901723378487251592e-01 9.795420000000000238e-01 1.336127239449897081e-03 3.000000000000000000e+07 0.000000000000000000e+00 3.000000000000000000e+07 3.000000000000000000e+07
1.000172337848725057e+00 9.794669999999999765e-01 1.523748995077603115e-03 3.000000000000000000e+07 0.000000000000000000e+00 3.000000000000000000e+07 3.000000000000000000e+07
