1.000000000000000021e-02 9.899999999999985478e-01 1.443289932012703503e-15 5.810061000000000058e+04 3.850843351514055030e+03 5.075100000000000000e+04 7.062000000000000000e+04
1.100000000000000110e-02 9.899999999999985478e-01 1.443289932012703503e-15 5.680926000000000204e+04 3.954714122714814039e+03 4.660100000000000000e+04 6.868800000000000000e+04
1.210000000000000138e-02 9.899999999999985478e-01 1.443289932012703503e-15 5.607866999999999825e+04 3.962194495617296980e+03 4.663000000000000000e+04 6.682500000000000000e+04
1.331000000000000238e-02 9.899999999999985478e-01 1.443289932012703503e-15 5.439791000000000349e+04 3.712283453873101735e+03 4.706800000000000000e+04 6.481800000000000000e+04
1.464100000000000297e-02 9.899999999999985478e-01 1.443289932012703503e-15 5.470075000000000000e+04 2.798788971591105565e+03 4.895700000000000000e+04 6.377600000000000000e+04
1.610510000000000413e-02 9.899999999999985478e-01 1.443289932012703503e-15 5.376969000000000233e+04 3.849339223022569058e+03 4.598500000000000000e+04 6.577100000000000000e+04
1.771561000000000663e-02 9.899999999999985478e-01 1.443289932012703503e-15 5.244143000000000029e+04 3.306487932096531949e+03 4.603500000000000000e+04 6.076000000000000000e+04
1.948717100000000799e-02 9.899999999999985478e-01 1.443289932012703503e-15 5.198408000000000175e+04 3.544458908437225546e+03 4.568200000000000000e+04 6.234400000000000000e+04
2.143588810000001191e-02 9.899999999999985478e-01 1.443289932012703503e-15 5.145755000000000291e+04 3.730752560476237704e+03 4.416800000000000000e+04 5.995400000000000000e+04
2.357947691000001483e-02 9.899999999999985478e-01 1.443289932012703503e-15 4.999672000000000116e+04 2.855823720330090055e+03 4.361100000000000000e+04 5.773900000000000000e+04
2.593742460100001770e-02 9.899999999999985478e-01 1.443289932012703503e-15 5.011341000000000349e+04 2.841461842414921648e+03 4.433500000000000000e+04 6.032400000000000000e+04
2.853116706110002052e-02 9.899999999999985478e-01 1.443289932012703503e-15 4.812323000000000320e+04 3.283994944743368706e+03 3.977800000000000000e+04 5.846300000000000000e+04
3.138428376721002361e-02 9.899999999999985478e-01 1.443289932012703503e-15 4.798548000000000320e+04 3.190880964498675894e+03 4.061900000000000000e+04 5.627000000000000000e+04
3.452271214393103083e-02 9.899999999999985478e-01 1.443289932012703503e-15 4.739837999999999738e+04 3.178560541440102497e+03 4.138500000000000000e+04 5.393000000000000000e+04
3.797498335832413807e-02 9.899999999999985478e-01 1.443289932012703503e-15 4.679266999999999825e+04 2.711422951348608876e+03 4.191600000000000000e+04 5.348800000000000000e+04
4.177248169415655188e-02 9.899999999999985478e-01 1.443289932012703503e-15 4.493309999999999854e+04 2.510856859719406657e+03 3.874200000000000000e+04 5.245100000000000000e+04
4.594972986357220845e-02 9.899999999999985478e-01 1.443289932012703503e-15 4.508512999999999738e+04 2.864107870367316082e+03 3.940100000000000000e+04 5.359200000000000000e+04
5.054470284992943624e-02 9.899999999999985478e-01 1.443289932012703503e-15 4.406573999999999796e+04 2.714647581620863548e+03 3.892300000000000000e+04 5.065300000000000000e+04
5.559917313492238750e-02 9.899999999999985478e-01 1.443289932012703503e-15 4.322751000000000204e+04 2.540638838934018622e+03 3.811400000000000000e+04 5.035100000000000000e+04
6.115909044841463110e-02 9.899999999999985478e-01 1.443289932012703503e-15 4.268454000000000087e+04 2.834628830799545540e+03 3.752100000000000000e+04 5.158600000000000000e+04
6.727499949325610462e-02 9.899999999999985478e-01 1.443289932012703503e-15 4.172563999999999942e+04 2.887779941477536340e+03 3.601100000000000000e+04 4.866500000000000000e+04
7.400249944258172063e-02 9.899999999999985478e-01 1.443289932012703503e-15 4.082765000000000146e+04 2.659917627953918327e+03 3.524200000000000000e+04 4.989600000000000000e+04
8.140274938683990380e-02 9.899999999999985478e-01 1.443289932012703503e-15 4.041097000000000116e+04 2.349579679240523092e+03 3.591600000000000000e+04 4.785600000000000000e+04
8.954302432552389834e-02 9.899999999999985478e-01 1.443289932012703503e-15 3.953020999999999913e+04 2.600304144883825302e+03 3.377500000000000000e+04 4.773500000000000000e+04
9.849732675807629234e-02 9.899999999999985478e-01 1.443289932012703503e-15 3.877966000000000349e+04 2.175094164490356434e+03 3.397700000000000000e+04 4.393900000000000000e+04
1.083470594338839244e-01 9.899999999999985478e-01 1.443289932012703503e-15 3.830101000000000204e+04 2.007918048601585497e+03 3.409000000000000000e+04 4.366500000000000000e+04
1.191817653772723196e-01 9.899999999999985478e-01 1.443289932012703503e-15 3.745448000000000320e+04 2.234766455269990729e+03 3.253200000000000000e+04 4.474900000000000000e+04
1.310999419149995737e-01 9.899999999999985478e-01 1.443289932012703503e-15 3.693523999999999796e+04 2.299106357348437086e+03 3.235400000000000000e+04 4.321900000000000000e+04
1.442099361064995422e-01 9.899999999999985478e-01 1.443289932012703503e-15 3.653983000000000175e+04 2.575721708783772556e+03 3.158000000000000000e+04 4.744300000000000000e+04
1.586309297171495103e-01 9.899999999999985478e-01 1.443289932012703503e-15 3.573709999999999854e+04 1.876726930056687479e+03 3.210600000000000000e+04 4.143300000000000000e+04
1.744940226888644641e-01 9.899999999999985478e-01 1.443289932012703503e-15 3.493512999999999738e+04 2.192379669012646900e+03 3.031100000000000000e+04 4.242900000000000000e+04
1.919434249577509355e-01 9.899999999999985478e-01 1.443289932012703503e-15 3.424244999999999709e+04 1.843802117229503665e+03 3.088700000000000000e+04 4.071600000000000000e+04
2.111377674535260540e-01 9.899999999999985478e-01 1.443289932012703503e-15 3.408758999999999651e+04 2.008506131905003940e+03 3.079700000000000000e+04 3.986400000000000000e+04
2.322515441988786677e-01 9.899999999999985478e-01 1.443289932012703503e-15 3.331787999999999738e+04 1.959656568279247949e+03 2.997600000000000000e+04 4.238200000000000000e+04
2.554766986187665401e-01 9.899999999999985478e-01 1.443289932012703503e-15 3.293902999999999884e+04 1.815989220535188224e+03 2.962600000000000000e+04 3.845800000000000000e+04
2.810243684806432163e-01 9.899999999999985478e-01 1.443289932012703503e-15 3.273933000000000175e+04 2.110195920074721471e+03 2.918400000000000000e+04 3.932800000000000000e+04
3.091268053287075657e-01 9.899999999999985478e-01 1.443289932012703503e-15 3.256897999999999956e+04 2.109638551885132529e+03 2.881300000000000000e+04 3.881000000000000000e+04
3.400394858615783389e-01 9.899999999999985478e-01 1.443289932012703503e-15 3.164534000000000015e+04 1.809053278485738701e+03 2.825800000000000000e+04 3.788500000000000000e+04
3.740434344477361894e-01 9.899999999999985478e-01 1.443289932012703503e-15 3.144279000000000087e+04 1.708974823073762991e+03 2.852000000000000000e+04 3.592600000000000000e+04
4.114477778925098583e-01 9.899999999999985478e-01 1.443289932012703503e-15 3.130640999999999985e+04 2.216184983682544498e+03 2.813300000000000000e+04 4.018400000000000000e+04
4.525925556817608775e-01 9.899999999999985478e-01 1.443289932012703503e-15 3.090895000000000073e+04 1.838439633901532261e+03 2.755300000000000000e+04 3.636100000000000000e+04
4.978518112499369930e-01 9.899999999999985478e-01 1.443289932012703503e-15 3.082590999999999985e+04 1.826422651496635353e+03 2.740600000000000000e+04 3.638100000000000000e+04
5.476369923749306867e-01 9.899999999999985478e-01 1.443289932012703503e-15 3.052408000000000175e+04 2.061073325624297013e+03 2.678500000000000000e+04 3.664600000000000000e+04
6.024006916124238220e-01 9.899999999999985478e-01 1.443289932012703503e-15 2.990091999999999825e+04 1.546142908530773639e+03 2.684300000000000000e+04 3.635400000000000000e+04
6.626407607736662930e-01 9.899999999999985478e-01 1.443289932012703503e-15 3.016425999999999840e+04 2.034892113208953560e+03 2.720900000000000000e+04 3.894100000000000000e+04
7.289048368510330222e-01 9.899999999999985478e-01 1.443289932012703503e-15 2.974147999999999956e+04 1.808837120804412734e+03 2.590400000000000000e+04 3.504500000000000000e+04
8.017953205361363356e-01 9.899999999999985478e-01 1.443289932012703503e-15 2.987490000000000146e+04 1.991173656414728612e+03 2.673900000000000000e+04 3.807200000000000000e+04
8.819748525897500580e-01 9.899999999999985478e-01 1.443289932012703503e-15 2.950743999999999869e+04 1.691585530323548255e+03 2.630900000000000000e+04 3.630900000000000000e+04
9.701723378487251415e-01 9.899999999999985478e-01 1.443289932012703503e-15 2.982052000000000044e+04 2.222659598229112817e+03 2.689300000000000000e+04 4.266400000000000000e+04
9.801723378487251503e-01 9.899999999999985478e-01 1.443289932012703503e-15 2.978002000000000044e+04 1.937848146682293191e+03 2.574700000000000000e+04 3.795700000000000000e+04
9.901723378487251592e-01 9.899999999999985478e-01 1.443289932012703503e-15 3.013538000000000102e+04 2.126066046857434685e+03 2.705700000000000000e+04 3.654500000000000000e+04
1.000172337848725057e+00 9.899999999999985478e-01 1.443289932012703503e-15 2.977893000000000029e+04 1.618199235292119511e+03 2.613300000000000000e+04 3.563400000000000000e+04
