1.000000000000000021e-02 9.899999999999985478e-01 1.443289932012703503e-15 5.616100000000000000e+04 4.539762795565424312e+03 4.678300000000000000e+04 7.044200000000000000e+04
1.100000000000000110e-02 9.899999999999985478e-01 1.443289932012703503e-15 5.550681999999999971e+04 4.090995608357457058e+03 4.626400000000000000e+04 7.163100000000000000e+04
1.210000000000000138e-02 9.899999999999985478e-01 1.443289932012703503e-15 5.448012000000000262e+04 3.714080659544162245e+03 4.536300000000000000e+04 6.419400000000000000e+04
1.331000000000000238e-02 9.899999999999985478e-01 1.443289932012703503e-15 5.383973999999999796e+04 3.631586401615690647e+03 4.674600000000000000e+04 6.782500000000000000e+04
1.464100000000000297e-02 9.899999999999985478e-01 1.443289932012703503e-15 5.287776999999999680e+04 3.806647348665226673e+03 4.271500000000000000e+04 6.299000000000000000e+04
1.610510000000000413e-02 9.899999999999985478e-01 1.443289932012703503e-15 5.244383999999999651e+04 3.507891422835091362e+03 4.480200000000000000e+04 5.986900000000000000e+04
1.771561000000000663e-02 9.899999999999985478e-01 1.443289932012703503e-15 5.092656999999999971e+04 2.909099184472746401e+03 4.428500000000000000e+04 5.647100000000000000e+04
1.948717100000000799e-02 9.899999999999985478e-01 1.443289932012703503e-15 5.048097000000000116e+04 3.427055177422738780e+03 4.305400000000000000e+04 6.175600000000000000e+04
2.143588810000001191e-02 9.899999999999985478e-01 1.443289932012703503e-15 4.944262000000000262e+04 3.576181969027863488e+03 4.205300000000000000e+04 5.889900000000000000e+04
2.357947691000001483e-02 9.899999999999985478e-01 1.443289932012703503e-15 4.843895999999999913e+04 3.256085167559349884e+03 4.092100000000000000e+04 5.692900000000000000e+04
2.593742460100001770e-02 9.899999999999985478e-01 1.443289932012703503e-15 4.779812999999999738e+04 3.431369168874138268e+03 4.090200000000000000e+04 5.779400000000000000e+04
2.853116706110002052e-02 9.899999999999985478e-01 1.443289932012703503e-15 4.729941999999999825e+04 3.268645429470745967e+03 4.058100000000000000e+04 5.581500000000000000e+04
3.138428376721002361e-02 9.899999999999985478e-01 1.443289932012703503e-15 4.598583999999999651e+04 3.345252925325677552e+03 3.865500000000000000e+04 5.555000000000000000e+04
3.452271214393103083e-02 9.899999999999985478e-01 1.443289932012703503e-15 4.547745999999999913e+04 3.447597547336405114e+03 3.924500000000000000e+04 5.544800000000000000e+04
3.797498335832413807e-02 9.899999999999985478e-01 1.443289932012703503e-15 4.395788999999999942e+04 2.811326384093458273e+03 3.889100000000000000e+04 5.149000000000000000e+04
4.177248169415655188e-02 9.899999999999985478e-01 1.443289932012703503e-15 4.347505999999999767e+04 3.164814824977915578e+03 3.644800000000000000e+04 5.393400000000000000e+04
4.594972986357220845e-02 9.899999999999985478e-01 1.443289932012703503e-15 4.320306999999999971e+04 3.032364207198733311e+03 3.460500000000000000e+04 5.426200000000000000e+04
5.054470284992943624e-02 9.899999999999985478e-01 1.443289932012703503e-15 4.243919000000000233e+04 2.397478570060637594e+03 3.598300000000000000e+04 4.905000000000000000e+04
5.559917313492238750e-02 9.899999999999985478e-01 1.443289932012703503e-15 4.174409999999999854e+04 2.646796416424957897e+03 3.599300000000000000e+04 4.929000000000000000e+04
6.115909044841463110e-02 9.899999999999985478e-01 1.443289932012703503e-15 4.059012000000000262e+04 2.699225141702706878e+03 3.479900000000000000e+04 4.832500000000000000e+04
6.727499949325610462e-02 9.899999999999985478e-01 1.443289932012703503e-15 4.046398000000000320e+04 2.508766999862681587e+03 3.525200000000000000e+04 4.841200000000000000e+04
7.400249944258172063e-02 9.899999999999985478e-01 1.443289932012703503e-15 3.922723000000000320e+04 2.421573681947340901e+03 3.426900000000000000e+04 4.497700000000000000e+04
8.140274938683990380e-02 9.899999999999985478e-01 1.443289932012703503e-15 3.887869999999999709e+04 2.364543581751032434e+03 3.396600000000000000e+04 4.621600000000000000e+04
8.954302432552389834e-02 9.899999999999985478e-01 1.443289932012703503e-15 3.804136000000000058e+04 2.556912143660787024e+03 3.356800000000000000e+04 4.595300000000000000e+04
9.849732675807629234e-02 9.899999999999985478e-01 1.443289932012703503e-15 3.778194999999999709e+04 2.680061888744362932e+03 3.423300000000000000e+04 4.700500000000000000e+04
1.083470594338839244e-01 9.899999999999985478e-01 1.443289932012703503e-15 3.728729000000000087e+04 2.583274551010789764e+03 3.246000000000000000e+04 4.484500000000000000e+04
1.191817653772723196e-01 9.899999999999985478e-01 1.443289932012703503e-15 3.657665000000000146e+04 2.186925469123262246e+03 3.222800000000000000e+04 4.315900000000000000e+04
1.310999419149995737e-01 9.899999999999985478e-01 1.443289932012703503e-15 3.636088999999999942e+04 2.447284368008752153e+03 3.138700000000000000e+04 4.451200000000000000e+04
1.442099361064995422e-01 9.899999999999985478e-01 1.443289932012703503e-15 3.515701000000000204e+04 2.147246583394650315e+03 3.139400000000000000e+04 4.246200000000000000e+04
1.586309297171495103e-01 9.899999999999985478e-01 1.443289932012703503e-15 3.439256999999999971e+04 2.208804229690807460e+03 3.025100000000000000e+04 4.054700000000000000e+04
1.744940226888644641e-01 9.899999999999985478e-01 1.443289932012703503e-15 3.424904000000000087e+04 2.030680200917909133e+03 3.041000000000000000e+04 4.021100000000000000e+04
1.919434249577509355e-01 9.899999999999985478e-01 1.443289932012703503e-15 3.348993000000000029e+04 2.003874084143013533e+03 2.954300000000000000e+04 3.911200000000000000e+04
2.111377674535260540e-01 9.899999999999985478e-01 1.443289932012703503e-15 3.339558000000000175e+04 2.248166898519769347e+03 2.969400000000000000e+04 3.995800000000000000e+04
2.322515441988786677e-01 9.899999999999985478e-01 1.443289932012703503e-15 3.295998999999999796e+04 2.315696040049298517e+03 2.828900000000000000e+04 4.350200000000000000e+04
2.554766986187665401e-01 9.899999999999985478e-01 1.443289932012703503e-15 3.250231999999999971e+04 1.988610971909789669e+03 2.898100000000000000e+04 4.127900000000000000e+04
2.810243684806432163e-01 9.899999999999985478e-01 1.443289932012703503e-15 3.175993999999999869e+04 2.100499530207041516e+03 2.757200000000000000e+04 3.846200000000000000e+04
3.091268053287075657e-01 9.899999999999985478e-01 1.443289932012703503e-15 3.180929000000000087e+04 2.147323274660804600e+03 2.775800000000000000e+04 4.077700000000000000e+04
3.400394858615783389e-01 9.899999999999985478e-01 1.443289932012703503e-15 3.106506000000000131e+04 1.896662536246235504e+03 2.794600000000000000e+04 3.973000000000000000e+04
3.740434344477361894e-01 9.899999999999985478e-01 1.443289932012703503e-15 3.090743999999999869e+04 2.076383294673697947e+03 2.769000000000000000e+04 3.740600000000000000e+04
4.114477778925098583e-01 9.899999999999985478e-01 1.443289932012703503e-15 3.095320999999999913e+04 2.034096410178239466e+03 2.770500000000000000e+04 3.908600000000000000e+04
4.525925556817608775e-01 9.899999999999985478e-01 1.443289932012703503e-15 3.032783000000000175e+04 1.727375720884139582e+03 2.696000000000000000e+04 3.547600000000000000e+04
4.978518112499369930e-01 9.899999999999985478e-01 1.443289932012703503e-15 3.039629000000000087e+04 2.096960034406949944e+03 2.694900000000000000e+04 3.797500000000000000e+04
5.476369923749306867e-01 9.899999999999985478e-01 1.443289932012703503e-15 3.008650999999999840e+04 1.983024066898836509e+03 2.620700000000000000e+04 3.580000000000000000e+04
6.024006916124238220e-01 9.899999999999985478e-01 1.443289932012703503e-15 2.996747000000000116e+04 1.746047407460633849e+03 2.689500000000000000e+04 3.529500000000000000e+04
6.626407607736662930e-01 9.899999999999985478e-01 1.443289932012703503e-15 2.948602000000000044e+04 2.125690697067661404e+03 2.699400000000000000e+04 4.029100000000000000e+04
7.289048368510330222e-01 9.899999999999985478e-01 1.443289932012703503e-15 2.992906999999999971e+04 2.453293693201039787e+03 2.667300000000000000e+04 4.418300000000000000e+04
8.017953205361363356e-01 9.899999999999985478e-01 1.443289932012703503e-15 2.962131000000000131e+04 2.042541655364707367e+03 2.570600000000000000e+04 3.529100000000000000e+04
8.819748525897500580e-01 9.899999999999985478e-01 1.443289932012703503e-15 2.973165999999999985e+04 1.704915512393502468e+03 2.681300000000000000e+04 3.481400000000000000e+04
9.701723378487251415e-01 9.899999999999985478e-01 1.443289932012703503e-15 2.955888000000000102e+04 1.994700329773873818e+03 2.609000000000000000e+04 3.512400000000000000e+04
9.801723378487251503e-01 9.899999999999985478e-01 1.443289932012703503e-15 2.971540000000000146e+04 2.193248066225067760e+03 2.610400000000000000e+04 3.899000000000000000e+04
9.901723378487251592e-01 9.899999999999985478e-01 1.443289932012703503e-15 2.977343999999999869e+04 1.896321983841351766e+03 2.669500000000000000e+04 3.677000000000000000e+04
1.000172337848725057e+00 9.899999999999985478e-01 1.443289932012703503e-15 2.980031999999999971e+04 2.112639429150180149e+03 2.689300000000000000e+04 3.686700000000000000e+04
