1.000000000000000021e-02 9.443539999999999157e-01 1.757341412475106265e-02 3.000000000000000000e+07 0.000000000000000000e+00 3.000000000000000000e+07 3.000000000000000000e+07
1.100000000000000110e-02 9.467779999999997864e-01 1.765051602645090548e-02 3.000000000000000000e+07 0.000000000000000000e+00 3.000000000000000000e+07 3.000000000000000000e+07
1.210000000000000138e-02 9.511330000000000062e-01 1.696702127658240508e-02 3.000000000000000000e+07 0.000000000000000000e+00 3.000000000000000000e+07 3.000000000000000000e+07
1.331000000000000238e-02 9.466509999999999092e-01 1.733220987064256965e-02 3.000000000000000000e+07 0.000000000000000000e+00 3.000000000000000000e+07 3.000000000000000000e+07
1.464100000000000297e-02 9.494759999999997646e-01 1.599164857042575244e-02 3.000000000000000000e+07 0.000000000000000000e+00 3.000000000000000000e+07 3.000000000000000000e+07
1.610510000000000413e-02 9.495920000000002137e-01 1.453278830782310169e-02 3.000000000000000000e+07 0.000000000000000000e+00 3.000000000000000000e+07 3.000000000000000000e+07
1.771561000000000663e-02 9.503979999999997430e-01 1.719463858300022616e-02 3.000000000000000000e+07 0.000000000000000000e+00 3.000000000000000000e+07 3.000000000000000000e+07
1.948717100000000799e-02 9.464209999999999567e-01 1.578933370981816173e-02 3.000000000000000000e+07 0.000000000000000000e+00 3.000000000000000000e+07 3.000000000000000000e+07
2.143588810000001191e-02 9.467149999999997512e-01 1.875838146003006718e-02 3.000000000000000000e+07 0.000000000000000000e+00 3.000000000000000000e+07 3.000000000000000000e+07
2.357947691000001483e-02 9.476150000000005402e-01 1.682009735405833040e-02 3.000000000000000000e+07 0.000000000000000000e+00 3.000000000000000000e+07 3.000000000000000000e+07
2.593742460100001770e-02 9.479730000000001766e-01 1.453184678559473440e-02 3.000000000000000000e+07 0.000000000000000000e+00 3.000000000000000000e+07 3.000000000000000000e+07
2.853116706110002052e-02 9.486430000000001250e-01 1.826108570156769612e-02 3.000000000000000000e+07 0.000000000000000000e+00 3.000000000000000000e+07 3.000000000000000000e+07
3.138428376721002361e-02 9.470320000000005400e-01 1.543369612244584882e-02 3.000000000000000000e+07 0.000000000000000000e+00 3.000000000000000000e+07 3.000000000000000000e+07
3.452271214393103083e-02 9.513429999999998277e-01 1.525852715697030397e-02 3.000000000000000000e+07 0.000000000000000000e+00 3.000000000000000000e+07 3.000000000000000000e+07
3.797498335832413807e-02 9.504600000000001936e-01 1.393493451724836692e-02 3.000000000000000000e+07 0.000000000000000000e+00 3.000000000000000000e+07 3.000000000000000000e+07
4.177248169415655188e-02 9.543580000000000396e-01 1.265878493379203260e-02 3.000000000000000000e+07 0.000000000000000000e+00 3.000000000000000000e+07 3.000000000000000000e+07
4.594972986357220845e-02 9.542100000000002247e-01 1.304617568485110131e-02 3.000000000000000000e+07 0.000000000000000000e+00 3.000000000000000000e+07 3.000000000000000000e+07
5.054470284992943624e-02 9.543929999999999358e-01 1.448641608542292590e-02 3.000000000000000000e+07 0.000000000000000000e+00 3.000000000000000000e+07 3.000000000000000000e+07
5.559917313492238750e-02 9.548889999999998768e-01 1.473757032213926510e-02 3.000000000000000000e+07 0.000000000000000000e+00 3.000000000000000000e+07 3.000000000000000000e+07
6.115909044841463110e-02 9.573839999999996797e-01 1.246854217621290277e-02 3.000000000000000000e+07 0.000000000000000000e+00 3.000000000000000000e+07 3.000000000000000000e+07
6.727499949325610462e-02 9.555400000000000560e-01 1.285445448084048328e-02 3.000000000000000000e+07 0.000000000000000000e+00 3.000000000000000000e+07 3.000000000000000000e+07
7.400249944258172063e-02 9.607750000000000457e-01 1.279059322314645211e-02 3.000000000000000000e+07 0.000000000000000000e+00 3.000000000000000000e+07 3.000000000000000000e+07
8.140274938683990380e-02 9.628720000000003942e-01 1.259023494617951718e-02 3.000000000000000000e+07 0.000000000000000000e+00 3.000000000000000000e+07 3.000000000000000000e+07
8.954302432552389834e-02 9.642260000000001385e-01 1.271914006527171022e-02 2.970071942999999970e+07 2.977804073201081716e+06 7.194300000000000000e+04 3.000000000000000000e+07
9.849732675807629234e-02 9.691429999999999767e-01 9.776627792853730126e-03 3.000000000000000000e+07 0.000000000000000000e+00 3.000000000000000000e+07 3.000000000000000000e+07
1.083470594338839244e-01 9.718630000000000324e-01 1.008363679433169589e-02 3.000000000000000000e+07 0.000000000000000000e+00 3.000000000000000000e+07 3.000000000000000000e+07
1.191817653772723196e-01 9.735649999999996806e-01 9.274215600254287831e-03 3.000000000000000000e+07 0.000000000000000000e+00 3.000000000000000000e+07 3.000000000000000000e+07
1.310999419149995737e-01 9.775690000000000213e-01 6.793786793828603121e-03 2.910209778999999911e+07 5.105688104494880885e+06 6.735000000000000000e+04 3.000000000000000000e+07
1.442099361064995422e-01 9.805549999999996214e-01 6.184583656156650289e-03 2.760560591000000015e+07 8.119785448250466958e+06 6.685600000000000000e+04 3.000000000000000000e+07
1.586309297171495103e-01 9.837579999999997993e-01 5.068731202184621407e-03 2.551002694999999925e+07 1.068827377135618962e+07 6.057400000000000000e+04 3.000000000000000000e+07
1.744940226888644641e-01 9.859149999999996528e-01 3.923018608163871164e-03 2.281550457000000030e+07 1.278490345203009248e+07 5.606800000000000000e+04 3.000000000000000000e+07
1.919434249577509355e-01 9.871209999999993601e-01 3.617963377371307462e-03 1.982145944000000134e+07 1.418136462015069276e+07 5.731700000000000000e+04 3.000000000000000000e+07
2.111377674535260540e-01 9.886139999999994377e-01 2.487569898515414220e-03 1.383374435999999940e+07 1.492077854950398579e+07 5.624800000000000000e+04 3.000000000000000000e+07
2.322515441988786677e-01 9.887409999999990928e-01 1.979196554160295683e-03 1.413234424000000022e+07 1.494251736933183484e+07 5.479200000000000000e+04 3.000000000000000000e+07
2.554766986187665401e-01 9.896129999999990767e-01 1.157640272278045957e-03 5.748004660000000149e+06 1.174577771364195459e+07 5.184600000000000000e+04 3.000000000000000000e+07
2.810243684806432163e-01 9.898079999999985779e-01 4.926824535134162030e-04 5.447663860000000335e+06 1.150329244723872282e+07 5.162100000000000000e+04 3.000000000000000000e+07
3.091268053287075657e-01 9.895989999999990072e-01 1.038989412843073458e-03 6.943996320000000298e+06 1.260092986150027066e+07 5.004900000000000000e+04 3.000000000000000000e+07
3.400394858615783389e-01 9.897789999999987431e-01 6.071729572370615415e-04 6.044930940000000410e+06 1.197753483879538253e+07 5.064000000000000000e+04 3.000000000000000000e+07
3.740434344477361894e-01 9.892879999999999452e-01 9.526048498721782906e-04 1.622504991999999993e+07 1.492478216595975682e+07 4.903800000000000000e+04 3.000000000000000000e+07
4.114477778925098583e-01 9.886330000000000950e-01 1.492384333876494839e-03 2.281309330999999866e+07 1.278919424551694654e+07 5.069500000000000000e+04 3.000000000000000000e+07
4.525925556817608775e-01 9.868560000000000665e-01 2.095104770649905412e-03 2.760426451999999955e+07 8.124334309605798684e+06 4.979500000000000000e+04 3.000000000000000000e+07
4.978518112499369930e-01 9.846540000000000292e-01 1.785632660991616797e-03 3.000000000000000000e+07 0.000000000000000000e+00 3.000000000000000000e+07 3.000000000000000000e+07
5.476369923749306867e-01 9.819870000000000543e-01 2.046638952038195604e-03 3.000000000000000000e+07 0.000000000000000000e+00 3.000000000000000000e+07 3.000000000000000000e+07
6.024006916124238220e-01 9.793710000000001026e-01 1.979812869945032743e-03 3.000000000000000000e+07 0.000000000000000000e+00 3.000000000000000000e+07 3.000000000000000000e+07
6.626407607736662930e-01 9.762890000000002955e-01 2.470299374569810517e-03 3.000000000000000000e+07 0.000000000000000000e+00 3.000000000000000000e+07 3.000000000000000000e+07
7.289048368510330222e-01 9.734249999999992076e-01 2.289819861910540131e-03 3.000000000000000000e+07 0.000000000000000000e+00 3.000000000000000000e+07 3.000000000000000000e+07
8.017953205361363356e-01 9.708890000000005571e-01 2.450261006505227365e-03 3.000000000000000000e+07 0.000000000000000000e+00 3.000000000000000000e+07 3.000000000000000000e+07
8.819748525897500580e-01 9.689980000000000260e-01 2.333322952357853256e-03 3.000000000000000000e+07 0.000000000000000000e+00 3.000000000000000000e+07 3.000000000000000000e+07
9.701723378487251415e-01 9.680470000000002129e-01 2.579707541563579665e-03 3.000000000000000000e+07 0.000000000000000000e+00 3.000000000000000000e+07 3.000000000000000000e+07
9.801723378487251503e-01 9.682309999999995087e-01 2.311955665664896988e-03 3.000000000000000000e+07 0.000000000000000000e+00 3.000000000000000000e+07 3.000000000000000000e+07
9.901723378487251592e-01 9.681700000000001971e-01 2.525094057654092734e-03 3.000000000000000000e+07 0.000000000000000000e+00 3.000000000000000000e+07 3.000000000000000000e+07
1.000172337848725057e+00 9.686390000000002498e-01 2.280697042572728695e-03 3.000000000000000000e+07 0.000000000000000000e+00 3.000000000000000000e+07 3.000000000000000000e+07
