1.000000000000000021e-02 9.899999999999985478e-01 1.443289932012703503e-15 5.976597000000000116e+04 3.816337800706326107e+03 5.124300000000000000e+04 6.951400000000000000e+04
1.100000000000000110e-02 9.899999999999985478e-01 1.443289932012703503e-15 5.921843000000000029e+04 3.886737089783665851e+03 4.994200000000000000e+04 6.898500000000000000e+04
1.210000000000000138e-02 9.899999999999985478e-01 1.443289932012703503e-15 5.852769999999999709e+04 3.635748584542116078e+03 5.179800000000000000e+04 6.744800000000000000e+04
1.331000000000000238e-02 9.899999999999985478e-01 1.443289932012703503e-15 5.738679000000000087e+04 3.740687082061261663e+03 4.820200000000000000e+04 6.942400000000000000e+04
1.464100000000000297e-02 9.899999999999985478e-01 1.443289932012703503e-15 5.734894000000000233e+04 3.248784245898764311e+03 4.956400000000000000e+04 6.699000000000000000e+04
1.610510000000000413e-02 9.899999999999985478e-01 1.443289932012703503e-15 5.565029000000000087e+04 3.555112564448558715e+03 4.939900000000000000e+04 6.541700000000000000e+04
1.771561000000000663e-02 9.899999999999985478e-01 1.443289932012703503e-15 5.445268000000000029e+04 3.076233999161962402e+03 4.804500000000000000e+04 6.179100000000000000e+04
1.948717100000000799e-02 9.899999999999985478e-01 1.443289932012703503e-15 5.416911000000000058e+04 3.610163455842407984e+03 4.649100000000000000e+04 6.409800000000000000e+04
2.143588810000001191e-02 9.899999999999985478e-01 1.443289932012703503e-15 5.345330999999999767e+04 2.939454373501994269e+03 4.667700000000000000e+04 6.067400000000000000e+04
2.357947691000001483e-02 9.899999999999985478e-01 1.443289932012703503e-15 5.269394000000000233e+04 3.228279894370994498e+03 4.562300000000000000e+04 6.205800000000000000e+04
2.593742460100001770e-02 9.899999999999985478e-01 1.443289932012703503e-15 5.184416000000000349e+04 2.784618055389284109e+03 4.582600000000000000e+04 5.973100000000000000e+04
2.853116706110002052e-02 9.899999999999985478e-01 1.443289932012703503e-15 5.033706999999999971e+04 3.111341068590841587e+03 4.372800000000000000e+04 6.018700000000000000e+04
3.138428376721002361e-02 9.899999999999985478e-01 1.443289932012703503e-15 4.993937999999999738e+04 2.956067671011608581e+03 4.255900000000000000e+04 5.809200000000000000e+04
3.452271214393103083e-02 9.899999999999985478e-01 1.443289932012703503e-15 4.907850000000000000e+04 2.952362249115104532e+03 4.353100000000000000e+04 6.084700000000000000e+04
3.797498335832413807e-02 9.899999999999985478e-01 1.443289932012703503e-15 4.843526999999999680e+04 3.163293194931510243e+03 4.345200000000000000e+04 5.890600000000000000e+04
4.177248169415655188e-02 9.899999999999985478e-01 1.443289932012703503e-15 4.769570999999999913e+04 3.164782448431486955e+03 4.205000000000000000e+04 5.591400000000000000e+04
4.594972986357220845e-02 9.899999999999985478e-01 1.443289932012703503e-15 4.732151000000000204e+04 3.075304584898868143e+03 4.109500000000000000e+04 5.675600000000000000e+04
5.054470284992943624e-02 9.899999999999985478e-01 1.443289932012703503e-15 4.581927999999999884e+04 2.496509591730022294e+03 4.004000000000000000e+04 5.310900000000000000e+04
5.559917313492238750e-02 9.899999999999985478e-01 1.443289932012703503e-15 4.522566999999999825e+04 2.350202340459220977e+03 4.014700000000000000e+04 5.295600000000000000e+04
6.115909044841463110e-02 9.899999999999985478e-01 1.443289932012703503e-15 4.488451999999999680e+04 2.868719311748711334e+03 3.803400000000000000e+04 5.497300000000000000e+04
6.727499949325610462e-02 9.899999999999985478e-01 1.443289932012703503e-15 4.366750000000000000e+04 2.454888353876811379e+03 3.877000000000000000e+04 5.093600000000000000e+04
7.400249944258172063e-02 9.899999999999985478e-01 1.443289932012703503e-15 4.292175000000000000e+04 2.577473244768992572e+03 3.803900000000000000e+04 5.036800000000000000e+04
8.140274938683990380e-02 9.899999999999985478e-01 1.443289932012703503e-15 4.253443000000000029e+04 2.465788966051231910e+03 3.748100000000000000e+04 5.006800000000000000e+04
8.954302432552389834e-02 9.899999999999985478e-01 1.443289932012703503e-15 4.174505999999999767e+04 2.416181801189636644e+03 3.724900000000000000e+04 5.099900000000000000e+04
9.849732675807629234e-02 9.899999999999985478e-01 1.443289932012703503e-15 4.104645999999999913e+04 2.350667864331327110e+03 3.619800000000000000e+04 4.679700000000000000e+04
1.083470594338839244e-01 9.899999999999985478e-01 1.443289932012703503e-15 4.032573999999999796e+04 2.360890288090490230e+03 3.626400000000000000e+04 4.588200000000000000e+04
1.191817653772723196e-01 9.899999999999985478e-01 1.443289932012703503e-15 4.024348999999999796e+04 2.784102287973629700e+03 3.581600000000000000e+04 5.044000000000000000e+04
1.310999419149995737e-01 9.899999999999985478e-01 1.443289932012703503e-15 3.904730999999999767e+04 2.104329264611410053e+03 3.403200000000000000e+04 4.658300000000000000e+04
1.442099361064995422e-01 9.899999999999985478e-01 1.443289932012703503e-15 3.856279000000000087e+04 2.343301992040291680e+03 3.394700000000000000e+04 4.562700000000000000e+04
1.586309297171495103e-01 9.899999999999985478e-01 1.443289932012703503e-15 3.762825000000000000e+04 2.047405071669990775e+03 3.429600000000000000e+04 4.575000000000000000e+04
1.744940226888644641e-01 9.899999999999985478e-01 1.443289932012703503e-15 3.731944000000000233e+04 2.466827295616780248e+03 3.315200000000000000e+04 5.050500000000000000e+04
1.919434249577509355e-01 9.899999999999985478e-01 1.443289932012703503e-15 3.671991000000000349e+04 2.180717203559416248e+03 3.219700000000000000e+04 4.346400000000000000e+04
2.111377674535260540e-01 9.899999999999985478e-01 1.443289932012703503e-15 3.599741000000000349e+04 2.105049092515421307e+03 3.184500000000000000e+04 4.310700000000000000e+04
2.322515441988786677e-01 9.899999999999985478e-01 1.443289932012703503e-15 3.560012999999999738e+04 1.959562102384101081e+03 3.140000000000000000e+04 4.111600000000000000e+04
2.554766986187665401e-01 9.899999999999985478e-01 1.443289932012703503e-15 3.516716999999999825e+04 2.119242199726118997e+03 3.073000000000000000e+04 4.623700000000000000e+04
2.810243684806432163e-01 9.899999999999985478e-01 1.443289932012703503e-15 3.452550000000000000e+04 1.948424484038321680e+03 3.160700000000000000e+04 3.996600000000000000e+04
3.091268053287075657e-01 9.899999999999985478e-01 1.443289932012703503e-15 3.372205000000000291e+04 2.049350860028609532e+03 3.056200000000000000e+04 4.238700000000000000e+04
3.400394858615783389e-01 9.899999999999985478e-01 1.443289932012703503e-15 3.374279000000000087e+04 2.039648422130637755e+03 3.015800000000000000e+04 4.127000000000000000e+04
3.740434344477361894e-01 9.899999999999985478e-01 1.443289932012703503e-15 3.312812999999999738e+04 1.754087817955532273e+03 2.991800000000000000e+04 4.237400000000000000e+04
4.114477778925098583e-01 9.899999999999985478e-01 1.443289932012703503e-15 3.327388999999999942e+04 2.123603554786062432e+03 2.953200000000000000e+04 4.150100000000000000e+04
4.525925556817608775e-01 9.899999999999985478e-01 1.443289932012703503e-15 3.246252999999999884e+04 2.318951713404140719e+03 2.879600000000000000e+04 3.998600000000000000e+04
4.978518112499369930e-01 9.899999999999985478e-01 1.443289932012703503e-15 3.214456000000000131e+04 1.668429652817283113e+03 2.914200000000000000e+04 3.688200000000000000e+04
5.476369923749306867e-01 9.899999999999985478e-01 1.443289932012703503e-15 3.171288999999999942e+04 1.615148395008954139e+03 2.852300000000000000e+04 3.684800000000000000e+04
6.024006916124238220e-01 9.899999999999985478e-01 1.443289932012703503e-15 3.144924000000000160e+04 1.980165690643083281e+03 2.852200000000000000e+04 3.852000000000000000e+04
6.626407607736662930e-01 9.899999999999985478e-01 1.443289932012703503e-15 3.159179000000000087e+04 1.924733811699685475e+03 2.783400000000000000e+04 3.735100000000000000e+04
7.289048368510330222e-01 9.899999999999985478e-01 1.443289932012703503e-15 3.145481000000000131e+04 2.094708116635824354e+03 2.846600000000000000e+04 4.161400000000000000e+04
8.017953205361363356e-01 9.899999999999985478e-01 1.443289932012703503e-15 3.137852999999999884e+04 2.200353514574419478e+03 2.827400000000000000e+04 3.907000000000000000e+04
8.819748525897500580e-01 9.899999999999985478e-01 1.443289932012703503e-15 3.165329000000000087e+04 2.337848820154972600e+03 2.818000000000000000e+04 4.212000000000000000e+04
9.701723378487251415e-01 9.899999999999985478e-01 1.443289932012703503e-15 3.159888000000000102e+04 2.188321755501233838e+03 2.812500000000000000e+04 4.228100000000000000e+04
9.801723378487251503e-01 9.899999999999985478e-01 1.443289932012703503e-15 3.140579999999999927e+04 2.021120525846986538e+03 2.821900000000000000e+04 4.010700000000000000e+04
9.901723378487251592e-01 9.899999999999985478e-01 1.443289932012703503e-15 3.162883000000000175e+04 2.137869434998311135e+03 2.764800000000000000e+04 3.912600000000000000e+04
1.000172337848725057e+00 9.899999999999985478e-01 1.443289932012703503e-15 3.139079999999999927e+04 1.851842196300753585e+03 2.765700000000000000e+04 3.786000000000000000e+04
