1.000000000000000021e-02 9.899999999999985478e-01 1.443289932012703503e-15 5.175665000000000146e+04 4.290585506373226963e+03 4.131300000000000000e+04 6.429000000000000000e+04
1.100000000000000110e-02 9.899999999999985478e-01 1.443289932012703503e-15 5.073934999999999854e+04 3.771766523460856661e+03 3.954700000000000000e+04 6.133000000000000000e+04
1.210000000000000138e-02 9.899999999999985478e-01 1.443289932012703503e-15 4.903447000000000116e+04 3.549509959008426449e+03 4.202700000000000000e+04 5.975000000000000000e+04
1.331000000000000238e-02 9.899999999999985478e-01 1.443289932012703503e-15 4.837466999999999825e+04 3.695294970783793815e+03 4.004000000000000000e+04 5.890000000000000000e+04
1.464100000000000297e-02 9.899999999999985478e-01 1.443289932012703503e-15 4.812352999999999884e+04 3.931280919636753879e+03 3.856100000000000000e+04 5.798700000000000000e+04
1.610510000000000413e-02 9.899999999999985478e-01 1.443289932012703503e-15 4.674358000000000175e+04 3.171636928086188618e+03 3.887100000000000000e+04 5.678600000000000000e+04
1.771561000000000663e-02 9.899999999999985478e-01 1.443289932012703503e-15 4.607236000000000058e+04 3.479209770968114753e+03 3.707600000000000000e+04 5.496000000000000000e+04
1.948717100000000799e-02 9.899999999999985478e-01 1.443289932012703503e-15 4.578555999999999767e+04 3.493196356691104029e+03 3.758100000000000000e+04 5.309600000000000000e+04
2.143588810000001191e-02 9.899999999999985478e-01 1.443289932012703503e-15 4.331550000000000000e+04 3.280130916594640894e+03 3.715800000000000000e+04 5.272900000000000000e+04
2.357947691000001483e-02 9.899999999999985478e-01 1.443289932012703503e-15 4.318583000000000175e+04 3.447071612412484228e+03 3.548400000000000000e+04 5.346500000000000000e+04
2.593742460100001770e-02 9.899999999999985478e-01 1.443289932012703503e-15 4.291455000000000291e+04 3.336756342243167182e+03 3.667100000000000000e+04 5.048000000000000000e+04
2.853116706110002052e-02 9.899999999999985478e-01 1.443289932012703503e-15 4.163194000000000233e+04 3.319763686830736788e+03 3.453100000000000000e+04 4.925800000000000000e+04
3.138428376721002361e-02 9.899999999999985478e-01 1.443289932012703503e-15 4.081788999999999942e+04 2.862245869575148845e+03 3.507000000000000000e+04 5.089700000000000000e+04
3.452271214393103083e-02 9.899999999999985478e-01 1.443289932012703503e-15 4.002420999999999913e+04 3.003881666427623713e+03 3.365300000000000000e+04 4.757200000000000000e+04
3.797498335832413807e-02 9.899999999999985478e-01 1.443289932012703503e-15 3.888681999999999971e+04 3.155156691449728896e+03 3.130700000000000000e+04 4.849900000000000000e+04
4.177248169415655188e-02 9.899999999999985478e-01 1.443289932012703503e-15 3.758859999999999854e+04 2.836206529856385259e+03 3.080700000000000000e+04 4.577800000000000000e+04
4.594972986357220845e-02 9.899999999999985478e-01 1.443289932012703503e-15 3.796640000000000146e+04 2.724644560305067898e+03 3.253000000000000000e+04 4.447700000000000000e+04
5.054470284992943624e-02 9.899999999999985478e-01 1.443289932012703503e-15 3.666373000000000320e+04 2.683614688642911915e+03 3.171900000000000000e+04 4.593500000000000000e+04
5.559917313492238750e-02 9.899999999999985478e-01 1.443289932012703503e-15 3.607166000000000349e+04 2.928962639638819837e+03 3.084700000000000000e+04 4.282300000000000000e+04
6.115909044841463110e-02 9.899999999999985478e-01 1.443289932012703503e-15 3.577337999999999738e+04 3.007851235616549275e+03 2.827800000000000000e+04 4.643500000000000000e+04
6.727499949325610462e-02 9.899999999999985478e-01 1.443289932012703503e-15 3.481348000000000320e+04 2.761132059427799049e+03 2.944900000000000000e+04 4.345800000000000000e+04
7.400249944258172063e-02 9.899999999999985478e-01 1.443289932012703503e-15 3.444048000000000320e+04 2.644963411769622326e+03 2.864100000000000000e+04 4.410700000000000000e+04
8.140274938683990380e-02 9.899999999999985478e-01 1.443289932012703503e-15 3.351726999999999680e+04 2.378395479540776250e+03 2.808300000000000000e+04 4.150400000000000000e+04
8.954302432552389834e-02 9.899999999999985478e-01 1.443289932012703503e-15 3.250804000000000087e+04 2.470995527798461353e+03 2.861400000000000000e+04 4.292300000000000000e+04
9.849732675807629234e-02 9.899999999999985478e-01 1.443289932012703503e-15 3.222429000000000087e+04 2.289239206789015043e+03 2.792700000000000000e+04 3.914100000000000000e+04
1.083470594338839244e-01 9.899999999999985478e-01 1.443289932012703503e-15 3.191799000000000160e+04 2.768690215589313993e+03 2.571700000000000000e+04 4.185000000000000000e+04
1.191817653772723196e-01 9.899999999999985478e-01 1.443289932012703503e-15 3.095183000000000175e+04 2.260553808494723398e+03 2.585900000000000000e+04 3.821000000000000000e+04
1.310999419149995737e-01 9.899999999999985478e-01 1.443289932012703503e-15 3.038534000000000015e+04 2.334867419019761201e+03 2.626200000000000000e+04 3.941900000000000000e+04
1.442099361064995422e-01 9.899999999999985478e-01 1.443289932012703503e-15 2.993022999999999956e+04 1.929216145770089724e+03 2.534700000000000000e+04 3.555800000000000000e+04
1.586309297171495103e-01 9.899999999999985478e-01 1.443289932012703503e-15 2.873797999999999956e+04 2.011027060882076057e+03 2.492600000000000000e+04 3.385300000000000000e+04
1.744940226888644641e-01 9.899999999999985478e-01 1.443289932012703503e-15 2.861227999999999884e+04 2.089691250304695131e+03 2.458000000000000000e+04 3.398100000000000000e+04
1.919434249577509355e-01 9.899999999999985478e-01 1.443289932012703503e-15 2.803138999999999942e+04 1.982542952346808761e+03 2.391800000000000000e+04 3.435200000000000000e+04
2.111377674535260540e-01 9.899999999999985478e-01 1.443289932012703503e-15 2.765027999999999884e+04 1.854050851945544991e+03 2.396200000000000000e+04 3.191100000000000000e+04
2.322515441988786677e-01 9.899999999999985478e-01 1.443289932012703503e-15 2.705243999999999869e+04 1.971815393590383565e+03 2.343000000000000000e+04 3.315800000000000000e+04
2.554766986187665401e-01 9.899999999999985478e-01 1.443289932012703503e-15 2.668516999999999825e+04 1.902935895163050418e+03 2.277200000000000000e+04 3.182900000000000000e+04
2.810243684806432163e-01 9.899999999999985478e-01 1.443289932012703503e-15 2.622574000000000160e+04 1.958156232888479053e+03 2.255300000000000000e+04 3.403400000000000000e+04
3.091268053287075657e-01 9.899999999999985478e-01 1.443289932012703503e-15 2.601215000000000146e+04 2.027112702219587618e+03 2.111700000000000000e+04 3.129000000000000000e+04
3.400394858615783389e-01 9.899999999999985478e-01 1.443289932012703503e-15 2.530129999999999927e+04 1.895651721704174179e+03 2.201400000000000000e+04 3.374900000000000000e+04
3.740434344477361894e-01 9.899999999999985478e-01 1.443289932012703503e-15 2.528736000000000058e+04 1.891677073498540040e+03 2.179800000000000000e+04 3.269400000000000000e+04
4.114477778925098583e-01 9.899999999999985478e-01 1.443289932012703503e-15 2.496297000000000116e+04 2.304677914394980689e+03 2.164200000000000000e+04 3.243600000000000000e+04
4.525925556817608775e-01 9.899999999999985478e-01 1.443289932012703503e-15 2.461402999999999884e+04 2.203431412388414174e+03 2.118700000000000000e+04 3.220700000000000000e+04
4.978518112499369930e-01 9.899999999999985478e-01 1.443289932012703503e-15 2.465795000000000073e+04 1.846240885556378544e+03 2.131600000000000000e+04 3.330100000000000000e+04
5.476369923749306867e-01 9.899999999999985478e-01 1.443289932012703503e-15 2.435577999999999884e+04 2.456307503469384301e+03 2.105400000000000000e+04 3.947600000000000000e+04
6.024006916124238220e-01 9.899999999999985478e-01 1.443289932012703503e-15 2.393709000000000015e+04 1.639145979435633080e+03 2.098800000000000000e+04 3.001900000000000000e+04
6.626407607736662930e-01 9.899999999999985478e-01 1.443289932012703503e-15 2.426833000000000175e+04 1.553671027309192596e+03 2.054700000000000000e+04 2.819400000000000000e+04
7.289048368510330222e-01 9.899999999999985478e-01 1.443289932012703503e-15 2.402629000000000087e+04 1.814670947003891342e+03 2.079200000000000000e+04 3.014700000000000000e+04
8.017953205361363356e-01 9.899999999999985478e-01 1.443289932012703503e-15 2.373193999999999869e+04 1.694526062472926924e+03 2.049800000000000000e+04 2.915500000000000000e+04
8.819748525897500580e-01 9.899999999999985478e-01 1.443289932012703503e-15 2.375743000000000029e+04 1.848994755292723312e+03 2.045100000000000000e+04 3.136000000000000000e+04
9.701723378487251415e-01 9.899999999999985478e-01 1.443289932012703503e-15 2.355918999999999869e+04 2.088852793736312833e+03 2.036300000000000000e+04 3.457900000000000000e+04
9.801723378487251503e-01 9.899999999999985478e-01 1.443289932012703503e-15 2.403879999999999927e+04 2.155131596910036023e+03 2.052400000000000000e+04 3.277900000000000000e+04
9.901723378487251592e-01 9.899999999999985478e-01 1.443289932012703503e-15 2.385302999999999884e+04 2.225821603161403345e+03 2.056800000000000000e+04 3.336800000000000000e+04
1.000172337848725057e+00 9.899999999999985478e-01 1.443289932012703503e-15 2.384690000000000146e+04 1.890987770981081667e+03 2.097100000000000000e+04 2.919700000000000000e+04
