1.000000000000000021e-02 9.899999999999985478e-01 1.443289932012703503e-15 4.163676000000000204e+04 3.124909659878186176e+03 3.504400000000000000e+04 5.200400000000000000e+04
1.100000000000000110e-02 9.899999999999985478e-01 1.443289932012703503e-15 4.056058999999999651e+04 2.795475419655840597e+03 3.439100000000000000e+04 4.804300000000000000e+04
1.210000000000000138e-02 9.899999999999985478e-01 1.443289932012703503e-15 3.927945999999999913e+04 2.710583484860777844e+03 3.278600000000000000e+04 4.496800000000000000e+04
1.331000000000000238e-02 9.899999999999985478e-01 1.443289932012703503e-15 3.862369000000000233e+04 2.986300841157835748e+03 3.326700000000000000e+04 4.792800000000000000e+04
1.464100000000000297e-02 9.899999999999985478e-01 1.443289932012703503e-15 3.805716999999999825e+04 2.384912870756498251e+03 3.239200000000000000e+04 4.364800000000000000e+04
1.610510000000000413e-02 9.899999999999985478e-01 1.443289932012703503e-15 3.713212000000000262e+04 2.699217924807109284e+03 3.167800000000000000e+04 4.684800000000000000e+04
1.771561000000000663e-02 9.899999999999985478e-01 1.443289932012703503e-15 3.591044000000000233e+04 2.305842758385749221e+03 3.071600000000000000e+04 4.345800000000000000e+04
1.948717100000000799e-02 9.899999999999985478e-01 1.443289932012703503e-15 3.563812000000000262e+04 2.306623845710435489e+03 2.974000000000000000e+04 4.221000000000000000e+04
2.143588810000001191e-02 9.899999999999985478e-01 1.443289932012703503e-15 3.447834999999999854e+04 2.214515032123285437e+03 2.823900000000000000e+04 3.927300000000000000e+04
2.357947691000001483e-02 9.899999999999985478e-01 1.443289932012703503e-15 3.420808999999999651e+04 2.367595654223921429e+03 2.833100000000000000e+04 4.060800000000000000e+04
2.593742460100001770e-02 9.899999999999985478e-01 1.443289932012703503e-15 3.336483000000000175e+04 2.225781458521927561e+03 2.855300000000000000e+04 3.978500000000000000e+04
2.853116706110002052e-02 9.899999999999985478e-01 1.443289932012703503e-15 3.230931000000000131e+04 1.895246768602969951e+03 2.807900000000000000e+04 3.713700000000000000e+04
3.138428376721002361e-02 9.899999999999985478e-01 1.443289932012703503e-15 3.178074000000000160e+04 2.216178019113085156e+03 2.755700000000000000e+04 3.704800000000000000e+04
3.452271214393103083e-02 9.899999999999985478e-01 1.443289932012703503e-15 3.139540000000000146e+04 2.199385823360694303e+03 2.641100000000000000e+04 3.922300000000000000e+04
3.797498335832413807e-02 9.899999999999985478e-01 1.443289932012703503e-15 3.008856999999999971e+04 2.029087219687709421e+03 2.570600000000000000e+04 3.546400000000000000e+04
4.177248169415655188e-02 9.899999999999985478e-01 1.443289932012703503e-15 2.940345000000000073e+04 1.725103512111664259e+03 2.578600000000000000e+04 3.519000000000000000e+04
4.594972986357220845e-02 9.899999999999985478e-01 1.443289932012703503e-15 2.903834000000000015e+04 1.916239563415806288e+03 2.597600000000000000e+04 3.408300000000000000e+04
5.054470284992943624e-02 9.899999999999985478e-01 1.443289932012703503e-15 2.831622999999999956e+04 1.803248872757168556e+03 2.430800000000000000e+04 3.337700000000000000e+04
5.559917313492238750e-02 9.899999999999985478e-01 1.443289932012703503e-15 2.800118999999999869e+04 1.870745464754625800e+03 2.336800000000000000e+04 3.283900000000000000e+04
6.115909044841463110e-02 9.899999999999985478e-01 1.443289932012703503e-15 2.698765999999999985e+04 1.844719893208722169e+03 2.347900000000000000e+04 3.502200000000000000e+04
6.727499949325610462e-02 9.899999999999985478e-01 1.443289932012703503e-15 2.664983000000000175e+04 1.764354063418110854e+03 2.321600000000000000e+04 3.272500000000000000e+04
7.400249944258172063e-02 9.899999999999985478e-01 1.443289932012703503e-15 2.596677999999999884e+04 1.702122913188116854e+03 2.254400000000000000e+04 3.077900000000000000e+04
8.140274938683990380e-02 9.899999999999985478e-01 1.443289932012703503e-15 2.542002999999999884e+04 1.443570264690984914e+03 2.242400000000000000e+04 2.947100000000000000e+04
8.954302432552389834e-02 9.899999999999985478e-01 1.443289932012703503e-15 2.507963000000000102e+04 1.568311038378547892e+03 2.212000000000000000e+04 2.964000000000000000e+04
9.849732675807629234e-02 9.899999999999985478e-01 1.443289932012703503e-15 2.406297999999999956e+04 1.187989073855479546e+03 2.191900000000000000e+04 2.806600000000000000e+04
1.083470594338839244e-01 9.899999999999985478e-01 1.443289932012703503e-15 2.363927999999999884e+04 1.129228950036262404e+03 2.127300000000000000e+04 2.743400000000000000e+04
1.191817653772723196e-01 9.899999999999985478e-01 1.443289932012703503e-15 2.321520000000000073e+04 1.337713743668652114e+03 2.048600000000000000e+04 2.784100000000000000e+04
1.310999419149995737e-01 9.899999999999985478e-01 1.443289932012703503e-15 2.259818999999999869e+04 1.235030798765763620e+03 1.989900000000000000e+04 2.631500000000000000e+04
1.442099361064995422e-01 9.899999999999985478e-01 1.443289932012703503e-15 2.209686000000000058e+04 1.179922217944894783e+03 1.949200000000000000e+04 2.510600000000000000e+04
1.586309297171495103e-01 9.899999999999985478e-01 1.443289932012703503e-15 2.176095000000000073e+04 1.199001812967770320e+03 1.917200000000000000e+04 2.433700000000000000e+04
1.744940226888644641e-01 9.899999999999985478e-01 1.443289932012703503e-15 2.109500000000000000e+04 1.155411164910569823e+03 1.847400000000000000e+04 2.596700000000000000e+04
1.919434249577509355e-01 9.899999999999985478e-01 1.443289932012703503e-15 2.078647000000000116e+04 1.075997745861951216e+03 1.792000000000000000e+04 2.313800000000000000e+04
2.111377674535260540e-01 9.899999999999985478e-01 1.443289932012703503e-15 2.032754999999999927e+04 9.416526044672737044e+02 1.793200000000000000e+04 2.253300000000000000e+04
2.322515441988786677e-01 9.899999999999985478e-01 1.443289932012703503e-15 2.014759000000000015e+04 1.052195610093484447e+03 1.841200000000000000e+04 2.330100000000000000e+04
2.554766986187665401e-01 9.899999999999985478e-01 1.443289932012703503e-15 1.950347999999999956e+04 8.945929295495241149e+02 1.691800000000000000e+04 2.181700000000000000e+04
2.810243684806432163e-01 9.899999999999985478e-01 1.443289932012703503e-15 1.931831000000000131e+04 8.978673253326461463e+02 1.698800000000000000e+04 2.125100000000000000e+04
3.091268053287075657e-01 9.899999999999985478e-01 1.443289932012703503e-15 1.905806000000000131e+04 1.089535394744016685e+03 1.724600000000000000e+04 2.382900000000000000e+04
3.400394858615783389e-01 9.899999999999985478e-01 1.443289932012703503e-15 1.876197000000000116e+04 7.651374315114898081e+02 1.728000000000000000e+04 2.069000000000000000e+04
3.740434344477361894e-01 9.899999999999985478e-01 1.443289932012703503e-15 1.829852999999999884e+04 7.817268634887764165e+02 1.644700000000000000e+04 2.045500000000000000e+04
4.114477778925098583e-01 9.899999999999985478e-01 1.443289932012703503e-15 1.815118999999999869e+04 7.704594174257330224e+02 1.681600000000000000e+04 2.092700000000000000e+04
4.525925556817608775e-01 9.899999999999985478e-01 1.443289932012703503e-15 1.805434000000000015e+04 8.895657054990375627e+02 1.637700000000000000e+04 2.070400000000000000e+04
4.978518112499369930e-01 9.899999999999985478e-01 1.443289932012703503e-15 1.773361999999999898e+04 7.707985441086406126e+02 1.633900000000000000e+04 1.982700000000000000e+04
5.476369923749306867e-01 9.899999999999985478e-01 1.443289932012703503e-15 1.749456000000000131e+04 7.595412078353615470e+02 1.610800000000000000e+04 1.952500000000000000e+04
6.024006916124238220e-01 9.899999999999985478e-01 1.443289932012703503e-15 1.735583000000000175e+04 6.783152372606705285e+02 1.582500000000000000e+04 1.906900000000000000e+04
6.626407607736662930e-01 9.899999999999985478e-01 1.443289932012703503e-15 1.744363999999999942e+04 8.441182443236255040e+02 1.536200000000000000e+04 2.097100000000000000e+04
7.289048368510330222e-01 9.899999999999985478e-01 1.443289932012703503e-15 1.724554000000000087e+04 6.862086770072206718e+02 1.602800000000000000e+04 1.946000000000000000e+04
8.017953205361363356e-01 9.899999999999985478e-01 1.443289932012703503e-15 1.726547000000000116e+04 7.257862971288448080e+02 1.566600000000000000e+04 1.938000000000000000e+04
8.819748525897500580e-01 9.899999999999985478e-01 1.443289932012703503e-15 1.713431999999999971e+04 6.985219521246270915e+02 1.557900000000000000e+04 1.860800000000000000e+04
9.701723378487251415e-01 9.899999999999985478e-01 1.443289932012703503e-15 1.708475000000000000e+04 8.380591312670007937e+02 1.535900000000000000e+04 1.909100000000000000e+04
9.801723378487251503e-01 9.899999999999985478e-01 1.443289932012703503e-15 1.704195999999999913e+04 7.545672524036540381e+02 1.552200000000000000e+04 1.935200000000000000e+04
9.901723378487251592e-01 9.899999999999985478e-01 1.443289932012703503e-15 1.706666999999999825e+04 6.970247205802673989e+02 1.568700000000000000e+04 1.875500000000000000e+04
1.000172337848725057e+00 9.899999999999985478e-01 1.443289932012703503e-15 1.698783000000000175e+04 6.253379734991308396e+02 1.559700000000000000e+04 1.829700000000000000e+04
