1.000000000000000021e-02 9.899999999999985478e-01 1.443289932012703503e-15 6.170109999999999854e+04 3.889471641495796121e+03 5.450000000000000000e+04 7.506900000000000000e+04
1.100000000000000110e-02 9.899999999999985478e-01 1.443289932012703503e-15 6.115230999999999767e+04 3.596569370094228816e+03 5.444100000000000000e+04 7.353800000000000000e+04
1.210000000000000138e-02 9.899999999999985478e-01 1.443289932012703503e-15 5.933672000000000116e+04 3.865183563765115650e+03 5.107100000000000000e+04 7.109300000000000000e+04
1.331000000000000238e-02 9.899999999999985478e-01 1.443289932012703503e-15 5.877083000000000175e+04 3.863479408654847248e+03 4.946300000000000000e+04 7.128700000000000000e+04
1.464100000000000297e-02 9.899999999999985478e-01 1.443289932012703503e-15 5.757758999999999651e+04 3.803965231426281207e+03 4.989300000000000000e+04 6.609200000000000000e+04
1.610510000000000413e-02 9.899999999999985478e-01 1.443289932012703503e-15 5.742943000000000029e+04 3.545362859440483135e+03 4.926000000000000000e+04 6.707500000000000000e+04
1.771561000000000663e-02 9.899999999999985478e-01 1.443289932012703503e-15 5.638437999999999738e+04 3.226240269353787880e+03 5.068400000000000000e+04 6.514000000000000000e+04
1.948717100000000799e-02 9.899999999999985478e-01 1.443289932012703503e-15 5.532655999999999767e+04 3.200669574698394172e+03 4.841000000000000000e+04 6.501600000000000000e+04
2.143588810000001191e-02 9.899999999999985478e-01 1.443289932012703503e-15 5.421687999999999738e+04 2.981453529002255436e+03 4.506000000000000000e+04 6.154200000000000000e+04
2.357947691000001483e-02 9.899999999999985478e-01 1.443289932012703503e-15 5.393530000000000291e+04 3.575494084738500078e+03 4.597000000000000000e+04 6.339400000000000000e+04
2.593742460100001770e-02 9.899999999999985478e-01 1.443289932012703503e-15 5.259200000000000000e+04 2.961644519519518326e+03 4.698200000000000000e+04 6.206600000000000000e+04
2.853116706110002052e-02 9.899999999999985478e-01 1.443289932012703503e-15 5.218613999999999942e+04 3.159975218320548265e+03 4.585000000000000000e+04 6.229000000000000000e+04
3.138428376721002361e-02 9.899999999999985478e-01 1.443289932012703503e-15 5.120183999999999651e+04 3.042927799734985911e+03 4.477100000000000000e+04 5.858100000000000000e+04
3.452271214393103083e-02 9.899999999999985478e-01 1.443289932012703503e-15 5.069583000000000175e+04 2.821854068002099666e+03 4.273100000000000000e+04 5.747400000000000000e+04
3.797498335832413807e-02 9.899999999999985478e-01 1.443289932012703503e-15 4.980216000000000349e+04 2.841434883012454065e+03 4.431600000000000000e+04 5.871200000000000000e+04
4.177248169415655188e-02 9.899999999999985478e-01 1.443289932012703503e-15 4.853876999999999680e+04 3.285393199770767296e+03 4.073700000000000000e+04 5.881900000000000000e+04
4.594972986357220845e-02 9.899999999999985478e-01 1.443289932012703503e-15 4.771434999999999854e+04 2.851967501129702214e+03 4.203700000000000000e+04 5.766000000000000000e+04
5.054470284992943624e-02 9.899999999999985478e-01 1.443289932012703503e-15 4.761475000000000000e+04 2.724448239093560005e+03 4.125600000000000000e+04 5.560100000000000000e+04
5.559917313492238750e-02 9.899999999999985478e-01 1.443289932012703503e-15 4.685948000000000320e+04 2.876957568265475857e+03 3.971700000000000000e+04 5.461000000000000000e+04
6.115909044841463110e-02 9.899999999999985478e-01 1.443289932012703503e-15 4.590219000000000233e+04 2.415199058856225292e+03 4.181000000000000000e+04 5.192300000000000000e+04
6.727499949325610462e-02 9.899999999999985478e-01 1.443289932012703503e-15 4.498329000000000087e+04 3.110300401231365868e+03 3.890400000000000000e+04 5.406000000000000000e+04
7.400249944258172063e-02 9.899999999999985478e-01 1.443289932012703503e-15 4.443118000000000029e+04 2.993981574358800117e+03 3.883700000000000000e+04 5.665200000000000000e+04
8.140274938683990380e-02 9.899999999999985478e-01 1.443289932012703503e-15 4.343063999999999942e+04 2.484080020933303331e+03 3.808400000000000000e+04 5.158700000000000000e+04
8.954302432552389834e-02 9.899999999999985478e-01 1.443289932012703503e-15 4.289019999999999709e+04 2.493369703834552183e+03 3.747200000000000000e+04 5.133900000000000000e+04
9.849732675807629234e-02 9.899999999999985478e-01 1.443289932012703503e-15 4.236655000000000291e+04 2.346566050103853740e+03 3.695400000000000000e+04 4.837200000000000000e+04
1.083470594338839244e-01 9.899999999999985478e-01 1.443289932012703503e-15 4.186355000000000291e+04 2.174627795164036797e+03 3.694600000000000000e+04 4.925000000000000000e+04
1.191817653772723196e-01 9.899999999999985478e-01 1.443289932012703503e-15 4.083830000000000291e+04 2.210421898642881388e+03 3.603700000000000000e+04 4.619100000000000000e+04
1.310999419149995737e-01 9.899999999999985478e-01 1.443289932012703503e-15 4.044893000000000029e+04 2.187015501796911849e+03 3.487800000000000000e+04 4.703800000000000000e+04
1.442099361064995422e-01 9.899999999999985478e-01 1.443289932012703503e-15 3.964808000000000175e+04 1.909449871978838246e+03 3.594100000000000000e+04 4.504800000000000000e+04
1.586309297171495103e-01 9.899999999999985478e-01 1.443289932012703503e-15 3.951033000000000175e+04 2.380141075881848337e+03 3.586600000000000000e+04 4.650700000000000000e+04
1.744940226888644641e-01 9.899999999999985478e-01 1.443289932012703503e-15 3.885005000000000291e+04 1.809134955579599591e+03 3.545900000000000000e+04 4.367100000000000000e+04
1.919434249577509355e-01 9.899999999999985478e-01 1.443289932012703503e-15 3.845454000000000087e+04 2.234989545478904347e+03 3.378800000000000000e+04 4.435800000000000000e+04
2.111377674535260540e-01 9.899999999999985478e-01 1.443289932012703503e-15 3.769352999999999884e+04 2.001539329890871841e+03 3.391100000000000000e+04 4.345900000000000000e+04
2.322515441988786677e-01 9.899999999999985478e-01 1.443289932012703503e-15 3.733425000000000000e+04 2.040430378008521984e+03 3.417600000000000000e+04 4.616100000000000000e+04
2.554766986187665401e-01 9.899999999999985478e-01 1.443289932012703503e-15 3.707562999999999738e+04 2.149407926174088971e+03 3.259900000000000000e+04 4.712100000000000000e+04
2.810243684806432163e-01 9.899999999999985478e-01 1.443289932012703503e-15 3.670844999999999709e+04 2.096518291716053682e+03 3.298800000000000000e+04 4.586800000000000000e+04
3.091268053287075657e-01 9.899999999999985478e-01 1.443289932012703503e-15 3.590111000000000058e+04 1.685181146909731751e+03 3.254600000000000000e+04 4.125900000000000000e+04
3.400394858615783389e-01 9.899999999999985478e-01 1.443289932012703503e-15 3.618933999999999651e+04 2.074270860905103746e+03 3.273900000000000000e+04 4.416600000000000000e+04
3.740434344477361894e-01 9.899999999999985478e-01 1.443289932012703503e-15 3.596141999999999825e+04 1.785495467258318513e+03 3.207900000000000000e+04 4.178900000000000000e+04
4.114477778925098583e-01 9.899949999999985151e-01 4.974937185532556490e-05 3.353801599999999744e+05 2.981407118308235426e+06 3.228800000000000000e+04 3.000000000000000000e+07
4.525925556817608775e-01 9.898359999999987169e-01 4.119514534505242269e-04 6.627887269999999553e+06 1.241257875136186928e+07 3.258300000000000000e+04 3.000000000000000000e+07
4.978518112499369930e-01 9.887850000000000250e-01 1.080497570566448613e-03 2.340762200000000000e+07 1.241303737435195409e+07 3.211000000000000000e+04 3.000000000000000000e+07
5.476369923749306867e-01 9.866379999999999040e-01 1.304820294140155096e-03 3.000000000000000000e+07 0.000000000000000000e+00 3.000000000000000000e+07 3.000000000000000000e+07
6.024006916124238220e-01 9.840629999999999100e-01 1.388355502023889444e-03 3.000000000000000000e+07 0.000000000000000000e+00 3.000000000000000000e+07 3.000000000000000000e+07
6.626407607736662930e-01 9.819830000000000503e-01 1.665536249980772206e-03 3.000000000000000000e+07 0.000000000000000000e+00 3.000000000000000000e+07 3.000000000000000000e+07
7.289048368510330222e-01 9.794729999999998160e-01 1.794762101226792667e-03 3.000000000000000000e+07 0.000000000000000000e+00 3.000000000000000000e+07 3.000000000000000000e+07
8.017953205361363356e-01 9.775929999999994902e-01 1.775570612507431029e-03 3.000000000000000000e+07 0.000000000000000000e+00 3.000000000000000000e+07 3.000000000000000000e+07
8.819748525897500580e-01 9.763240000000004137e-01 1.761199591187782073e-03 3.000000000000000000e+07 0.000000000000000000e+00 3.000000000000000000e+07 3.000000000000000000e+07
9.701723378487251415e-01 9.753599999999997827e-01 1.610652041876207757e-03 3.000000000000000000e+07 0.000000000000000000e+00 3.000000000000000000e+07 3.000000000000000000e+07
9.801723378487251503e-01 9.754000000000000448e-01 1.844125809157278785e-03 3.000000000000000000e+07 0.000000000000000000e+00 3.000000000000000000e+07 3.000000000000000000e+07
9.901723378487251592e-01 9.755209999999995274e-01 1.703719166999063690e-03 3.000000000000000000e+07 0.000000000000000000e+00 3.000000000000000000e+07 3.000000000000000000e+07
1.000172337848725057e+00 9.759350000000001080e-01 1.697785322118201953e-03 3.000000000000000000e+07 0.000000000000000000e+00 3.000000000000000000e+07 3.000000000000000000e+07
