1.000000000000000021e-02 9.899999999999985478e-01 1.443289932012703503e-15 4.273943000000000029e+04 3.052981183220754701e+03 3.605800000000000000e+04 5.140600000000000000e+04
1.100000000000000110e-02 9.899999999999985478e-01 1.443289932012703503e-15 4.143790000000000146e+04 2.813890184424402833e+03 3.522500000000000000e+04 4.934700000000000000e+04
1.210000000000000138e-02 9.899999999999985478e-01 1.443289932012703503e-15 4.030723000000000320e+04 2.855001326987432094e+03 3.477800000000000000e+04 4.806900000000000000e+04
1.331000000000000238e-02 9.899999999999985478e-01 1.443289932012703503e-15 3.981227999999999884e+04 2.861263962237667329e+03 3.371500000000000000e+04 4.709100000000000000e+04
1.464100000000000297e-02 9.899999999999985478e-01 1.443289932012703503e-15 3.898448000000000320e+04 2.558907045908466898e+03 3.288200000000000000e+04 4.506100000000000000e+04
1.610510000000000413e-02 9.899999999999985478e-01 1.443289932012703503e-15 3.778411000000000058e+04 2.312165106107260726e+03 3.253200000000000000e+04 4.524500000000000000e+04
1.771561000000000663e-02 9.899999999999985478e-01 1.443289932012703503e-15 3.733738999999999942e+04 2.499951983118876342e+03 3.131500000000000000e+04 4.400300000000000000e+04
1.948717100000000799e-02 9.899999999999985478e-01 1.443289932012703503e-15 3.606577999999999884e+04 2.334153527855440643e+03 3.180200000000000000e+04 4.210300000000000000e+04
2.143588810000001191e-02 9.899999999999985478e-01 1.443289932012703503e-15 3.553287999999999738e+04 2.278277561141311253e+03 3.025900000000000000e+04 4.165800000000000000e+04
2.357947691000001483e-02 9.899999999999985478e-01 1.443289932012703503e-15 3.500701000000000204e+04 2.226577874205167518e+03 2.892000000000000000e+04 4.055900000000000000e+04
2.593742460100001770e-02 9.899999999999985478e-01 1.443289932012703503e-15 3.410347000000000116e+04 2.049514720391147421e+03 3.009600000000000000e+04 4.028800000000000000e+04
2.853116706110002052e-02 9.899999999999985478e-01 1.443289932012703503e-15 3.322163999999999942e+04 2.063207355163314332e+03 2.765200000000000000e+04 3.864000000000000000e+04
3.138428376721002361e-02 9.899999999999985478e-01 1.443289932012703503e-15 3.282101000000000204e+04 2.319518551316199137e+03 2.814300000000000000e+04 4.066300000000000000e+04
3.452271214393103083e-02 9.899999999999985478e-01 1.443289932012703503e-15 3.212345999999999913e+04 1.961813066629947798e+03 2.800900000000000000e+04 3.778600000000000000e+04
3.797498335832413807e-02 9.899999999999985478e-01 1.443289932012703503e-15 3.087825000000000000e+04 2.007866322119079769e+03 2.665300000000000000e+04 3.753300000000000000e+04
4.177248169415655188e-02 9.899999999999985478e-01 1.443289932012703503e-15 3.035554999999999927e+04 2.065690641770930597e+03 2.610100000000000000e+04 3.699000000000000000e+04
4.594972986357220845e-02 9.899999999999985478e-01 1.443289932012703503e-15 2.997141999999999825e+04 2.153031463680918932e+03 2.584700000000000000e+04 3.719900000000000000e+04
5.054470284992943624e-02 9.899999999999985478e-01 1.443289932012703503e-15 2.921266999999999825e+04 1.586486791971493403e+03 2.573000000000000000e+04 3.365500000000000000e+04
5.559917313492238750e-02 9.899999999999985478e-01 1.443289932012703503e-15 2.817995999999999913e+04 1.761296499286817834e+03 2.453900000000000000e+04 3.242000000000000000e+04
6.115909044841463110e-02 9.899999999999985478e-01 1.443289932012703503e-15 2.769586999999999898e+04 1.654659691024109406e+03 2.431600000000000000e+04 3.194800000000000000e+04
6.727499949325610462e-02 9.899999999999985478e-01 1.443289932012703503e-15 2.699800999999999840e+04 1.632398612441214027e+03 2.344200000000000000e+04 3.191500000000000000e+04
7.400249944258172063e-02 9.899999999999985478e-01 1.443289932012703503e-15 2.688059000000000015e+04 1.641057354847782108e+03 2.373100000000000000e+04 3.224500000000000000e+04
8.140274938683990380e-02 9.899999999999985478e-01 1.443289932012703503e-15 2.601320000000000073e+04 1.299212523030778129e+03 2.273400000000000000e+04 2.983500000000000000e+04
8.954302432552389834e-02 9.899999999999985478e-01 1.443289932012703503e-15 2.534736000000000058e+04 1.247790988266865043e+03 2.277300000000000000e+04 2.895900000000000000e+04
9.849732675807629234e-02 9.899999999999985478e-01 1.443289932012703503e-15 2.464593999999999869e+04 1.273384944311813342e+03 2.150900000000000000e+04 2.836400000000000000e+04
1.083470594338839244e-01 9.899999999999985478e-01 1.443289932012703503e-15 2.415199000000000160e+04 1.238362333850638379e+03 2.172100000000000000e+04 2.883100000000000000e+04
1.191817653772723196e-01 9.899999999999985478e-01 1.443289932012703503e-15 2.381154999999999927e+04 1.208249993792675014e+03 2.140800000000000000e+04 2.668800000000000000e+04
1.310999419149995737e-01 9.899999999999985478e-01 1.443289932012703503e-15 2.345386000000000058e+04 1.320345136848695802e+03 2.104100000000000000e+04 2.810700000000000000e+04
1.442099361064995422e-01 9.899999999999985478e-01 1.443289932012703503e-15 2.259884000000000015e+04 1.083800449529340085e+03 2.034100000000000000e+04 2.593300000000000000e+04
1.586309297171495103e-01 9.899999999999985478e-01 1.443289932012703503e-15 2.227934000000000015e+04 1.061804805225517839e+03 2.009400000000000000e+04 2.538600000000000000e+04
1.744940226888644641e-01 9.899999999999985478e-01 1.443289932012703503e-15 2.196184000000000015e+04 1.018102516645548690e+03 1.999800000000000000e+04 2.512200000000000000e+04
1.919434249577509355e-01 9.899999999999985478e-01 1.443289932012703503e-15 2.140913999999999942e+04 9.619382726557872729e+02 1.931100000000000000e+04 2.501600000000000000e+04
2.111377674535260540e-01 9.899999999999985478e-01 1.443289932012703503e-15 2.089306999999999971e+04 9.103968942719433244e+02 1.862300000000000000e+04 2.342000000000000000e+04
2.322515441988786677e-01 9.899999999999985478e-01 1.443289932012703503e-15 2.039545999999999913e+04 9.591850960059795170e+02 1.834000000000000000e+04 2.361100000000000000e+04
2.554766986187665401e-01 9.899999999999985478e-01 1.443289932012703503e-15 2.016095999999999913e+04 8.201610076076524365e+02 1.826700000000000000e+04 2.288200000000000000e+04
2.810243684806432163e-01 9.899999999999985478e-01 1.443289932012703503e-15 1.969665999999999985e+04 8.551906713710106942e+02 1.788600000000000000e+04 2.236700000000000000e+04
3.091268053287075657e-01 9.899999999999985478e-01 1.443289932012703503e-15 1.928116999999999825e+04 6.911902206339439090e+02 1.801600000000000000e+04 2.110200000000000000e+04
3.400394858615783389e-01 9.899999999999985478e-01 1.443289932012703503e-15 1.900097000000000116e+04 6.495727742909181188e+02 1.788600000000000000e+04 2.108400000000000000e+04
3.740434344477361894e-01 9.899999999999985478e-01 1.443289932012703503e-15 1.884683000000000175e+04 7.688506233983293896e+02 1.737600000000000000e+04 2.147800000000000000e+04
4.114477778925098583e-01 9.899999999999985478e-01 1.443289932012703503e-15 1.839588000000000102e+04 6.677554983674788218e+02 1.652100000000000000e+04 1.993400000000000000e+04
4.525925556817608775e-01 9.899999999999985478e-01 1.443289932012703503e-15 1.828774000000000160e+04 7.306545917189598640e+02 1.683200000000000000e+04 2.028000000000000000e+04
4.978518112499369930e-01 9.899999999999985478e-01 1.443289932012703503e-15 1.819477999999999884e+04 7.385147199616268381e+02 1.647200000000000000e+04 2.048000000000000000e+04
5.476369923749306867e-01 9.899999999999985478e-01 1.443289932012703503e-15 1.791809000000000015e+04 7.453941520430649916e+02 1.600100000000000000e+04 2.003100000000000000e+04
6.024006916124238220e-01 9.899999999999985478e-01 1.443289932012703503e-15 1.780972999999999956e+04 6.245382110807955769e+02 1.665100000000000000e+04 2.014900000000000000e+04
6.626407607736662930e-01 9.899999999999985478e-01 1.443289932012703503e-15 1.747574000000000160e+04 6.851575091904051078e+02 1.620200000000000000e+04 1.975600000000000000e+04
7.289048368510330222e-01 9.899999999999985478e-01 1.443289932012703503e-15 1.748340999999999985e+04 7.002896128745591113e+02 1.606400000000000000e+04 1.941400000000000000e+04
8.017953205361363356e-01 9.899999999999985478e-01 1.443289932012703503e-15 1.732547000000000116e+04 6.103723692140724779e+02 1.591300000000000000e+04 1.929100000000000000e+04
8.819748525897500580e-01 9.899999999999985478e-01 1.443289932012703503e-15 1.742949000000000160e+04 6.072107129325040660e+02 1.625500000000000000e+04 1.914200000000000000e+04
9.701723378487251415e-01 9.899999999999985478e-01 1.443289932012703503e-15 1.746952999999999884e+04 7.028205525594710252e+02 1.559800000000000000e+04 1.934600000000000000e+04
9.801723378487251503e-01 9.899999999999985478e-01 1.443289932012703503e-15 1.735702999999999884e+04 6.797153883060174167e+02 1.562100000000000000e+04 1.924400000000000000e+04
9.901723378487251592e-01 9.899999999999985478e-01 1.443289932012703503e-15 1.741856999999999971e+04 6.428806460767036697e+02 1.614400000000000000e+04 1.902900000000000000e+04
1.000172337848725057e+00 9.899999999999985478e-01 1.443289932012703503e-15 1.737868000000000029e+04 6.393324468537475695e+02 1.590700000000000000e+04 1.927900000000000000e+04
