1.000000000000000021e-02 9.899999999999985478e-01 1.443289932012703503e-15 5.166918000000000029e+04 4.523214331379843316e+03 3.973900000000000000e+04 6.395900000000000000e+04
1.100000000000000110e-02 9.899999999999985478e-01 1.443289932012703503e-15 5.022130999999999767e+04 3.727067224226039798e+03 4.045900000000000000e+04 5.901700000000000000e+04
1.210000000000000138e-02 9.899999999999985478e-01 1.443289932012703503e-15 4.909455999999999767e+04 3.861741794372067943e+03 4.151400000000000000e+04 6.040700000000000000e+04
1.331000000000000238e-02 9.899999999999985478e-01 1.443289932012703503e-15 4.774001000000000204e+04 3.837795720188868927e+03 3.864000000000000000e+04 5.863200000000000000e+04
1.464100000000000297e-02 9.899999999999985478e-01 1.443289932012703503e-15 4.688291999999999825e+04 3.511885051307915091e+03 4.099300000000000000e+04 5.980600000000000000e+04
1.610510000000000413e-02 9.899999999999985478e-01 1.443289932012703503e-15 4.600573000000000320e+04 3.596779303362940482e+03 3.843300000000000000e+04 5.694400000000000000e+04
1.771561000000000663e-02 9.899999999999985478e-01 1.443289932012703503e-15 4.584691000000000349e+04 3.440606080605566603e+03 3.678700000000000000e+04 5.881700000000000000e+04
1.948717100000000799e-02 9.899999999999985478e-01 1.443289932012703503e-15 4.350351999999999680e+04 3.524095388833849029e+03 3.522800000000000000e+04 5.296800000000000000e+04
2.143588810000001191e-02 9.899999999999985478e-01 1.443289932012703503e-15 4.321412000000000262e+04 3.337515229268624807e+03 3.506700000000000000e+04 5.188900000000000000e+04
2.357947691000001483e-02 9.899999999999985478e-01 1.443289932012703503e-15 4.291616000000000349e+04 3.531691692999263523e+03 3.588500000000000000e+04 5.080800000000000000e+04
2.593742460100001770e-02 9.899999999999985478e-01 1.443289932012703503e-15 4.176626000000000204e+04 3.298073442541873192e+03 3.514000000000000000e+04 4.920000000000000000e+04
2.853116706110002052e-02 9.899999999999985478e-01 1.443289932012703503e-15 4.117165000000000146e+04 3.298679158011581876e+03 3.284400000000000000e+04 5.098400000000000000e+04
3.138428376721002361e-02 9.899999999999985478e-01 1.443289932012703503e-15 4.002156999999999971e+04 3.029453931833259958e+03 3.397500000000000000e+04 4.954900000000000000e+04
3.452271214393103083e-02 9.899999999999985478e-01 1.443289932012703503e-15 4.010306999999999971e+04 3.306398110497282232e+03 3.455200000000000000e+04 5.090900000000000000e+04
3.797498335832413807e-02 9.899999999999985478e-01 1.443289932012703503e-15 3.852823999999999796e+04 2.744615816904071835e+03 3.384200000000000000e+04 4.552000000000000000e+04
4.177248169415655188e-02 9.899999999999985478e-01 1.443289932012703503e-15 3.774881999999999971e+04 2.716921719078413389e+03 3.182700000000000000e+04 4.441700000000000000e+04
4.594972986357220845e-02 9.899999999999985478e-01 1.443289932012703503e-15 3.741366999999999825e+04 2.858051717709111017e+03 2.904200000000000000e+04 4.580300000000000000e+04
5.054470284992943624e-02 9.899999999999985478e-01 1.443289932012703503e-15 3.621330999999999767e+04 2.507153544141244311e+03 3.040400000000000000e+04 4.491600000000000000e+04
5.559917313492238750e-02 9.899999999999985478e-01 1.443289932012703503e-15 3.527970999999999913e+04 2.687117653899807010e+03 2.920800000000000000e+04 4.168200000000000000e+04
6.115909044841463110e-02 9.899999999999985478e-01 1.443289932012703503e-15 3.524851000000000204e+04 2.663120524854254199e+03 3.086800000000000000e+04 4.393400000000000000e+04
6.727499949325610462e-02 9.899999999999985478e-01 1.443289932012703503e-15 3.464584999999999854e+04 3.099517870169488560e+03 2.882100000000000000e+04 4.817000000000000000e+04
7.400249944258172063e-02 9.899999999999985478e-01 1.443289932012703503e-15 3.369662999999999738e+04 2.609607612860600511e+03 2.864200000000000000e+04 4.311700000000000000e+04
8.140274938683990380e-02 9.899999999999985478e-01 1.443289932012703503e-15 3.266036999999999898e+04 2.406844588480943003e+03 2.815000000000000000e+04 4.137600000000000000e+04
8.954302432552389834e-02 9.899999999999985478e-01 1.443289932012703503e-15 3.218847999999999956e+04 2.389712302684153656e+03 2.811500000000000000e+04 3.958800000000000000e+04
9.849732675807629234e-02 9.899999999999985478e-01 1.443289932012703503e-15 3.158365000000000146e+04 2.592981385876111744e+03 2.656200000000000000e+04 4.476500000000000000e+04
1.083470594338839244e-01 9.899999999999985478e-01 1.443289932012703503e-15 3.046659999999999854e+04 2.347294242313903396e+03 2.553300000000000000e+04 3.868000000000000000e+04
1.191817653772723196e-01 9.899999999999985478e-01 1.443289932012703503e-15 3.044256999999999971e+04 2.136877433335847400e+03 2.604600000000000000e+04 3.605300000000000000e+04
1.310999419149995737e-01 9.899999999999985478e-01 1.443289932012703503e-15 2.953802000000000044e+04 2.176565137917999436e+03 2.642100000000000000e+04 3.620200000000000000e+04
1.442099361064995422e-01 9.899999999999985478e-01 1.443289932012703503e-15 2.896434999999999854e+04 2.196801581276743036e+03 2.422500000000000000e+04 3.854500000000000000e+04
1.586309297171495103e-01 9.899999999999985478e-01 1.443289932012703503e-15 2.853195999999999913e+04 2.170237465900909228e+03 2.442200000000000000e+04 3.497400000000000000e+04
1.744940226888644641e-01 9.899999999999985478e-01 1.443289932012703503e-15 2.824463000000000102e+04 2.227983898752412188e+03 2.440400000000000000e+04 3.422400000000000000e+04
1.919434249577509355e-01 9.899999999999985478e-01 1.443289932012703503e-15 2.755793000000000029e+04 2.205009212021573148e+03 2.269100000000000000e+04 3.371700000000000000e+04
2.111377674535260540e-01 9.899999999999985478e-01 1.443289932012703503e-15 2.706759000000000015e+04 2.129737533570745200e+03 2.357100000000000000e+04 3.310100000000000000e+04
2.322515441988786677e-01 9.899999999999985478e-01 1.443289932012703503e-15 2.677136000000000058e+04 1.770306185494475130e+03 2.318300000000000000e+04 3.093600000000000000e+04
2.554766986187665401e-01 9.899999999999985478e-01 1.443289932012703503e-15 2.619475000000000000e+04 2.177624129068191451e+03 2.236700000000000000e+04 3.663000000000000000e+04
2.810243684806432163e-01 9.899999999999985478e-01 1.443289932012703503e-15 2.592013000000000102e+04 2.622208617387258528e+03 2.208400000000000000e+04 3.725000000000000000e+04
3.091268053287075657e-01 9.899999999999985478e-01 1.443289932012703503e-15 2.534211000000000058e+04 1.784195313831980684e+03 2.207500000000000000e+04 3.326300000000000000e+04
3.400394858615783389e-01 9.899999999999985478e-01 1.443289932012703503e-15 2.454390999999999985e+04 1.744969874209867385e+03 2.134700000000000000e+04 3.198400000000000000e+04
3.740434344477361894e-01 9.899999999999985478e-01 1.443289932012703503e-15 2.437611000000000058e+04 1.741497533130609781e+03 2.103400000000000000e+04 2.917100000000000000e+04
4.114477778925098583e-01 9.899999999999985478e-01 1.443289932012703503e-15 2.433384000000000015e+04 1.914187371810816103e+03 2.062700000000000000e+04 3.051900000000000000e+04
4.525925556817608775e-01 9.899999999999985478e-01 1.443289932012703503e-15 2.383497999999999956e+04 1.561008757054232774e+03 2.052100000000000000e+04 2.899600000000000000e+04
4.978518112499369930e-01 9.899999999999985478e-01 1.443289932012703503e-15 2.420558000000000175e+04 2.392532332822275748e+03 2.071100000000000000e+04 3.239100000000000000e+04
5.476369923749306867e-01 9.899999999999985478e-01 1.443289932012703503e-15 2.363063000000000102e+04 1.747245143962346447e+03 2.042700000000000000e+04 2.929700000000000000e+04
6.024006916124238220e-01 9.899999999999985478e-01 1.443289932012703503e-15 2.303686999999999898e+04 1.492566157026213887e+03 2.067100000000000000e+04 2.905000000000000000e+04
6.626407607736662930e-01 9.899999999999985478e-01 1.443289932012703503e-15 2.326720000000000073e+04 1.782429011209142345e+03 1.995400000000000000e+04 3.070800000000000000e+04
7.289048368510330222e-01 9.899999999999985478e-01 1.443289932012703503e-15 2.325668999999999869e+04 1.982470179826168533e+03 1.939700000000000000e+04 2.890400000000000000e+04
8.017953205361363356e-01 9.899999999999985478e-01 1.443289932012703503e-15 2.326565999999999985e+04 2.324107442524979433e+03 2.013600000000000000e+04 4.103800000000000000e+04
8.819748525897500580e-01 9.899999999999985478e-01 1.443289932012703503e-15 2.315715999999999985e+04 1.661755955126985782e+03 2.068700000000000000e+04 2.981500000000000000e+04
9.701723378487251415e-01 9.899999999999985478e-01 1.443289932012703503e-15 2.335381000000000131e+04 2.074537064961723445e+03 2.013000000000000000e+04 3.237500000000000000e+04
9.801723378487251503e-01 9.899999999999985478e-01 1.443289932012703503e-15 2.353904000000000087e+04 1.837827037128358597e+03 2.035600000000000000e+04 2.941000000000000000e+04
9.901723378487251592e-01 9.899999999999985478e-01 1.443289932012703503e-15 2.327288000000000102e+04 2.058227000503102772e+03 1.967300000000000000e+04 3.312200000000000000e+04
1.000172337848725057e+00 9.899999999999985478e-01 1.443289932012703503e-15 2.297118999999999869e+04 1.630421299511264124e+03 1.969600000000000000e+04 2.996400000000000000e+04
