1.000000000000000021e-02 9.899999999999985478e-01 1.443289932012703503e-15 4.144348000000000320e+04 2.794906869575442670e+03 3.477200000000000000e+04 4.795300000000000000e+04
1.100000000000000110e-02 9.899999999999985478e-01 1.443289932012703503e-15 4.070605999999999767e+04 2.699224876960050096e+03 3.436700000000000000e+04 4.818500000000000000e+04
1.210000000000000138e-02 9.899999999999985478e-01 1.443289932012703503e-15 4.017498999999999796e+04 2.691747452845455882e+03 3.441000000000000000e+04 4.594800000000000000e+04
1.331000000000000238e-02 9.899999999999985478e-01 1.443289932012703503e-15 3.970547000000000116e+04 2.912904091984491515e+03 3.398400000000000000e+04 4.899300000000000000e+04
1.464100000000000297e-02 9.899999999999985478e-01 1.443289932012703503e-15 3.865106999999999971e+04 2.582781579053869791e+03 3.168900000000000000e+04 4.745300000000000000e+04
1.610510000000000413e-02 9.899999999999985478e-01 1.443289932012703503e-15 3.745423999999999796e+04 2.445242659205830023e+03 3.160400000000000000e+04 4.332300000000000000e+04
1.771561000000000663e-02 9.899999999999985478e-01 1.443289932012703503e-15 3.664093000000000029e+04 2.544394691296930432e+03 3.002500000000000000e+04 4.348700000000000000e+04
1.948717100000000799e-02 9.899999999999985478e-01 1.443289932012703503e-15 3.581659999999999854e+04 2.218461872559454150e+03 3.038600000000000000e+04 4.239100000000000000e+04
2.143588810000001191e-02 9.899999999999985478e-01 1.443289932012703503e-15 3.530122000000000116e+04 2.304378443658941251e+03 3.035000000000000000e+04 4.659600000000000000e+04
2.357947691000001483e-02 9.899999999999985478e-01 1.443289932012703503e-15 3.427376000000000204e+04 2.327733602111719392e+03 2.874900000000000000e+04 4.106200000000000000e+04
2.593742460100001770e-02 9.899999999999985478e-01 1.443289932012703503e-15 3.322497000000000116e+04 2.070111216601658725e+03 2.884900000000000000e+04 3.887900000000000000e+04
2.853116706110002052e-02 9.899999999999985478e-01 1.443289932012703503e-15 3.310062999999999738e+04 2.204055070341937153e+03 2.748200000000000000e+04 4.064200000000000000e+04
3.138428376721002361e-02 9.899999999999985478e-01 1.443289932012703503e-15 3.222227999999999884e+04 2.023588713548284431e+03 2.806900000000000000e+04 3.774900000000000000e+04
3.452271214393103083e-02 9.899999999999985478e-01 1.443289932012703503e-15 3.135988999999999942e+04 1.843712748206726474e+03 2.739700000000000000e+04 3.519500000000000000e+04
3.797498335832413807e-02 9.899999999999985478e-01 1.443289932012703503e-15 3.053050999999999840e+04 1.804256786020216396e+03 2.607500000000000000e+04 3.823800000000000000e+04
4.177248169415655188e-02 9.899999999999985478e-01 1.443289932012703503e-15 3.009622000000000116e+04 1.753731014608568785e+03 2.621500000000000000e+04 3.436600000000000000e+04
4.594972986357220845e-02 9.899999999999985478e-01 1.443289932012703503e-15 2.942043000000000029e+04 1.797832579830502709e+03 2.589000000000000000e+04 3.462600000000000000e+04
5.054470284992943624e-02 9.899999999999985478e-01 1.443289932012703503e-15 2.871041999999999825e+04 1.736155489465156961e+03 2.503000000000000000e+04 3.481800000000000000e+04
5.559917313492238750e-02 9.899999999999985478e-01 1.443289932012703503e-15 2.799406000000000131e+04 1.868636266478845982e+03 2.426300000000000000e+04 3.483300000000000000e+04
6.115909044841463110e-02 9.899999999999985478e-01 1.443289932012703503e-15 2.726602000000000044e+04 1.673871213564532127e+03 2.366300000000000000e+04 3.248300000000000000e+04
6.727499949325610462e-02 9.899999999999985478e-01 1.443289932012703503e-15 2.657286999999999898e+04 1.545026942515890141e+03 2.319400000000000000e+04 3.028700000000000000e+04
7.400249944258172063e-02 9.899999999999985478e-01 1.443289932012703503e-15 2.642129999999999927e+04 1.588731736323033374e+03 2.323100000000000000e+04 3.152500000000000000e+04
8.140274938683990380e-02 9.899999999999985478e-01 1.443289932012703503e-15 2.557841999999999825e+04 1.569009829032310108e+03 2.195300000000000000e+04 3.117200000000000000e+04
8.954302432552389834e-02 9.899999999999985478e-01 1.443289932012703503e-15 2.512720000000000073e+04 1.513299547346789950e+03 2.197900000000000000e+04 3.072300000000000000e+04
9.849732675807629234e-02 9.899999999999985478e-01 1.443289932012703503e-15 2.447629000000000087e+04 1.239813544812283453e+03 2.185600000000000000e+04 2.855200000000000000e+04
1.083470594338839244e-01 9.899999999999985478e-01 1.443289932012703503e-15 2.412668000000000029e+04 1.315419734381387116e+03 2.126300000000000000e+04 2.869100000000000000e+04
1.191817653772723196e-01 9.899999999999985478e-01 1.443289932012703503e-15 2.344318000000000029e+04 1.263821794241577209e+03 2.029200000000000000e+04 2.687900000000000000e+04
1.310999419149995737e-01 9.899999999999985478e-01 1.443289932012703503e-15 2.300788999999999942e+04 1.256642390618747186e+03 2.019000000000000000e+04 2.612100000000000000e+04
1.442099361064995422e-01 9.899999999999985478e-01 1.443289932012703503e-15 2.229454999999999927e+04 1.169770818365717332e+03 1.995100000000000000e+04 2.590000000000000000e+04
1.586309297171495103e-01 9.899999999999985478e-01 1.443289932012703503e-15 2.173386000000000058e+04 1.021745594754388890e+03 1.928000000000000000e+04 2.438500000000000000e+04
1.744940226888644641e-01 9.899999999999985478e-01 1.443289932012703503e-15 2.143959999999999854e+04 9.551831866191951121e+02 1.860900000000000000e+04 2.345700000000000000e+04
1.919434249577509355e-01 9.899999999999985478e-01 1.443289932012703503e-15 2.095368999999999869e+04 9.940392013899653421e+02 1.867000000000000000e+04 2.372000000000000000e+04
2.111377674535260540e-01 9.899999999999985478e-01 1.443289932012703503e-15 2.077150999999999840e+04 9.826181811364983787e+02 1.866300000000000000e+04 2.305800000000000000e+04
2.322515441988786677e-01 9.899999999999985478e-01 1.443289932012703503e-15 2.007093000000000029e+04 8.577385995161930623e+02 1.783000000000000000e+04 2.272200000000000000e+04
2.554766986187665401e-01 9.899999999999985478e-01 1.443289932012703503e-15 1.983836999999999898e+04 8.824408836290396039e+02 1.778100000000000000e+04 2.150100000000000000e+04
2.810243684806432163e-01 9.899999999999985478e-01 1.443289932012703503e-15 1.944904999999999927e+04 9.753951750444535946e+02 1.744100000000000000e+04 2.216200000000000000e+04
3.091268053287075657e-01 9.899999999999985478e-01 1.443289932012703503e-15 1.918888999999999942e+04 7.888292324071162511e+02 1.722100000000000000e+04 2.111600000000000000e+04
3.400394858615783389e-01 9.899999999999985478e-01 1.443289932012703503e-15 1.870959000000000015e+04 7.499981079309467304e+02 1.690000000000000000e+04 2.103700000000000000e+04
3.740434344477361894e-01 9.899999999999985478e-01 1.443289932012703503e-15 1.860777999999999884e+04 7.442705500018122393e+02 1.686600000000000000e+04 2.058800000000000000e+04
4.114477778925098583e-01 9.899999999999985478e-01 1.443289932012703503e-15 1.828402999999999884e+04 8.080482962669991593e+02 1.660700000000000000e+04 2.030400000000000000e+04
4.525925556817608775e-01 9.899999999999985478e-01 1.443289932012703503e-15 1.802766999999999825e+04 7.649927327105795030e+02 1.648400000000000000e+04 2.137500000000000000e+04
4.978518112499369930e-01 9.899999999999985478e-01 1.443289932012703503e-15 1.775797000000000116e+04 6.091113273450101815e+02 1.640000000000000000e+04 1.912200000000000000e+04
5.476369923749306867e-01 9.899999999999985478e-01 1.443289932012703503e-15 1.760647000000000116e+04 6.328479984166814347e+02 1.635200000000000000e+04 1.903000000000000000e+04
6.024006916124238220e-01 9.899999999999985478e-01 1.443289932012703503e-15 1.750338000000000102e+04 7.329745804596499283e+02 1.632200000000000000e+04 2.030700000000000000e+04
6.626407607736662930e-01 9.899999999999985478e-01 1.443289932012703503e-15 1.743338999999999942e+04 7.328045837056424716e+02 1.586000000000000000e+04 1.972300000000000000e+04
7.289048368510330222e-01 9.899999999999985478e-01 1.443289932012703503e-15 1.729206999999999971e+04 6.897299508503311927e+02 1.583800000000000000e+04 1.997700000000000000e+04
8.017953205361363356e-01 9.899999999999985478e-01 1.443289932012703503e-15 1.731302999999999884e+04 6.600873192994999954e+02 1.596000000000000000e+04 1.933300000000000000e+04
8.819748525897500580e-01 9.899999999999985478e-01 1.443289932012703503e-15 1.723345999999999913e+04 6.475059755708822422e+02 1.571700000000000000e+04 1.903700000000000000e+04
9.701723378487251415e-01 9.899999999999985478e-01 1.443289932012703503e-15 1.730695000000000073e+04 7.086392364948471823e+02 1.526100000000000000e+04 1.913600000000000000e+04
9.801723378487251503e-01 9.899999999999985478e-01 1.443289932012703503e-15 1.723027999999999884e+04 7.761806372230629449e+02 1.524900000000000000e+04 1.912800000000000000e+04
9.901723378487251592e-01 9.899999999999985478e-01 1.443289932012703503e-15 1.732543999999999869e+04 8.060616641423905548e+02 1.582500000000000000e+04 2.033500000000000000e+04
1.000172337848725057e+00 9.899999999999985478e-01 1.443289932012703503e-15 1.719681000000000131e+04 7.886163540657777276e+02 1.561700000000000000e+04 1.986800000000000000e+04
