1.000000000000000021e-02 9.899999999999985478e-01 1.443289932012703503e-15 1.062861900000000023e+05 5.025997504366670910e+03 9.413700000000000000e+04 1.196400000000000000e+05
1.100000000000000110e-02 9.899999999999985478e-01 1.443289932012703503e-15 1.054594100000000035e+05 5.464960501403464150e+03 9.326800000000000000e+04 1.166250000000000000e+05
1.210000000000000138e-02 9.899999999999985478e-01 1.443289932012703503e-15 1.042127100000000064e+05 4.785060409848553718e+03 9.215900000000000000e+04 1.135310000000000000e+05
1.331000000000000238e-02 9.899999999999985478e-01 1.443289932012703503e-15 1.036505899999999965e+05 4.711964006855315347e+03 9.355100000000000000e+04 1.155610000000000000e+05
1.464100000000000297e-02 9.899999999999985478e-01 1.443289932012703503e-15 1.035861999999999971e+05 6.140802607151609664e+03 8.963600000000000000e+04 1.196420000000000000e+05
1.610510000000000413e-02 9.899999999999985478e-01 1.443289932012703503e-15 1.014845000000000000e+05 4.677810309322087051e+03 9.013700000000000000e+04 1.149800000000000000e+05
1.771561000000000663e-02 9.899999999999985478e-01 1.443289932012703503e-15 1.002902599999999948e+05 4.950530655636827760e+03 8.905700000000000000e+04 1.122170000000000000e+05
1.948717100000000799e-02 9.899999999999985478e-01 1.443289932012703503e-15 1.001175399999999936e+05 5.655651096770379809e+03 8.922700000000000000e+04 1.173520000000000000e+05
2.143588810000001191e-02 9.899999999999985478e-01 1.443289932012703503e-15 9.874127999999999884e+04 4.435116634497902851e+03 8.837600000000000000e+04 1.076940000000000000e+05
2.357947691000001483e-02 9.899999999999985478e-01 1.443289932012703503e-15 9.870636000000000058e+04 4.717689675084617193e+03 8.827900000000000000e+04 1.127010000000000000e+05
2.593742460100001770e-02 9.899999999999985478e-01 1.443289932012703503e-15 9.714116000000000349e+04 5.270074017924226609e+03 8.547600000000000000e+04 1.112870000000000000e+05
2.853116706110002052e-02 9.899999999999985478e-01 1.443289932012703503e-15 9.501133000000000175e+04 4.843534300601161704e+03 8.373500000000000000e+04 1.089350000000000000e+05
3.138428376721002361e-02 9.899999999999985478e-01 1.443289932012703503e-15 9.526983000000000175e+04 4.453770310770415563e+03 8.347300000000000000e+04 1.055950000000000000e+05
3.452271214393103083e-02 9.899999999999985478e-01 1.443289932012703503e-15 9.401407000000000698e+04 4.645183385518811519e+03 8.457500000000000000e+04 1.089560000000000000e+05
3.797498335832413807e-02 9.899999999999985478e-01 1.443289932012703503e-15 9.293525000000000000e+04 4.582353679878932780e+03 8.341600000000000000e+04 1.064020000000000000e+05
4.177248169415655188e-02 9.899999999999985478e-01 1.443289932012703503e-15 9.169302000000000407e+04 4.901379173212372734e+03 8.055200000000000000e+04 1.060820000000000000e+05
4.594972986357220845e-02 9.899999999999985478e-01 1.443289932012703503e-15 9.120686000000000058e+04 5.072700164646043959e+03 8.081400000000000000e+04 1.105140000000000000e+05
5.054470284992943624e-02 9.899999999999985478e-01 1.443289932012703503e-15 8.954402999999999884e+04 4.327643974392995005e+03 8.110200000000000000e+04 1.029440000000000000e+05
5.559917313492238750e-02 9.899999999999985478e-01 1.443289932012703503e-15 8.984858000000000175e+04 4.983985845044104281e+03 7.644100000000000000e+04 1.043400000000000000e+05
6.115909044841463110e-02 9.899999999999985478e-01 1.443289932012703503e-15 8.902596000000000640e+04 4.221662764646176583e+03 7.832900000000000000e+04 1.009620000000000000e+05
6.727499949325610462e-02 9.899999999999985478e-01 1.443289932012703503e-15 8.745061999999999534e+04 4.668302440459487116e+03 7.640600000000000000e+04 1.004770000000000000e+05
7.400249944258172063e-02 9.899999999999985478e-01 1.443289932012703503e-15 8.632222000000000116e+04 4.381736586286308921e+03 7.555600000000000000e+04 9.869000000000000000e+04
8.140274938683990380e-02 9.899999999999985478e-01 1.443289932012703503e-15 8.575847000000000116e+04 4.400642165536752145e+03 7.504500000000000000e+04 9.607200000000000000e+04
8.954302432552389834e-02 9.899999999999985478e-01 1.443289932012703503e-15 8.354535000000000582e+04 4.293489802887623227e+03 7.537400000000000000e+04 9.845200000000000000e+04
9.849732675807629234e-02 9.899999999999985478e-01 1.443289932012703503e-15 8.262711999999999534e+04 4.364991038432954156e+03 7.593800000000000000e+04 9.809100000000000000e+04
1.083470594338839244e-01 9.899999999999985478e-01 1.443289932012703503e-15 8.222211999999999534e+04 4.449958324029564210e+03 7.087400000000000000e+04 9.467700000000000000e+04
1.191817653772723196e-01 9.899999999999985478e-01 1.443289932012703503e-15 8.106950999999999476e+04 4.023247579990572376e+03 7.357200000000000000e+04 9.174200000000000000e+04
1.310999419149995737e-01 9.899999999999985478e-01 1.443289932012703503e-15 7.892386000000000058e+04 3.753000956621247951e+03 7.032100000000000000e+04 9.134700000000000000e+04
1.442099361064995422e-01 9.899999999999985478e-01 1.443289932012703503e-15 7.792311000000000058e+04 4.556423836508188288e+03 7.045400000000000000e+04 9.280900000000000000e+04
1.586309297171495103e-01 9.899999999999985478e-01 1.443289932012703503e-15 7.719111000000000058e+04 3.661819342608260740e+03 6.978800000000000000e+04 8.553500000000000000e+04
1.744940226888644641e-01 9.899999999999985478e-01 1.443289932012703503e-15 7.532910000000000582e+04 3.772526600303834130e+03 6.792100000000000000e+04 8.372200000000000000e+04
1.919434249577509355e-01 9.899999999999985478e-01 1.443289932012703503e-15 7.459427000000000407e+04 3.715435974027811426e+03 6.748100000000000000e+04 8.961900000000000000e+04
2.111377674535260540e-01 9.899999999999985478e-01 1.443289932012703503e-15 7.369022000000000116e+04 3.796267908301520038e+03 6.278100000000000000e+04 8.421000000000000000e+04
2.322515441988786677e-01 9.899999999999985478e-01 1.443289932012703503e-15 7.139061000000000058e+04 3.805224279579325412e+03 6.320900000000000000e+04 8.552800000000000000e+04
2.554766986187665401e-01 9.899999999999985478e-01 1.443289932012703503e-15 7.029813000000000466e+04 3.631730506673093714e+03 6.186800000000000000e+04 7.889400000000000000e+04
2.810243684806432163e-01 9.899999999999985478e-01 1.443289932012703503e-15 6.863588999999999942e+04 3.351332236275597552e+03 5.892900000000000000e+04 7.705100000000000000e+04
3.091268053287075657e-01 9.899999999999985478e-01 1.443289932012703503e-15 6.865202999999999884e+04 3.473710403746979409e+03 6.081800000000000000e+04 7.629100000000000000e+04
3.400394858615783389e-01 9.899999999999985478e-01 1.443289932012703503e-15 6.711858999999999651e+04 2.878172771377701793e+03 6.015500000000000000e+04 7.418900000000000000e+04
3.740434344477361894e-01 9.899999999999985478e-01 1.443289932012703503e-15 6.572327000000000407e+04 3.695823342247299479e+03 5.853600000000000000e+04 7.697400000000000000e+04
4.114477778925098583e-01 9.899999999999985478e-01 1.443289932012703503e-15 6.525956999999999971e+04 3.576494485540275491e+03 5.742100000000000000e+04 7.640200000000000000e+04
4.525925556817608775e-01 9.899999999999985478e-01 1.443289932012703503e-15 6.434600000000000000e+04 3.867936113743348869e+03 5.333100000000000000e+04 7.698700000000000000e+04
4.978518112499369930e-01 9.899999999999985478e-01 1.443289932012703503e-15 6.360229000000000087e+04 3.436261510115317378e+03 5.723700000000000000e+04 7.220600000000000000e+04
5.476369923749306867e-01 9.899999999999985478e-01 1.443289932012703503e-15 6.268459999999999854e+04 3.566187804925589717e+03 5.425900000000000000e+04 7.338700000000000000e+04
6.024006916124238220e-01 9.899999999999985478e-01 1.443289932012703503e-15 6.106458000000000175e+04 2.957819474477777931e+03 5.385500000000000000e+04 6.899700000000000000e+04
6.626407607736662930e-01 9.899999999999985478e-01 1.443289932012703503e-15 6.102054000000000087e+04 3.301530010222532837e+03 5.359400000000000000e+04 7.132900000000000000e+04
7.289048368510330222e-01 9.899999999999985478e-01 1.443289932012703503e-15 6.116083999999999651e+04 3.473504966802265699e+03 5.392100000000000000e+04 6.994300000000000000e+04
8.017953205361363356e-01 9.899999999999985478e-01 1.443289932012703503e-15 6.037343000000000029e+04 3.155688667327624444e+03 5.331600000000000000e+04 7.091200000000000000e+04
8.819748525897500580e-01 9.899999999999985478e-01 1.443289932012703503e-15 5.947076999999999680e+04 2.706051942794151273e+03 5.373800000000000000e+04 6.605000000000000000e+04
9.701723378487251415e-01 9.899999999999985478e-01 1.443289932012703503e-15 5.971858999999999651e+04 2.809226701763316669e+03 5.298100000000000000e+04 7.042800000000000000e+04
9.801723378487251503e-01 9.899999999999985478e-01 1.443289932012703503e-15 5.930012999999999738e+04 3.392705167429083303e+03 5.183200000000000000e+04 7.063800000000000000e+04
9.901723378487251592e-01 9.899999999999985478e-01 1.443289932012703503e-15 5.967979000000000087e+04 3.327788717136350897e+03 5.258600000000000000e+04 6.915200000000000000e+04
1.000172337848725057e+00 9.899999999999985478e-01 1.443289932012703503e-15 5.874525000000000000e+04 3.286764428355035307e+03 4.845800000000000000e+04 6.852400000000000000e+04
