1.000000000000000021e-02 9.899999999999985478e-01 1.443289932012703503e-15 5.156230999999999767e+04 3.889145144360131781e+03 4.228700000000000000e+04 6.445600000000000000e+04
1.100000000000000110e-02 9.899999999999985478e-01 1.443289932012703503e-15 5.089336000000000058e+04 4.362092427998288258e+03 4.263500000000000000e+04 6.388600000000000000e+04
1.210000000000000138e-02 9.899999999999985478e-01 1.443289932012703503e-15 4.968991000000000349e+04 3.827460045761418769e+03 4.082700000000000000e+04 6.065900000000000000e+04
1.331000000000000238e-02 9.899999999999985478e-01 1.443289932012703503e-15 4.903969999999999709e+04 3.565761928396230360e+03 4.209200000000000000e+04 5.749600000000000000e+04
1.464100000000000297e-02 9.899999999999985478e-01 1.443289932012703503e-15 4.791812999999999738e+04 3.536165860518988666e+03 4.147500000000000000e+04 5.925100000000000000e+04
1.610510000000000413e-02 9.899999999999985478e-01 1.443289932012703503e-15 4.737823000000000320e+04 3.615570599103273253e+03 3.938700000000000000e+04 5.539000000000000000e+04
1.771561000000000663e-02 9.899999999999985478e-01 1.443289932012703503e-15 4.662618000000000029e+04 3.414797737436289026e+03 3.717400000000000000e+04 5.475900000000000000e+04
1.948717100000000799e-02 9.899999999999985478e-01 1.443289932012703503e-15 4.597933000000000175e+04 3.400602905530135558e+03 3.979600000000000000e+04 5.757800000000000000e+04
2.143588810000001191e-02 9.899999999999985478e-01 1.443289932012703503e-15 4.411776000000000204e+04 3.665340584775172829e+03 3.575300000000000000e+04 5.568100000000000000e+04
2.357947691000001483e-02 9.899999999999985478e-01 1.443289932012703503e-15 4.370502999999999884e+04 3.212006654585260549e+03 3.497400000000000000e+04 5.479900000000000000e+04
2.593742460100001770e-02 9.899999999999985478e-01 1.443289932012703503e-15 4.244291999999999825e+04 3.152793090832317830e+03 3.516800000000000000e+04 5.148700000000000000e+04
2.853116706110002052e-02 9.899999999999985478e-01 1.443289932012703503e-15 4.187052999999999884e+04 3.158970463473820018e+03 3.506300000000000000e+04 5.102600000000000000e+04
3.138428376721002361e-02 9.899999999999985478e-01 1.443289932012703503e-15 4.110029000000000087e+04 3.067162308372349344e+03 3.434900000000000000e+04 5.070600000000000000e+04
3.452271214393103083e-02 9.899999999999985478e-01 1.443289932012703503e-15 4.032140000000000146e+04 3.198297565893454248e+03 3.365300000000000000e+04 4.890400000000000000e+04
3.797498335832413807e-02 9.899999999999985478e-01 1.443289932012703503e-15 3.988290000000000146e+04 3.144983054008399449e+03 3.412200000000000000e+04 5.125500000000000000e+04
4.177248169415655188e-02 9.899999999999985478e-01 1.443289932012703503e-15 3.831398000000000320e+04 2.339049464975035335e+03 3.443200000000000000e+04 4.474300000000000000e+04
4.594972986357220845e-02 9.899999999999985478e-01 1.443289932012703503e-15 3.851286000000000058e+04 3.155477488495203488e+03 3.189600000000000000e+04 4.626000000000000000e+04
5.054470284992943624e-02 9.899999999999985478e-01 1.443289932012703503e-15 3.712998000000000320e+04 2.961157567506329542e+03 3.089000000000000000e+04 4.531200000000000000e+04
5.559917313492238750e-02 9.899999999999985478e-01 1.443289932012703503e-15 3.676445999999999913e+04 2.973530744485417472e+03 3.073000000000000000e+04 4.650700000000000000e+04
6.115909044841463110e-02 9.899999999999985478e-01 1.443289932012703503e-15 3.556705000000000291e+04 2.226702563770024426e+03 3.172900000000000000e+04 4.245900000000000000e+04
6.727499949325610462e-02 9.899999999999985478e-01 1.443289932012703503e-15 3.533593000000000029e+04 2.868993657208045533e+03 2.973000000000000000e+04 4.892600000000000000e+04
7.400249944258172063e-02 9.899999999999985478e-01 1.443289932012703503e-15 3.461781999999999971e+04 2.582407595171606317e+03 2.794900000000000000e+04 4.222600000000000000e+04
8.140274938683990380e-02 9.899999999999985478e-01 1.443289932012703503e-15 3.384638999999999942e+04 2.442905515549056418e+03 2.963300000000000000e+04 4.179100000000000000e+04
8.954302432552389834e-02 9.899999999999985478e-01 1.443289932012703503e-15 3.318765000000000146e+04 2.471097045342412457e+03 2.820200000000000000e+04 4.044300000000000000e+04
9.849732675807629234e-02 9.899999999999985478e-01 1.443289932012703503e-15 3.287330000000000291e+04 2.695516842833670580e+03 2.794200000000000000e+04 3.999800000000000000e+04
1.083470594338839244e-01 9.899999999999985478e-01 1.443289932012703503e-15 3.128756000000000131e+04 2.367690166892619345e+03 2.577500000000000000e+04 3.893000000000000000e+04
1.191817653772723196e-01 9.899999999999985478e-01 1.443289932012703503e-15 3.122793000000000029e+04 2.333537341698221098e+03 2.583300000000000000e+04 3.690900000000000000e+04
1.310999419149995737e-01 9.899999999999985478e-01 1.443289932012703503e-15 3.081159999999999854e+04 2.201529327535747598e+03 2.665400000000000000e+04 3.914900000000000000e+04
1.442099361064995422e-01 9.899999999999985478e-01 1.443289932012703503e-15 3.023470000000000073e+04 1.944517510849413611e+03 2.636000000000000000e+04 3.811600000000000000e+04
1.586309297171495103e-01 9.899999999999985478e-01 1.443289932012703503e-15 2.967024000000000160e+04 1.991037082125795223e+03 2.593000000000000000e+04 3.719700000000000000e+04
1.744940226888644641e-01 9.899999999999985478e-01 1.443289932012703503e-15 2.900616999999999825e+04 2.043065554773022768e+03 2.540900000000000000e+04 3.560400000000000000e+04
1.919434249577509355e-01 9.899999999999985478e-01 1.443289932012703503e-15 2.878211999999999898e+04 2.325188337662134927e+03 2.462600000000000000e+04 3.589600000000000000e+04
2.111377674535260540e-01 9.899999999999985478e-01 1.443289932012703503e-15 2.802204999999999927e+04 2.082505627243297567e+03 2.374100000000000000e+04 3.563100000000000000e+04
2.322515441988786677e-01 9.899999999999985478e-01 1.443289932012703503e-15 2.742733000000000175e+04 2.084267104067998389e+03 2.390900000000000000e+04 3.704800000000000000e+04
2.554766986187665401e-01 9.899999999999985478e-01 1.443289932012703503e-15 2.768643999999999869e+04 1.942089273540225349e+03 2.410300000000000000e+04 3.248500000000000000e+04
2.810243684806432163e-01 9.899999999999985478e-01 1.443289932012703503e-15 2.704386000000000058e+04 2.256721108245323649e+03 2.272000000000000000e+04 3.605700000000000000e+04
3.091268053287075657e-01 9.899999999999985478e-01 1.443289932012703503e-15 2.641261000000000058e+04 1.994401689204057902e+03 2.280100000000000000e+04 3.345500000000000000e+04
3.400394858615783389e-01 9.899999999999985478e-01 1.443289932012703503e-15 2.581893999999999869e+04 1.743372810502676202e+03 2.216300000000000000e+04 2.989100000000000000e+04
3.740434344477361894e-01 9.899999999999985478e-01 1.443289932012703503e-15 2.551811999999999898e+04 1.743094680618353323e+03 2.207100000000000000e+04 3.046000000000000000e+04
4.114477778925098583e-01 9.899999999999985478e-01 1.443289932012703503e-15 2.505599000000000160e+04 1.670030499691547675e+03 2.141200000000000000e+04 3.100000000000000000e+04
4.525925556817608775e-01 9.899999999999985478e-01 1.443289932012703503e-15 2.498154999999999927e+04 2.170648029391223190e+03 2.112500000000000000e+04 3.311400000000000000e+04
4.978518112499369930e-01 9.899999999999985478e-01 1.443289932012703503e-15 2.509209999999999854e+04 1.966892826261766913e+03 2.156200000000000000e+04 3.163800000000000000e+04
5.476369923749306867e-01 9.899999999999985478e-01 1.443289932012703503e-15 2.477261000000000058e+04 2.420126508656107035e+03 2.123400000000000000e+04 3.658600000000000000e+04
6.024006916124238220e-01 9.899999999999985478e-01 1.443289932012703503e-15 2.436725000000000000e+04 2.054012942388630563e+03 2.106700000000000000e+04 3.218800000000000000e+04
6.626407607736662930e-01 9.899999999999985478e-01 1.443289932012703503e-15 2.436947000000000116e+04 1.807024739482002815e+03 2.109100000000000000e+04 3.014500000000000000e+04
7.289048368510330222e-01 9.899999999999985478e-01 1.443289932012703503e-15 2.459491999999999825e+04 1.968579374472871450e+03 2.142600000000000000e+04 3.069800000000000000e+04
8.017953205361363356e-01 9.899999999999985478e-01 1.443289932012703503e-15 2.439970999999999913e+04 1.700438462838335226e+03 2.117000000000000000e+04 3.070200000000000000e+04
8.819748525897500580e-01 9.899999999999985478e-01 1.443289932012703503e-15 2.425672000000000116e+04 1.745553288100939199e+03 2.145100000000000000e+04 3.291700000000000000e+04
9.701723378487251415e-01 9.899999999999985478e-01 1.443289932012703503e-15 2.403350999999999840e+04 1.721632228410005382e+03 2.066300000000000000e+04 2.909900000000000000e+04
9.801723378487251503e-01 9.899999999999985478e-01 1.443289932012703503e-15 2.410395000000000073e+04 2.086150720226129579e+03 2.078600000000000000e+04 3.495800000000000000e+04
9.901723378487251592e-01 9.899999999999985478e-01 1.443289932012703503e-15 2.422343999999999869e+04 1.594118705241237649e+03 2.069000000000000000e+04 2.925000000000000000e+04
1.000172337848725057e+00 9.899999999999985478e-01 1.443289932012703503e-15 2.400936999999999898e+04 1.536349372083055641e+03 2.131100000000000000e+04 2.808800000000000000e+04
