1.000000000000000021e-02 9.899999999999985478e-01 1.443289932012703503e-15 5.178902999999999884e+04 4.197306282498336259e+03 4.338200000000000000e+04 6.239000000000000000e+04
1.100000000000000110e-02 9.899999999999985478e-01 1.443289932012703503e-15 5.028433000000000175e+04 4.184715173234613758e+03 4.274600000000000000e+04 6.128500000000000000e+04
1.210000000000000138e-02 9.899999999999985478e-01 1.443289932012703503e-15 4.961126000000000204e+04 3.676456387936623742e+03 4.252900000000000000e+04 5.803400000000000000e+04
1.331000000000000238e-02 9.899999999999985478e-01 1.443289932012703503e-15 4.936777999999999884e+04 4.245290274127317389e+03 4.094900000000000000e+04 6.003400000000000000e+04
1.464100000000000297e-02 9.899999999999985478e-01 1.443289932012703503e-15 4.785497000000000116e+04 3.713980130412654944e+03 3.954200000000000000e+04 5.615600000000000000e+04
1.610510000000000413e-02 9.899999999999985478e-01 1.443289932012703503e-15 4.708358000000000175e+04 3.779305719785050314e+03 3.982600000000000000e+04 5.915300000000000000e+04
1.771561000000000663e-02 9.899999999999985478e-01 1.443289932012703503e-15 4.578280999999999767e+04 4.004394547731279545e+03 3.830300000000000000e+04 5.666600000000000000e+04
1.948717100000000799e-02 9.899999999999985478e-01 1.443289932012703503e-15 4.555173000000000320e+04 3.433446271182935106e+03 3.842600000000000000e+04 5.687800000000000000e+04
2.143588810000001191e-02 9.899999999999985478e-01 1.443289932012703503e-15 4.417744000000000233e+04 3.660283793150471411e+03 3.808600000000000000e+04 5.513200000000000000e+04
2.357947691000001483e-02 9.899999999999985478e-01 1.443289932012703503e-15 4.359633999999999651e+04 3.052862588522451460e+03 3.743100000000000000e+04 5.277100000000000000e+04
2.593742460100001770e-02 9.899999999999985478e-01 1.443289932012703503e-15 4.269712000000000262e+04 3.134373166296571981e+03 3.686200000000000000e+04 5.316900000000000000e+04
2.853116706110002052e-02 9.899999999999985478e-01 1.443289932012703503e-15 4.194976000000000204e+04 2.991799950264055042e+03 3.496600000000000000e+04 5.051900000000000000e+04
3.138428376721002361e-02 9.899999999999985478e-01 1.443289932012703503e-15 4.176658000000000175e+04 3.407055312671046067e+03 3.533300000000000000e+04 5.565700000000000000e+04
3.452271214393103083e-02 9.899999999999985478e-01 1.443289932012703503e-15 3.984716000000000349e+04 3.197309152146535780e+03 3.158300000000000000e+04 5.088400000000000000e+04
3.797498335832413807e-02 9.899999999999985478e-01 1.443289932012703503e-15 3.973815000000000146e+04 3.124701884580352271e+03 3.299600000000000000e+04 4.831600000000000000e+04
4.177248169415655188e-02 9.899999999999985478e-01 1.443289932012703503e-15 3.856783000000000175e+04 2.948487117336618212e+03 3.357400000000000000e+04 4.851900000000000000e+04
4.594972986357220845e-02 9.899999999999985478e-01 1.443289932012703503e-15 3.788088999999999942e+04 2.593498867919552595e+03 3.234700000000000000e+04 5.009500000000000000e+04
5.054470284992943624e-02 9.899999999999985478e-01 1.443289932012703503e-15 3.732080999999999767e+04 2.833858474571374245e+03 3.089800000000000000e+04 4.558300000000000000e+04
5.559917313492238750e-02 9.899999999999985478e-01 1.443289932012703503e-15 3.668859999999999854e+04 2.632521999908072303e+03 3.160800000000000000e+04 4.616600000000000000e+04
6.115909044841463110e-02 9.899999999999985478e-01 1.443289932012703503e-15 3.567979000000000087e+04 2.655244524690710477e+03 3.063300000000000000e+04 4.415000000000000000e+04
6.727499949325610462e-02 9.899999999999985478e-01 1.443289932012703503e-15 3.474863999999999942e+04 2.918624941714848774e+03 2.932500000000000000e+04 4.279500000000000000e+04
7.400249944258172063e-02 9.899999999999985478e-01 1.443289932012703503e-15 3.455144000000000233e+04 2.354306672122389045e+03 3.014200000000000000e+04 4.305400000000000000e+04
8.140274938683990380e-02 9.899999999999985478e-01 1.443289932012703503e-15 3.404116000000000349e+04 2.832315511096883711e+03 2.823900000000000000e+04 4.393400000000000000e+04
8.954302432552389834e-02 9.899999999999985478e-01 1.443289932012703503e-15 3.342083999999999651e+04 2.470914380224454362e+03 2.870600000000000000e+04 3.929200000000000000e+04
9.849732675807629234e-02 9.899999999999985478e-01 1.443289932012703503e-15 3.252018999999999869e+04 2.483426063707152025e+03 2.774400000000000000e+04 3.981900000000000000e+04
1.083470594338839244e-01 9.899999999999985478e-01 1.443289932012703503e-15 3.168940999999999985e+04 2.287874406933212413e+03 2.799700000000000000e+04 3.972300000000000000e+04
1.191817653772723196e-01 9.899999999999985478e-01 1.443289932012703503e-15 3.115931000000000131e+04 2.268729973773873553e+03 2.761100000000000000e+04 4.020700000000000000e+04
1.310999419149995737e-01 9.899999999999985478e-01 1.443289932012703503e-15 3.116863000000000102e+04 2.725991091896670696e+03 2.579500000000000000e+04 4.111200000000000000e+04
1.442099361064995422e-01 9.899999999999985478e-01 1.443289932012703503e-15 3.016652999999999884e+04 2.527107379811945520e+03 2.656200000000000000e+04 3.901000000000000000e+04
1.586309297171495103e-01 9.899999999999985478e-01 1.443289932012703503e-15 2.928193999999999869e+04 2.163376623799008939e+03 2.458300000000000000e+04 3.602300000000000000e+04
1.744940226888644641e-01 9.899999999999985478e-01 1.443289932012703503e-15 2.910022999999999956e+04 1.934345609527934812e+03 2.541600000000000000e+04 3.395900000000000000e+04
1.919434249577509355e-01 9.899999999999985478e-01 1.443289932012703503e-15 2.852745999999999913e+04 2.427489420862632869e+03 2.478800000000000000e+04 3.750700000000000000e+04
2.111377674535260540e-01 9.899999999999985478e-01 1.443289932012703503e-15 2.780334999999999854e+04 2.050668536721622786e+03 2.364800000000000000e+04 3.723800000000000000e+04
2.322515441988786677e-01 9.899999999999985478e-01 1.443289932012703503e-15 2.744402999999999884e+04 1.868861233238037812e+03 2.399100000000000000e+04 3.244100000000000000e+04
2.554766986187665401e-01 9.899999999999985478e-01 1.443289932012703503e-15 2.705766999999999825e+04 2.160264817354575825e+03 2.264800000000000000e+04 3.404100000000000000e+04
2.810243684806432163e-01 9.899999999999985478e-01 1.443289932012703503e-15 2.641177999999999884e+04 1.644911563458656019e+03 2.291900000000000000e+04 3.123000000000000000e+04
3.091268053287075657e-01 9.899999999999985478e-01 1.443289932012703503e-15 2.658579999999999927e+04 1.777198852126570955e+03 2.320700000000000000e+04 3.094600000000000000e+04
3.400394858615783389e-01 9.899999999999985478e-01 1.443289932012703503e-15 2.587195000000000073e+04 1.912810395073176096e+03 2.256100000000000000e+04 3.033400000000000000e+04
3.740434344477361894e-01 9.899999999999985478e-01 1.443289932012703503e-15 2.560674000000000160e+04 2.023233627735561186e+03 2.195900000000000000e+04 3.161100000000000000e+04
4.114477778925098583e-01 9.899999999999985478e-01 1.443289932012703503e-15 2.542090999999999985e+04 1.831380130366167350e+03 2.189400000000000000e+04 3.065000000000000000e+04
4.525925556817608775e-01 9.899999999999985478e-01 1.443289932012703503e-15 2.517418999999999869e+04 2.023647176238980364e+03 2.198900000000000000e+04 3.355900000000000000e+04
4.978518112499369930e-01 9.899999999999985478e-01 1.443289932012703503e-15 2.485756000000000131e+04 2.088228049423721586e+03 2.172900000000000000e+04 3.335800000000000000e+04
5.476369923749306867e-01 9.899999999999985478e-01 1.443289932012703503e-15 2.438254000000000087e+04 2.156383103346899134e+03 2.104900000000000000e+04 3.349000000000000000e+04
6.024006916124238220e-01 9.899999999999985478e-01 1.443289932012703503e-15 2.419650000000000000e+04 1.767673841521676195e+03 2.102300000000000000e+04 2.892900000000000000e+04
6.626407607736662930e-01 9.899999999999985478e-01 1.443289932012703503e-15 2.418288000000000102e+04 2.049677800435961217e+03 2.116600000000000000e+04 3.358900000000000000e+04
7.289048368510330222e-01 9.899999999999985478e-01 1.443289932012703503e-15 2.430715999999999985e+04 2.100962278195398994e+03 2.041800000000000000e+04 3.385300000000000000e+04
8.017953205361363356e-01 9.899999999999985478e-01 1.443289932012703503e-15 2.399197000000000116e+04 1.522947868149136639e+03 2.133400000000000000e+04 2.796500000000000000e+04
8.819748525897500580e-01 9.899999999999985478e-01 1.443289932012703503e-15 2.385556999999999971e+04 1.773566983539104740e+03 2.049400000000000000e+04 3.077100000000000000e+04
9.701723378487251415e-01 9.899999999999985478e-01 1.443289932012703503e-15 2.402365000000000146e+04 2.345771819146099460e+03 2.012500000000000000e+04 3.767300000000000000e+04
9.801723378487251503e-01 9.899999999999985478e-01 1.443289932012703503e-15 2.417320000000000073e+04 2.182529912738883468e+03 2.065000000000000000e+04 3.134400000000000000e+04
9.901723378487251592e-01 9.899999999999985478e-01 1.443289932012703503e-15 2.394950999999999840e+04 1.867048973621206414e+03 2.029700000000000000e+04 3.045700000000000000e+04
1.000172337848725057e+00 9.899999999999985478e-01 1.443289932012703503e-15 2.427481999999999971e+04 2.199684892797147768e+03 2.114600000000000000e+04 3.054000000000000000e+04
