1.000000000000000021e-02 9.899999999999985478e-01 1.443289932012703503e-15 6.516216999999999825e+04 3.981255688988085694e+03 5.616700000000000000e+04 7.504500000000000000e+04
1.100000000000000110e-02 9.899999999999985478e-01 1.443289932012703503e-15 6.475737000000000262e+04 4.316915518411264202e+03 5.554000000000000000e+04 7.999500000000000000e+04
1.210000000000000138e-02 9.899999999999985478e-01 1.443289932012703503e-15 6.391287999999999738e+04 3.883705041014314247e+03 5.538000000000000000e+04 7.392700000000000000e+04
1.331000000000000238e-02 9.899999999999985478e-01 1.443289932012703503e-15 6.223594000000000233e+04 3.380388453476908126e+03 5.360500000000000000e+04 7.192400000000000000e+04
1.464100000000000297e-02 9.899999999999985478e-01 1.443289932012703503e-15 6.165276000000000204e+04 3.271864603311084920e+03 5.300300000000000000e+04 7.205500000000000000e+04
1.610510000000000413e-02 9.899999999999985478e-01 1.443289932012703503e-15 6.075130000000000291e+04 3.442522994839686817e+03 5.317000000000000000e+04 7.035100000000000000e+04
1.771561000000000663e-02 9.899999999999985478e-01 1.443289932012703503e-15 5.970059999999999854e+04 3.787250393095233449e+03 5.163800000000000000e+04 6.970300000000000000e+04
1.948717100000000799e-02 9.899999999999985478e-01 1.443289932012703503e-15 5.953081999999999971e+04 3.412240669648024777e+03 5.185600000000000000e+04 6.824300000000000000e+04
2.143588810000001191e-02 9.899999999999985478e-01 1.443289932012703503e-15 5.781836000000000058e+04 3.189599029721448005e+03 4.841500000000000000e+04 6.764100000000000000e+04
2.357947691000001483e-02 9.899999999999985478e-01 1.443289932012703503e-15 5.769962000000000262e+04 3.334588750595791680e+03 4.957200000000000000e+04 6.779600000000000000e+04
2.593742460100001770e-02 9.899999999999985478e-01 1.443289932012703503e-15 5.668206999999999971e+04 3.641583098749772489e+03 5.069200000000000000e+04 6.779200000000000000e+04
2.853116706110002052e-02 9.899999999999985478e-01 1.443289932012703503e-15 5.579111000000000058e+04 3.287786747631300386e+03 4.722600000000000000e+04 6.461400000000000000e+04
3.138428376721002361e-02 9.899999999999985478e-01 1.443289932012703503e-15 5.553004000000000087e+04 3.418199069451631658e+03 4.947700000000000000e+04 6.980300000000000000e+04
3.452271214393103083e-02 9.899999999999985478e-01 1.443289932012703503e-15 5.477433000000000175e+04 2.826835078510948733e+03 4.884600000000000000e+04 6.065700000000000000e+04
3.797498335832413807e-02 9.899999999999985478e-01 1.443289932012703503e-15 5.292700000000000000e+04 2.517900017872036187e+03 4.695300000000000000e+04 5.964500000000000000e+04
4.177248169415655188e-02 9.899999999999985478e-01 1.443289932012703503e-15 5.233451999999999680e+04 2.992680716280973229e+03 4.604900000000000000e+04 6.044500000000000000e+04
4.594972986357220845e-02 9.899999999999985478e-01 1.443289932012703503e-15 5.210545999999999913e+04 3.232823615417333258e+03 4.483800000000000000e+04 6.220700000000000000e+04
5.054470284992943624e-02 9.899999999999985478e-01 1.443289932012703503e-15 5.072959999999999854e+04 2.853796261123067779e+03 4.543800000000000000e+04 6.248400000000000000e+04
5.559917313492238750e-02 9.899999999999985478e-01 1.443289932012703503e-15 5.074304000000000087e+04 3.118506626319718634e+03 4.384400000000000000e+04 6.234000000000000000e+04
6.115909044841463110e-02 9.899999999999985478e-01 1.443289932012703503e-15 4.922741000000000349e+04 2.636376801957565931e+03 4.434700000000000000e+04 5.656300000000000000e+04
6.727499949325610462e-02 9.899999999999985478e-01 1.443289932012703503e-15 4.864638999999999942e+04 2.498392306644414475e+03 4.329600000000000000e+04 5.635200000000000000e+04
7.400249944258172063e-02 9.899999999999985478e-01 1.443289932012703503e-15 4.769822000000000116e+04 2.213047259233295790e+03 4.215800000000000000e+04 5.481900000000000000e+04
8.140274938683990380e-02 9.899999999999985478e-01 1.443289932012703503e-15 4.711505999999999767e+04 2.667700987067329152e+03 4.178600000000000000e+04 5.595900000000000000e+04
8.954302432552389834e-02 9.899999999999985478e-01 1.443289932012703503e-15 4.664556999999999971e+04 2.676547295509646119e+03 4.149400000000000000e+04 5.754400000000000000e+04
9.849732675807629234e-02 9.899999999999985478e-01 1.443289932012703503e-15 4.620631999999999971e+04 2.913362949857089006e+03 4.125200000000000000e+04 5.628600000000000000e+04
1.083470594338839244e-01 9.899999999999985478e-01 1.443289932012703503e-15 4.522430000000000291e+04 2.327158896594729413e+03 4.122900000000000000e+04 5.203000000000000000e+04
1.191817653772723196e-01 9.899999999999985478e-01 1.443289932012703503e-15 4.458912000000000262e+04 2.453790057360246010e+03 3.954000000000000000e+04 5.167600000000000000e+04
1.310999419149995737e-01 9.899999999999985478e-01 1.443289932012703503e-15 4.338806999999999971e+04 2.245861470594301863e+03 3.966500000000000000e+04 5.052800000000000000e+04
1.442099361064995422e-01 9.899999999999985478e-01 1.443289932012703503e-15 4.327723000000000320e+04 2.517108411868666280e+03 3.850600000000000000e+04 5.115400000000000000e+04
1.586309297171495103e-01 9.899999999999985478e-01 1.443289932012703503e-15 4.218655999999999767e+04 2.489300051500420977e+03 3.687500000000000000e+04 5.179600000000000000e+04
1.744940226888644641e-01 9.899999999999985478e-01 1.443289932012703503e-15 4.184669000000000233e+04 2.557999662607483515e+03 3.685700000000000000e+04 5.314400000000000000e+04
1.919434249577509355e-01 9.899999999999985478e-01 1.443289932012703503e-15 4.118251999999999680e+04 2.294014526893847233e+03 3.640700000000000000e+04 4.849700000000000000e+04
2.111377674535260540e-01 9.899999999999985478e-01 1.443289932012703503e-15 4.016366999999999825e+04 2.124986517863113477e+03 3.615700000000000000e+04 4.859200000000000000e+04
2.322515441988786677e-01 9.899999999999985478e-01 1.443289932012703503e-15 3.993704000000000087e+04 2.475176554995622610e+03 3.569300000000000000e+04 4.803200000000000000e+04
2.554766986187665401e-01 9.899999999999985478e-01 1.443289932012703503e-15 3.910426000000000204e+04 2.312934152197160984e+03 3.432100000000000000e+04 4.858000000000000000e+04
2.810243684806432163e-01 9.899999999999985478e-01 1.443289932012703503e-15 3.842436000000000058e+04 1.877203246960754541e+03 3.480500000000000000e+04 4.431400000000000000e+04
3.091268053287075657e-01 9.899999999999985478e-01 1.443289932012703503e-15 3.809311000000000058e+04 1.759829826403678453e+03 3.478300000000000000e+04 4.286300000000000000e+04
3.400394858615783389e-01 9.899999999999985478e-01 1.443289932012703503e-15 3.833450000000000000e+04 2.121730701573599617e+03 3.501700000000000000e+04 4.619800000000000000e+04
3.740434344477361894e-01 9.899999999999985478e-01 1.443289932012703503e-15 3.728108999999999651e+04 1.904261720956444151e+03 3.275200000000000000e+04 4.368800000000000000e+04
4.114477778925098583e-01 9.899999999999985478e-01 1.443289932012703503e-15 3.686559999999999854e+04 2.075861262223465928e+03 3.349000000000000000e+04 4.254500000000000000e+04
4.525925556817608775e-01 9.899999999999985478e-01 1.443289932012703503e-15 3.641420999999999913e+04 2.176772763955852042e+03 3.200900000000000000e+04 4.322700000000000000e+04
4.978518112499369930e-01 9.899999999999985478e-01 1.443289932012703503e-15 3.615062999999999738e+04 1.952102423824118887e+03 3.248300000000000000e+04 4.281300000000000000e+04
5.476369923749306867e-01 9.899999999999985478e-01 1.443289932012703503e-15 3.559679000000000087e+04 1.838187951733989394e+03 3.213200000000000000e+04 4.137600000000000000e+04
6.024006916124238220e-01 9.899999999999985478e-01 1.443289932012703503e-15 3.539444000000000233e+04 2.032986956770751021e+03 3.158600000000000000e+04 4.111800000000000000e+04
6.626407607736662930e-01 9.899999999999985478e-01 1.443289932012703503e-15 3.531416000000000349e+04 1.903027039849933544e+03 3.165300000000000000e+04 4.104800000000000000e+04
7.289048368510330222e-01 9.899999999999985478e-01 1.443289932012703503e-15 3.511743000000000029e+04 1.558329414822168019e+03 3.235700000000000000e+04 4.206800000000000000e+04
8.017953205361363356e-01 9.899999999999985478e-01 1.443289932012703503e-15 3.561206999999999971e+04 2.069929555588788389e+03 3.211300000000000000e+04 4.357600000000000000e+04
8.819748525897500580e-01 9.899999999999985478e-01 1.443289932012703503e-15 3.477145999999999913e+04 1.868959852003247534e+03 3.099100000000000000e+04 4.042300000000000000e+04
9.701723378487251415e-01 9.899999999999985478e-01 1.443289932012703503e-15 3.507491000000000349e+04 2.110654496098307391e+03 3.072300000000000000e+04 4.162800000000000000e+04
9.801723378487251503e-01 9.899999999999985478e-01 1.443289932012703503e-15 3.525933000000000175e+04 2.413965016544358150e+03 3.159300000000000000e+04 4.685700000000000000e+04
9.901723378487251592e-01 9.899999999999985478e-01 1.443289932012703503e-15 3.487833000000000175e+04 1.884136370091082426e+03 3.205500000000000000e+04 4.111400000000000000e+04
1.000172337848725057e+00 9.899999999999985478e-01 1.443289932012703503e-15 3.507723000000000320e+04 1.773312960844757072e+03 3.211100000000000000e+04 4.111300000000000000e+04
