1.000000000000000021e-02 9.899999999999985478e-01 1.443289932012703503e-15 5.237101999999999680e+04 4.045831219860759575e+03 4.290700000000000000e+04 6.318400000000000000e+04
1.100000000000000110e-02 9.899999999999985478e-01 1.443289932012703503e-15 5.145930000000000291e+04 3.688316454698538564e+03 4.480900000000000000e+04 6.426300000000000000e+04
1.210000000000000138e-02 9.899999999999985478e-01 1.443289932012703503e-15 5.044875000000000000e+04 3.682392896948938869e+03 4.140700000000000000e+04 6.064100000000000000e+04
1.331000000000000238e-02 9.899999999999985478e-01 1.443289932012703503e-15 4.944741000000000349e+04 3.758020678748323007e+03 4.209000000000000000e+04 5.974800000000000000e+04
1.464100000000000297e-02 9.899999999999985478e-01 1.443289932012703503e-15 4.880176999999999680e+04 3.687390575610346332e+03 4.009000000000000000e+04 6.006400000000000000e+04
1.610510000000000413e-02 9.899999999999985478e-01 1.443289932012703503e-15 4.776463999999999942e+04 3.178812691933892893e+03 3.873500000000000000e+04 5.648200000000000000e+04
1.771561000000000663e-02 9.899999999999985478e-01 1.443289932012703503e-15 4.727631999999999971e+04 3.702493432485735411e+03 4.028900000000000000e+04 5.907700000000000000e+04
1.948717100000000799e-02 9.899999999999985478e-01 1.443289932012703503e-15 4.578804000000000087e+04 3.152166603845678310e+03 3.759400000000000000e+04 5.892500000000000000e+04
2.143588810000001191e-02 9.899999999999985478e-01 1.443289932012703503e-15 4.569848000000000320e+04 3.859694670514755217e+03 3.676800000000000000e+04 5.482100000000000000e+04
2.357947691000001483e-02 9.899999999999985478e-01 1.443289932012703503e-15 4.511550000000000000e+04 3.185086785316846090e+03 3.778500000000000000e+04 5.248100000000000000e+04
2.593742460100001770e-02 9.899999999999985478e-01 1.443289932012703503e-15 4.330809999999999854e+04 3.046141590602774158e+03 3.740600000000000000e+04 5.236100000000000000e+04
2.853116706110002052e-02 9.899999999999985478e-01 1.443289932012703503e-15 4.300591999999999825e+04 2.930148950753186455e+03 3.721100000000000000e+04 5.061300000000000000e+04
3.138428376721002361e-02 9.899999999999985478e-01 1.443289932012703503e-15 4.219723000000000320e+04 3.040587199390933165e+03 3.678000000000000000e+04 5.007100000000000000e+04
3.452271214393103083e-02 9.899999999999985478e-01 1.443289932012703503e-15 4.117255999999999767e+04 2.963520518977387837e+03 3.578000000000000000e+04 4.994800000000000000e+04
3.797498335832413807e-02 9.899999999999985478e-01 1.443289932012703503e-15 4.028716999999999825e+04 3.066623182117424676e+03 3.446800000000000000e+04 4.871800000000000000e+04
4.177248169415655188e-02 9.899999999999985478e-01 1.443289932012703503e-15 3.967702999999999884e+04 2.872818774148484408e+03 3.398400000000000000e+04 4.786100000000000000e+04
4.594972986357220845e-02 9.899999999999985478e-01 1.443289932012703503e-15 3.869776999999999680e+04 2.585940849497528689e+03 3.306000000000000000e+04 4.451400000000000000e+04
5.054470284992943624e-02 9.899999999999985478e-01 1.443289932012703503e-15 3.859230000000000291e+04 2.931521248430582546e+03 3.315200000000000000e+04 4.713600000000000000e+04
5.559917313492238750e-02 9.899999999999985478e-01 1.443289932012703503e-15 3.760258999999999651e+04 2.705286421416409212e+03 3.247100000000000000e+04 4.547300000000000000e+04
6.115909044841463110e-02 9.899999999999985478e-01 1.443289932012703503e-15 3.719438999999999942e+04 2.781309532917902288e+03 3.117800000000000000e+04 4.337000000000000000e+04
6.727499949325610462e-02 9.899999999999985478e-01 1.443289932012703503e-15 3.640756999999999971e+04 2.420015976207595486e+03 3.152300000000000000e+04 4.577600000000000000e+04
7.400249944258172063e-02 9.899999999999985478e-01 1.443289932012703503e-15 3.522638999999999942e+04 2.402660337604963388e+03 3.036800000000000000e+04 4.161100000000000000e+04
8.140274938683990380e-02 9.899999999999985478e-01 1.443289932012703503e-15 3.462851000000000204e+04 2.511769274814069831e+03 3.024000000000000000e+04 4.405900000000000000e+04
8.954302432552389834e-02 9.899999999999985478e-01 1.443289932012703503e-15 3.463018000000000029e+04 2.347268780433974825e+03 2.887800000000000000e+04 4.160600000000000000e+04
9.849732675807629234e-02 9.899999999999985478e-01 1.443289932012703503e-15 3.365679000000000087e+04 2.355370986893572081e+03 2.846700000000000000e+04 4.018600000000000000e+04
1.083470594338839244e-01 9.899999999999985478e-01 1.443289932012703503e-15 3.290180999999999767e+04 2.482271937943141893e+03 2.844800000000000000e+04 3.975800000000000000e+04
1.191817653772723196e-01 9.899999999999985478e-01 1.443289932012703503e-15 3.212443000000000029e+04 2.037517760683327424e+03 2.779500000000000000e+04 3.945300000000000000e+04
1.310999419149995737e-01 9.899999999999985478e-01 1.443289932012703503e-15 3.160495000000000073e+04 2.247342178552255973e+03 2.643800000000000000e+04 3.885600000000000000e+04
1.442099361064995422e-01 9.899999999999985478e-01 1.443289932012703503e-15 3.133961000000000058e+04 2.259466197556404950e+03 2.737800000000000000e+04 3.813000000000000000e+04
1.586309297171495103e-01 9.899999999999985478e-01 1.443289932012703503e-15 3.064886000000000058e+04 2.329243023044181882e+03 2.683600000000000000e+04 3.877600000000000000e+04
1.744940226888644641e-01 9.899999999999985478e-01 1.443289932012703503e-15 3.009299000000000160e+04 2.213984947984064092e+03 2.533400000000000000e+04 3.866500000000000000e+04
1.919434249577509355e-01 9.899999999999985478e-01 1.443289932012703503e-15 2.963941999999999825e+04 2.134483886938479372e+03 2.538800000000000000e+04 3.735500000000000000e+04
2.111377674535260540e-01 9.899999999999985478e-01 1.443289932012703503e-15 2.889116999999999825e+04 2.054374250495756314e+03 2.500700000000000000e+04 3.690100000000000000e+04
2.322515441988786677e-01 9.899999999999985478e-01 1.443289932012703503e-15 2.842018000000000029e+04 1.919796584953728598e+03 2.491400000000000000e+04 3.498800000000000000e+04
2.554766986187665401e-01 9.899999999999985478e-01 1.443289932012703503e-15 2.808584000000000015e+04 1.946253070492118468e+03 2.426600000000000000e+04 3.254900000000000000e+04
2.810243684806432163e-01 9.899999999999985478e-01 1.443289932012703503e-15 2.789413999999999942e+04 2.080268766385728213e+03 2.338300000000000000e+04 3.520300000000000000e+04
3.091268053287075657e-01 9.899999999999985478e-01 1.443289932012703503e-15 2.741572000000000116e+04 2.257384136916001353e+03 2.398000000000000000e+04 3.669000000000000000e+04
3.400394858615783389e-01 9.899999999999985478e-01 1.443289932012703503e-15 2.743434000000000015e+04 2.383830141683757120e+03 2.306300000000000000e+04 3.473800000000000000e+04
3.740434344477361894e-01 9.899999999999985478e-01 1.443289932012703503e-15 2.678977999999999884e+04 1.858226437116854868e+03 2.304500000000000000e+04 3.237200000000000000e+04
4.114477778925098583e-01 9.899999999999985478e-01 1.443289932012703503e-15 2.680834000000000015e+04 1.914211917317411007e+03 2.352700000000000000e+04 3.151900000000000000e+04
4.525925556817608775e-01 9.899999999999985478e-01 1.443289932012703503e-15 2.652434999999999854e+04 2.315498988879070566e+03 2.261200000000000000e+04 3.796400000000000000e+04
4.978518112499369930e-01 9.899999999999985478e-01 1.443289932012703503e-15 2.573061999999999898e+04 1.708185421902435110e+03 2.264600000000000000e+04 3.244000000000000000e+04
5.476369923749306867e-01 9.899999999999985478e-01 1.443289932012703503e-15 2.603295999999999913e+04 2.102706869347223346e+03 2.228200000000000000e+04 3.408400000000000000e+04
6.024006916124238220e-01 9.899999999999985478e-01 1.443289932012703503e-15 2.536509999999999854e+04 1.794746369267813634e+03 2.148100000000000000e+04 3.198400000000000000e+04
6.626407607736662930e-01 9.899999999999985478e-01 1.443289932012703503e-15 2.548972999999999956e+04 2.254424094330966454e+03 2.246000000000000000e+04 3.682500000000000000e+04
7.289048368510330222e-01 9.899999999999985478e-01 1.443289932012703503e-15 2.512309999999999854e+04 1.757964450721345202e+03 2.103900000000000000e+04 3.089600000000000000e+04
8.017953205361363356e-01 9.899999999999985478e-01 1.443289932012703503e-15 2.525738000000000102e+04 1.978228908796957285e+03 2.224100000000000000e+04 3.183600000000000000e+04
8.819748525897500580e-01 9.899999999999985478e-01 1.443289932012703503e-15 2.506740000000000146e+04 1.613682453272637986e+03 2.203200000000000000e+04 2.997300000000000000e+04
9.701723378487251415e-01 9.899999999999985478e-01 1.443289932012703503e-15 2.526570999999999913e+04 1.906364835465656824e+03 2.208500000000000000e+04 3.215300000000000000e+04
9.801723378487251503e-01 9.899999999999985478e-01 1.443289932012703503e-15 2.494591999999999825e+04 1.938018171638233298e+03 2.144300000000000000e+04 3.190300000000000000e+04
9.901723378487251592e-01 9.899999999999985478e-01 1.443289932012703503e-15 2.535054999999999927e+04 1.853375004552505970e+03 2.209500000000000000e+04 3.097900000000000000e+04
1.000172337848725057e+00 9.899999999999985478e-01 1.443289932012703503e-15 2.515872999999999956e+04 1.740879748029713255e+03 2.235700000000000000e+04 3.143500000000000000e+04
