1.000000000000000021e-02 9.899999999999985478e-01 1.443289932012703503e-15 5.953486000000000058e+04 4.110519161906437148e+03 5.130700000000000000e+04 7.208300000000000000e+04
1.100000000000000110e-02 9.899999999999985478e-01 1.443289932012703503e-15 5.890508000000000175e+04 3.944989294484840684e+03 4.995100000000000000e+04 6.804200000000000000e+04
1.210000000000000138e-02 9.899999999999985478e-01 1.443289932012703503e-15 5.767716000000000349e+04 3.672112701756307160e+03 5.021500000000000000e+04 6.898700000000000000e+04
1.331000000000000238e-02 9.899999999999985478e-01 1.443289932012703503e-15 5.726002999999999884e+04 3.353577822132654546e+03 5.019800000000000000e+04 6.577300000000000000e+04
1.464100000000000297e-02 9.899999999999985478e-01 1.443289932012703503e-15 5.638544000000000233e+04 3.210089921855771991e+03 5.015600000000000000e+04 6.657400000000000000e+04
1.610510000000000413e-02 9.899999999999985478e-01 1.443289932012703503e-15 5.481018000000000029e+04 3.527862977441158819e+03 4.943200000000000000e+04 6.393400000000000000e+04
1.771561000000000663e-02 9.899999999999985478e-01 1.443289932012703503e-15 5.447344999999999709e+04 3.366811350150168437e+03 4.667100000000000000e+04 6.222200000000000000e+04
1.948717100000000799e-02 9.899999999999985478e-01 1.443289932012703503e-15 5.421441999999999825e+04 3.934968366276913002e+03 4.656800000000000000e+04 6.851100000000000000e+04
2.143588810000001191e-02 9.899999999999985478e-01 1.443289932012703503e-15 5.338455000000000291e+04 3.806126165473236142e+03 4.472000000000000000e+04 6.319900000000000000e+04
2.357947691000001483e-02 9.899999999999985478e-01 1.443289932012703503e-15 5.200701999999999680e+04 3.018225365939395942e+03 4.418800000000000000e+04 6.029400000000000000e+04
2.593742460100001770e-02 9.899999999999985478e-01 1.443289932012703503e-15 5.067750000000000000e+04 3.333105439376318373e+03 4.372800000000000000e+04 5.962600000000000000e+04
2.853116706110002052e-02 9.899999999999985478e-01 1.443289932012703503e-15 5.037597000000000116e+04 3.255887809661137908e+03 4.201500000000000000e+04 5.864400000000000000e+04
3.138428376721002361e-02 9.899999999999985478e-01 1.443289932012703503e-15 4.989123999999999796e+04 3.280807312598532008e+03 4.255700000000000000e+04 6.079900000000000000e+04
3.452271214393103083e-02 9.899999999999985478e-01 1.443289932012703503e-15 4.906422000000000116e+04 3.055392323679563560e+03 4.345700000000000000e+04 5.814200000000000000e+04
3.797498335832413807e-02 9.899999999999985478e-01 1.443289932012703503e-15 4.796447000000000116e+04 3.410822858065191667e+03 4.176100000000000000e+04 6.151800000000000000e+04
4.177248169415655188e-02 9.899999999999985478e-01 1.443289932012703503e-15 4.721677999999999884e+04 3.108071423181906539e+03 4.101600000000000000e+04 5.683100000000000000e+04
4.594972986357220845e-02 9.899999999999985478e-01 1.443289932012703503e-15 4.607216999999999825e+04 2.899040631157141888e+03 4.077900000000000000e+04 5.633800000000000000e+04
5.054470284992943624e-02 9.899999999999985478e-01 1.443289932012703503e-15 4.535466999999999825e+04 2.677967841685183430e+03 3.990700000000000000e+04 5.426800000000000000e+04
5.559917313492238750e-02 9.899999999999985478e-01 1.443289932012703503e-15 4.558494000000000233e+04 2.923148620306535577e+03 3.811800000000000000e+04 5.358400000000000000e+04
6.115909044841463110e-02 9.899999999999985478e-01 1.443289932012703503e-15 4.461141999999999825e+04 2.774808069686982890e+03 3.866000000000000000e+04 5.240500000000000000e+04
6.727499949325610462e-02 9.899999999999985478e-01 1.443289932012703503e-15 4.316958000000000175e+04 2.654491842820391867e+03 3.869500000000000000e+04 5.123100000000000000e+04
7.400249944258172063e-02 9.899999999999985478e-01 1.443289932012703503e-15 4.333708000000000175e+04 2.954214598433905849e+03 3.785600000000000000e+04 5.230000000000000000e+04
8.140274938683990380e-02 9.899999999999985478e-01 1.443289932012703503e-15 4.210925000000000000e+04 2.627888480795941177e+03 3.785000000000000000e+04 5.342400000000000000e+04
8.954302432552389834e-02 9.899999999999985478e-01 1.443289932012703503e-15 4.124383999999999651e+04 2.305535121051076203e+03 3.562800000000000000e+04 4.651600000000000000e+04
9.849732675807629234e-02 9.899999999999985478e-01 1.443289932012703503e-15 4.112001999999999680e+04 2.528530415003941016e+03 3.622300000000000000e+04 5.082800000000000000e+04
1.083470594338839244e-01 9.899999999999985478e-01 1.443289932012703503e-15 4.002050000000000000e+04 2.576418248266379578e+03 3.412800000000000000e+04 4.747900000000000000e+04
1.191817653772723196e-01 9.899999999999985478e-01 1.443289932012703503e-15 3.985819000000000233e+04 2.579769352849203642e+03 3.516600000000000000e+04 4.929600000000000000e+04
1.310999419149995737e-01 9.899999999999985478e-01 1.443289932012703503e-15 3.860033999999999651e+04 2.112144929781098199e+03 3.455500000000000000e+04 4.690200000000000000e+04
1.442099361064995422e-01 9.899999999999985478e-01 1.443289932012703503e-15 3.845583999999999651e+04 2.350533806266142165e+03 3.415000000000000000e+04 4.730300000000000000e+04
1.586309297171495103e-01 9.899999999999985478e-01 1.443289932012703503e-15 3.779570999999999913e+04 2.209399684507083293e+03 3.313500000000000000e+04 4.383900000000000000e+04
1.744940226888644641e-01 9.899999999999985478e-01 1.443289932012703503e-15 3.763109999999999854e+04 2.266482329514175035e+03 3.332500000000000000e+04 4.583700000000000000e+04
1.919434249577509355e-01 9.899999999999985478e-01 1.443289932012703503e-15 3.677602999999999884e+04 2.258264304526819160e+03 3.257800000000000000e+04 4.447100000000000000e+04
2.111377674535260540e-01 9.899999999999985478e-01 1.443289932012703503e-15 3.636708999999999651e+04 2.053201636931940357e+03 3.307700000000000000e+04 4.192700000000000000e+04
2.322515441988786677e-01 9.899999999999985478e-01 1.443289932012703503e-15 3.605176000000000204e+04 2.428865571084575549e+03 3.114400000000000000e+04 4.496700000000000000e+04
2.554766986187665401e-01 9.899999999999985478e-01 1.443289932012703503e-15 3.508273999999999796e+04 1.749093300084361090e+03 3.149400000000000000e+04 4.020800000000000000e+04
2.810243684806432163e-01 9.899999999999985478e-01 1.443289932012703503e-15 3.465812000000000262e+04 1.757879314856398651e+03 3.155900000000000000e+04 4.016000000000000000e+04
3.091268053287075657e-01 9.899999999999985478e-01 1.443289932012703503e-15 3.437602999999999884e+04 2.494043096881046495e+03 3.066800000000000000e+04 5.189000000000000000e+04
3.400394858615783389e-01 9.899999999999985478e-01 1.443289932012703503e-15 3.412073000000000320e+04 1.871429880358866285e+03 3.009900000000000000e+04 4.009700000000000000e+04
3.740434344477361894e-01 9.899999999999985478e-01 1.443289932012703503e-15 3.395659999999999854e+04 2.653407284982838064e+03 3.036800000000000000e+04 4.902700000000000000e+04
4.114477778925098583e-01 9.899999999999985478e-01 1.443289932012703503e-15 3.314794000000000233e+04 2.090001190525977108e+03 2.959100000000000000e+04 3.992100000000000000e+04
4.525925556817608775e-01 9.899999999999985478e-01 1.443289932012703503e-15 3.352200000000000000e+04 1.982029086567601325e+03 2.967600000000000000e+04 4.414400000000000000e+04
4.978518112499369930e-01 9.899999999999985478e-01 1.443289932012703503e-15 3.305344000000000233e+04 1.909399970252435423e+03 2.937700000000000000e+04 3.821100000000000000e+04
5.476369923749306867e-01 9.899999999999985478e-01 1.443289932012703503e-15 3.252727000000000044e+04 1.889574872054557773e+03 2.920900000000000000e+04 4.101700000000000000e+04
6.024006916124238220e-01 9.899999999999985478e-01 1.443289932012703503e-15 3.273690999999999985e+04 2.053486659781358412e+03 2.965400000000000000e+04 3.940500000000000000e+04
6.626407607736662930e-01 9.899999999999985478e-01 1.443289932012703503e-15 3.229740000000000146e+04 2.092655389690333323e+03 2.845900000000000000e+04 4.166400000000000000e+04
7.289048368510330222e-01 9.899999999999985478e-01 1.443289932012703503e-15 3.202245000000000073e+04 1.661309485767176284e+03 2.885000000000000000e+04 3.749100000000000000e+04
8.017953205361363356e-01 9.899999999999985478e-01 1.443289932012703503e-15 3.250536000000000058e+04 2.530340342799758673e+03 2.917100000000000000e+04 4.426900000000000000e+04
8.819748525897500580e-01 9.899999999999985478e-01 1.443289932012703503e-15 3.226079000000000087e+04 1.961411890934690973e+03 2.959900000000000000e+04 3.887500000000000000e+04
9.701723378487251415e-01 9.899999999999985478e-01 1.443289932012703503e-15 3.219888999999999942e+04 2.026130306248835495e+03 2.907500000000000000e+04 4.111300000000000000e+04
9.801723378487251503e-01 9.899999999999985478e-01 1.443289932012703503e-15 3.207816999999999825e+04 2.024660500207380892e+03 2.933200000000000000e+04 3.967500000000000000e+04
9.901723378487251592e-01 9.899999999999985478e-01 1.443289932012703503e-15 3.209268000000000029e+04 1.900265943914166883e+03 2.881900000000000000e+04 4.215700000000000000e+04
1.000172337848725057e+00 9.899999999999985478e-01 1.443289932012703503e-15 3.198515000000000146e+04 1.439605691673939191e+03 2.904900000000000000e+04 3.576800000000000000e+04
