1.000000000000000021e-02 9.899999999999985478e-01 1.443289932012703503e-15 9.890979999999999563e+03 3.155946767611899628e-01 9.890000000000000000e+03 9.892000000000000000e+03
1.100000000000000110e-02 9.899999999999985478e-01 1.443289932012703503e-15 9.891010000000000218e+03 2.643860813280455302e-01 9.890000000000000000e+03 9.892000000000000000e+03
1.210000000000000138e-02 9.899999999999985478e-01 1.443289932012703503e-15 9.891010000000000218e+03 2.998332870112991322e-01 9.890000000000000000e+03 9.892000000000000000e+03
1.331000000000000238e-02 9.899999999999985478e-01 1.443289932012703503e-15 9.890979999999999563e+03 3.458323293158112599e-01 9.890000000000000000e+03 9.892000000000000000e+03
1.464100000000000297e-02 9.899999999999985478e-01 1.443289932012703503e-15 9.891010000000000218e+03 2.998332870112990767e-01 9.890000000000000000e+03 9.892000000000000000e+03
1.610510000000000413e-02 9.899999999999985478e-01 1.443289932012703503e-15 9.890989999999999782e+03 2.643860813280455302e-01 9.890000000000000000e+03 9.892000000000000000e+03
1.771561000000000663e-02 9.899999999999985478e-01 1.443289932012703503e-15 9.891030000000000655e+03 3.303028912982750032e-01 9.890000000000000000e+03 9.892000000000000000e+03
1.948717100000000799e-02 9.899999999999985478e-01 1.443289932012703503e-15 9.890989999999999782e+03 4.121892769104993359e-01 9.890000000000000000e+03 9.892000000000000000e+03
2.143588810000001191e-02 9.899999999999985478e-01 1.443289932012703503e-15 9.890989999999999782e+03 3.604164258188024550e-01 9.890000000000000000e+03 9.892000000000000000e+03
2.357947691000001483e-02 9.899999999999985478e-01 1.443289932012703503e-15 9.890989999999999782e+03 4.357751713900186452e-01 9.890000000000000000e+03 9.892000000000000000e+03
2.593742460100001770e-02 9.899999999999985478e-01 1.443289932012703503e-15 9.890979999999999563e+03 4.237924020083415066e-01 9.890000000000000000e+03 9.892000000000000000e+03
2.853116706110002052e-02 9.899999999999985478e-01 1.443289932012703503e-15 9.891040000000000873e+03 3.440930106817049472e-01 9.890000000000000000e+03 9.892000000000000000e+03
3.138428376721002361e-02 9.899999999999985478e-01 1.443289932012703503e-15 9.891010000000000218e+03 4.998999899979995609e-01 9.890000000000000000e+03 9.893000000000000000e+03
3.452271214393103083e-02 9.899999999999985478e-01 1.443289932012703503e-15 9.890950000000000728e+03 5.545268253204705955e-01 9.889000000000000000e+03 9.892000000000000000e+03
3.797498335832413807e-02 9.899999999999985478e-01 1.443289932012703503e-15 9.890979999999999563e+03 5.827520913733381658e-01 9.889000000000000000e+03 9.892000000000000000e+03
4.177248169415655188e-02 9.899999999999985478e-01 1.443289932012703503e-15 9.890989999999999782e+03 5.743692192309747258e-01 9.889000000000000000e+03 9.893000000000000000e+03
4.594972986357220845e-02 9.899999999999985478e-01 1.443289932012703503e-15 9.891040000000000873e+03 5.642694391866357462e-01 9.889000000000000000e+03 9.893000000000000000e+03
5.054470284992943624e-02 9.899999999999985478e-01 1.443289932012703503e-15 9.891090000000000146e+03 6.941901756723445338e-01 9.889000000000000000e+03 9.893000000000000000e+03
5.559917313492238750e-02 9.899999999999985478e-01 1.443289932012703503e-15 9.891090000000000146e+03 6.941901756723445338e-01 9.889000000000000000e+03 9.893000000000000000e+03
6.115909044841463110e-02 9.899999999999985478e-01 1.443289932012703503e-15 9.890920000000000073e+03 5.946427498927402411e-01 9.889000000000000000e+03 9.892000000000000000e+03
6.727499949325610462e-02 9.899999999999985478e-01 1.443289932012703503e-15 9.890979999999999563e+03 7.068238818828924686e-01 9.889000000000000000e+03 9.893000000000000000e+03
7.400249944258172063e-02 9.899999999999985478e-01 1.443289932012703503e-15 9.891100000000000364e+03 7.937253933193787470e-01 9.889000000000000000e+03 9.893000000000000000e+03
8.140274938683990380e-02 9.899999999999985478e-01 1.443289932012703503e-15 9.891020000000000437e+03 7.068238818828920245e-01 9.889000000000000000e+03 9.893000000000000000e+03
8.954302432552389834e-02 9.899999999999985478e-01 1.443289932012703503e-15 9.890950000000000728e+03 7.533259586659678542e-01 9.889000000000000000e+03 9.893000000000000000e+03
9.849732675807629234e-02 9.899999999999985478e-01 1.443289932012703503e-15 9.891090000000000146e+03 7.495998932764069700e-01 9.889000000000000000e+03 9.893000000000000000e+03
1.083470594338839244e-01 9.899999999999985478e-01 1.443289932012703503e-15 9.890950000000000728e+03 8.170067319184093346e-01 9.889000000000000000e+03 9.893000000000000000e+03
1.191817653772723196e-01 9.899999999999985478e-01 1.443289932012703503e-15 9.890950000000000728e+03 9.733961166965889866e-01 9.889000000000000000e+03 9.893000000000000000e+03
1.310999419149995737e-01 9.899999999999985478e-01 1.443289932012703503e-15 9.890850000000000364e+03 9.733961166965902079e-01 9.888000000000000000e+03 9.893000000000000000e+03
1.442099361064995422e-01 9.899999999999985478e-01 1.443289932012703503e-15 9.890979999999999563e+03 1.039038016628842431e+00 9.888000000000000000e+03 9.893000000000000000e+03
1.586309297171495103e-01 9.899999999999985478e-01 1.443289932012703503e-15 9.890909999999999854e+03 1.123343224486621938e+00 9.888000000000000000e+03 9.893000000000000000e+03
1.744940226888644641e-01 9.899999999999985478e-01 1.443289932012703503e-15 9.890790000000000873e+03 1.168717245530329407e+00 9.888000000000000000e+03 9.894000000000000000e+03
1.919434249577509355e-01 9.899999999999985478e-01 1.443289932012703503e-15 9.890840000000000146e+03 1.354400236266960045e+00 9.887000000000000000e+03 9.895000000000000000e+03
2.111377674535260540e-01 9.899999999999985478e-01 1.443289932012703503e-15 9.891159999999999854e+03 1.172348071180227658e+00 9.888000000000000000e+03 9.893000000000000000e+03
2.322515441988786677e-01 9.899999999999985478e-01 1.443289932012703503e-15 9.891180000000000291e+03 1.227843638253667047e+00 9.888000000000000000e+03 9.894000000000000000e+03
2.554766986187665401e-01 9.899999999999985478e-01 1.443289932012703503e-15 9.891010000000000218e+03 1.260912368089075031e+00 9.887000000000000000e+03 9.894000000000000000e+03
2.810243684806432163e-01 9.899999999999985478e-01 1.443289932012703503e-15 9.890950000000000728e+03 1.373863166403410441e+00 9.886000000000000000e+03 9.893000000000000000e+03
3.091268053287075657e-01 9.899999999999985478e-01 1.443289932012703503e-15 9.891200000000000728e+03 1.462873883832781052e+00 9.887000000000000000e+03 9.894000000000000000e+03
3.400394858615783389e-01 9.899999999999985478e-01 1.443289932012703503e-15 9.890639999999999418e+03 1.676424767175669572e+00 9.886000000000000000e+03 9.894000000000000000e+03
3.740434344477361894e-01 9.899999999999985478e-01 1.443289932012703503e-15 9.891129999999999200e+03 1.375899705647181781e+00 9.888000000000000000e+03 9.895000000000000000e+03
4.114477778925098583e-01 9.899999999999985478e-01 1.443289932012703503e-15 9.890780000000000655e+03 1.565758602083985318e+00 9.886000000000000000e+03 9.895000000000000000e+03
4.525925556817608775e-01 9.899999999999985478e-01 1.443289932012703503e-15 9.890829999999999927e+03 1.568789342136157394e+00 9.886000000000000000e+03 9.894000000000000000e+03
4.978518112499369930e-01 9.899999999999985478e-01 1.443289932012703503e-15 9.891229999999999563e+03 1.592827674294993612e+00 9.887000000000000000e+03 9.895000000000000000e+03
5.476369923749306867e-01 9.899999999999985478e-01 1.443289932012703503e-15 9.890899999999999636e+03 1.957038579078091312e+00 9.885000000000000000e+03 9.895000000000000000e+03
6.024006916124238220e-01 9.899999999999985478e-01 1.443289932012703503e-15 9.890930000000000291e+03 1.976132586644935296e+00 9.886000000000000000e+03 9.895000000000000000e+03
6.626407607736662930e-01 9.899999999999985478e-01 1.443289932012703503e-15 9.890809999999999491e+03 2.081802103947444582e+00 9.883000000000000000e+03 9.895000000000000000e+03
7.289048368510330222e-01 9.899999999999985478e-01 1.443289932012703503e-15 9.890739999999999782e+03 2.027905323233806456e+00 9.886000000000000000e+03 9.894000000000000000e+03
8.017953205361363356e-01 9.899999999999985478e-01 1.443289932012703503e-15 9.890909999999999854e+03 2.025314790347414462e+00 9.886000000000000000e+03 9.895000000000000000e+03
8.819748525897500580e-01 9.899999999999985478e-01 1.443289932012703503e-15 9.891129999999999200e+03 1.683181511305302136e+00 9.887000000000000000e+03 9.894000000000000000e+03
9.701723378487251415e-01 9.899999999999985478e-01 1.443289932012703503e-15 9.891120000000000800e+03 2.060485379710324860e+00 9.886000000000000000e+03 9.895000000000000000e+03
9.801723378487251503e-01 9.899999999999985478e-01 1.443289932012703503e-15 9.890719999999999345e+03 2.159073875530896913e+00 9.884000000000000000e+03 9.895000000000000000e+03
9.901723378487251592e-01 9.899999999999985478e-01 1.443289932012703503e-15 9.891260000000000218e+03 1.937111251322445105e+00 9.885000000000000000e+03 9.895000000000000000e+03
1.000172337848725057e+00 9.899999999999985478e-01 1.443289932012703503e-15 9.891350000000000364e+03 1.976739740077077423e+00 9.887000000000000000e+03 9.895000000000000000e+03
