1.000000000000000021e-02 9.899999999999985478e-01 1.443289932012703503e-15 5.470013999999999942e+04 4.252865584567658516e+03 4.551500000000000000e+04 6.683700000000000000e+04
1.100000000000000110e-02 9.899999999999985478e-01 1.443289932012703503e-15 5.326797000000000116e+04 3.722461189737241057e+03 4.511600000000000000e+04 6.398700000000000000e+04
1.210000000000000138e-02 9.899999999999985478e-01 1.443289932012703503e-15 5.269809999999999854e+04 3.761029828384773282e+03 4.624800000000000000e+04 6.280200000000000000e+04
1.331000000000000238e-02 9.899999999999985478e-01 1.443289932012703503e-15 5.174698000000000320e+04 3.343441074641512841e+03 4.348400000000000000e+04 6.053700000000000000e+04
1.464100000000000297e-02 9.899999999999985478e-01 1.443289932012703503e-15 5.138584999999999854e+04 3.329879380322955967e+03 4.327000000000000000e+04 5.954000000000000000e+04
1.610510000000000413e-02 9.899999999999985478e-01 1.443289932012703503e-15 4.967598000000000320e+04 3.460772676672076159e+03 4.071900000000000000e+04 5.845900000000000000e+04
1.771561000000000663e-02 9.899999999999985478e-01 1.443289932012703503e-15 4.962662999999999738e+04 4.048024729803412811e+03 4.217100000000000000e+04 5.891000000000000000e+04
1.948717100000000799e-02 9.899999999999985478e-01 1.443289932012703503e-15 4.801476000000000204e+04 3.299929745070340232e+03 3.871300000000000000e+04 5.525000000000000000e+04
2.143588810000001191e-02 9.899999999999985478e-01 1.443289932012703503e-15 4.741301000000000204e+04 3.248516786150257758e+03 4.034200000000000000e+04 5.868100000000000000e+04
2.357947691000001483e-02 9.899999999999985478e-01 1.443289932012703503e-15 4.701015000000000146e+04 3.142083704725257576e+03 3.889800000000000000e+04 5.410700000000000000e+04
2.593742460100001770e-02 9.899999999999985478e-01 1.443289932012703503e-15 4.530409999999999854e+04 3.381006475888503701e+03 3.771900000000000000e+04 5.374500000000000000e+04
2.853116706110002052e-02 9.899999999999985478e-01 1.443289932012703503e-15 4.527280000000000291e+04 2.737863685430667829e+03 3.830900000000000000e+04 5.156900000000000000e+04
3.138428376721002361e-02 9.899999999999985478e-01 1.443289932012703503e-15 4.431798000000000320e+04 3.420224811266066354e+03 3.657200000000000000e+04 5.581500000000000000e+04
3.452271214393103083e-02 9.899999999999985478e-01 1.443289932012703503e-15 4.341991000000000349e+04 2.702636572293803965e+03 3.677600000000000000e+04 5.240400000000000000e+04
3.797498335832413807e-02 9.899999999999985478e-01 1.443289932012703503e-15 4.250734999999999854e+04 2.974937556907706949e+03 3.574800000000000000e+04 5.084800000000000000e+04
4.177248169415655188e-02 9.899999999999985478e-01 1.443289932012703503e-15 4.137726999999999680e+04 2.593040589173258923e+03 3.593500000000000000e+04 4.906400000000000000e+04
4.594972986357220845e-02 9.899999999999985478e-01 1.443289932012703503e-15 4.129451000000000204e+04 2.733821718748316016e+03 3.553900000000000000e+04 4.979800000000000000e+04
5.054470284992943624e-02 9.899999999999985478e-01 1.443289932012703503e-15 4.032944999999999709e+04 2.955312807047673687e+03 3.446800000000000000e+04 4.955700000000000000e+04
5.559917313492238750e-02 9.899999999999985478e-01 1.443289932012703503e-15 3.950159999999999854e+04 2.935682465799051442e+03 3.384300000000000000e+04 4.837900000000000000e+04
6.115909044841463110e-02 9.899999999999985478e-01 1.443289932012703503e-15 3.893355000000000291e+04 2.561675722549596685e+03 3.387600000000000000e+04 4.667600000000000000e+04
6.727499949325610462e-02 9.899999999999985478e-01 1.443289932012703503e-15 3.797533000000000175e+04 2.526300944285933838e+03 3.278900000000000000e+04 4.714900000000000000e+04
7.400249944258172063e-02 9.899999999999985478e-01 1.443289932012703503e-15 3.759512000000000262e+04 2.774772106966624960e+03 3.149500000000000000e+04 4.693800000000000000e+04
8.140274938683990380e-02 9.899999999999985478e-01 1.443289932012703503e-15 3.721527999999999884e+04 2.486508411729186264e+03 3.258200000000000000e+04 4.485400000000000000e+04
8.954302432552389834e-02 9.899999999999985478e-01 1.443289932012703503e-15 3.602141999999999825e+04 2.390163618583464540e+03 3.213500000000000000e+04 4.380400000000000000e+04
9.849732675807629234e-02 9.899999999999985478e-01 1.443289932012703503e-15 3.563876999999999680e+04 2.519080843700733567e+03 3.079800000000000000e+04 4.455400000000000000e+04
1.083470594338839244e-01 9.899999999999985478e-01 1.443289932012703503e-15 3.538326999999999680e+04 2.515678126688706016e+03 3.021900000000000000e+04 4.133600000000000000e+04
1.191817653772723196e-01 9.899999999999985478e-01 1.443289932012703503e-15 3.456406999999999971e+04 2.540295700327031682e+03 3.004900000000000000e+04 4.494600000000000000e+04
1.310999419149995737e-01 9.899999999999985478e-01 1.443289932012703503e-15 3.380048999999999796e+04 2.284738149088424507e+03 3.004500000000000000e+04 3.934300000000000000e+04
1.442099361064995422e-01 9.899999999999985478e-01 1.443289932012703503e-15 3.301094999999999709e+04 1.854527273323312784e+03 2.822000000000000000e+04 3.953100000000000000e+04
1.586309297171495103e-01 9.899999999999985478e-01 1.443289932012703503e-15 3.245861000000000058e+04 2.238090846659268209e+03 2.837600000000000000e+04 4.347300000000000000e+04
1.744940226888644641e-01 9.899999999999985478e-01 1.443289932012703503e-15 3.229886999999999898e+04 2.566532858371387192e+03 2.760000000000000000e+04 3.931900000000000000e+04
1.919434249577509355e-01 9.899999999999985478e-01 1.443289932012703503e-15 3.145997999999999956e+04 1.837584909493980149e+03 2.765600000000000000e+04 3.974700000000000000e+04
2.111377674535260540e-01 9.899999999999985478e-01 1.443289932012703503e-15 3.175122000000000116e+04 2.651168189987198730e+03 2.727000000000000000e+04 4.203800000000000000e+04
2.322515441988786677e-01 9.899999999999985478e-01 1.443289932012703503e-15 3.065958000000000175e+04 2.191307706279517788e+03 2.694900000000000000e+04 3.659200000000000000e+04
2.554766986187665401e-01 9.899999999999985478e-01 1.443289932012703503e-15 3.053129000000000087e+04 2.294244116457531618e+03 2.621400000000000000e+04 3.828600000000000000e+04
2.810243684806432163e-01 9.899999999999985478e-01 1.443289932012703503e-15 2.952420999999999913e+04 1.676231208962534538e+03 2.510400000000000000e+04 3.401500000000000000e+04
3.091268053287075657e-01 9.899999999999985478e-01 1.443289932012703503e-15 2.928702000000000044e+04 1.947052572377027673e+03 2.618300000000000000e+04 3.862900000000000000e+04
3.400394858615783389e-01 9.899999999999985478e-01 1.443289932012703503e-15 2.920222000000000116e+04 1.995390666410965878e+03 2.574700000000000000e+04 3.506000000000000000e+04
3.740434344477361894e-01 9.899999999999985478e-01 1.443289932012703503e-15 2.886297999999999956e+04 1.749073989172556367e+03 2.550000000000000000e+04 3.447800000000000000e+04
4.114477778925098583e-01 9.899999999999985478e-01 1.443289932012703503e-15 2.838540999999999985e+04 1.940371506155457837e+03 2.490900000000000000e+04 3.485300000000000000e+04
4.525925556817608775e-01 9.899999999999985478e-01 1.443289932012703503e-15 2.796718999999999869e+04 1.711314399489468315e+03 2.489000000000000000e+04 3.433800000000000000e+04
4.978518112499369930e-01 9.899999999999985478e-01 1.443289932012703503e-15 2.830106999999999971e+04 2.157655302660738016e+03 2.484300000000000000e+04 3.603800000000000000e+04
5.476369923749306867e-01 9.899999999999985478e-01 1.443289932012703503e-15 2.785122999999999956e+04 2.264142910043444772e+03 2.403600000000000000e+04 3.959400000000000000e+04
6.024006916124238220e-01 9.899999999999985478e-01 1.443289932012703503e-15 2.728956000000000131e+04 1.781989693123953202e+03 2.388100000000000000e+04 3.355900000000000000e+04
6.626407607736662930e-01 9.899999999999985478e-01 1.443289932012703503e-15 2.749031000000000131e+04 1.705471768719728743e+03 2.466000000000000000e+04 3.336700000000000000e+04
7.289048368510330222e-01 9.899999999999985478e-01 1.443289932012703503e-15 2.747854999999999927e+04 1.761871456009206440e+03 2.374900000000000000e+04 3.270200000000000000e+04
8.017953205361363356e-01 9.899999999999985478e-01 1.443289932012703503e-15 2.705102000000000044e+04 1.738652443589575114e+03 2.391600000000000000e+04 3.395600000000000000e+04
8.819748525897500580e-01 9.899999999999985478e-01 1.443289932012703503e-15 2.750529000000000087e+04 2.522825746241702291e+03 2.386900000000000000e+04 3.911100000000000000e+04
9.701723378487251415e-01 9.899999999999985478e-01 1.443289932012703503e-15 2.712815999999999985e+04 1.911713685257287580e+03 2.390400000000000000e+04 3.357200000000000000e+04
9.801723378487251503e-01 9.899999999999985478e-01 1.443289932012703503e-15 2.721649000000000160e+04 1.867907757331715629e+03 2.353900000000000000e+04 3.194200000000000000e+04
9.901723378487251592e-01 9.899999999999985478e-01 1.443289932012703503e-15 2.750597999999999956e+04 2.305912617511773533e+03 2.331900000000000000e+04 3.727000000000000000e+04
1.000172337848725057e+00 9.899999999999985478e-01 1.443289932012703503e-15 2.688479000000000087e+04 1.798741350472602107e+03 2.425400000000000000e+04 3.459100000000000000e+04
