1.000000000000000021e-02 9.899999999999985478e-01 1.443289932012703503e-15 7.513760000000000582e+04 3.787346385003620526e+03 6.451600000000000000e+04 8.514600000000000000e+04
1.100000000000000110e-02 9.899999999999985478e-01 1.443289932012703503e-15 7.354553999999999360e+04 4.032928220090210743e+03 6.298700000000000000e+04 8.342100000000000000e+04
1.210000000000000138e-02 9.899999999999985478e-01 1.443289932012703503e-15 7.335372000000000116e+04 3.942701297537006667e+03 6.376900000000000000e+04 8.166000000000000000e+04
1.331000000000000238e-02 9.899999999999985478e-01 1.443289932012703503e-15 7.261055999999999767e+04 3.520228999141959321e+03 6.358100000000000000e+04 8.095300000000000000e+04
1.464100000000000297e-02 9.899999999999985478e-01 1.443289932012703503e-15 7.131744000000000233e+04 3.226329010872884282e+03 6.395000000000000000e+04 8.042400000000000000e+04
1.610510000000000413e-02 9.899999999999985478e-01 1.443289932012703503e-15 7.073561000000000058e+04 3.587246919003485345e+03 6.205500000000000000e+04 7.890100000000000000e+04
1.771561000000000663e-02 9.899999999999985478e-01 1.443289932012703503e-15 6.978411000000000058e+04 3.444666044466428957e+03 6.170300000000000000e+04 7.799500000000000000e+04
1.948717100000000799e-02 9.899999999999985478e-01 1.443289932012703503e-15 6.936325000000000000e+04 3.629575808204038367e+03 5.985900000000000000e+04 8.010300000000000000e+04
2.143588810000001191e-02 9.899999999999985478e-01 1.443289932012703503e-15 6.820097999999999593e+04 3.254029913753098754e+03 6.091100000000000000e+04 7.646300000000000000e+04
2.357947691000001483e-02 9.899999999999985478e-01 1.443289932012703503e-15 6.714647999999999593e+04 3.584234993635322553e+03 6.026200000000000000e+04 7.863600000000000000e+04
2.593742460100001770e-02 9.899999999999985478e-01 1.443289932012703503e-15 6.669297000000000116e+04 3.040690702636491096e+03 5.911200000000000000e+04 7.520300000000000000e+04
2.853116706110002052e-02 9.899999999999985478e-01 1.443289932012703503e-15 6.604316000000000349e+04 3.242717236269607383e+03 5.990600000000000000e+04 7.407700000000000000e+04
3.138428376721002361e-02 9.899999999999985478e-01 1.443289932012703503e-15 6.481327999999999884e+04 3.133308312566767199e+03 5.804800000000000000e+04 7.193400000000000000e+04
3.452271214393103083e-02 9.899999999999985478e-01 1.443289932012703503e-15 6.381097000000000116e+04 3.428572278529359210e+03 5.772100000000000000e+04 7.340600000000000000e+04
3.797498335832413807e-02 9.899999999999985478e-01 1.443289932012703503e-15 6.285861000000000058e+04 3.279984283178808710e+03 5.639600000000000000e+04 7.409900000000000000e+04
4.177248169415655188e-02 9.899999999999985478e-01 1.443289932012703503e-15 6.146283000000000175e+04 2.739722894947589339e+03 5.574800000000000000e+04 6.766600000000000000e+04
4.594972986357220845e-02 9.899999999999985478e-01 1.443289932012703503e-15 6.130844999999999709e+04 3.132508076206667738e+03 5.489200000000000000e+04 7.335200000000000000e+04
5.054470284992943624e-02 9.899999999999985478e-01 1.443289932012703503e-15 6.074066999999999825e+04 3.120780937698126763e+03 5.489500000000000000e+04 7.209100000000000000e+04
5.559917313492238750e-02 9.899999999999985478e-01 1.443289932012703503e-15 5.986302999999999884e+04 2.873468877350161620e+03 5.494500000000000000e+04 6.927800000000000000e+04
6.115909044841463110e-02 9.899999999999985478e-01 1.443289932012703503e-15 5.876366999999999825e+04 2.933848097823061835e+03 5.299400000000000000e+04 6.694900000000000000e+04
6.727499949325610462e-02 9.899999999999985478e-01 1.443289932012703503e-15 5.882211000000000058e+04 2.969164040247692355e+03 5.276300000000000000e+04 6.915900000000000000e+04
7.400249944258172063e-02 9.899999999999985478e-01 1.443289932012703503e-15 5.764076000000000204e+04 2.583053828784835332e+03 5.161500000000000000e+04 6.313600000000000000e+04
8.140274938683990380e-02 9.899999999999985478e-01 1.443289932012703503e-15 5.669280000000000291e+04 2.563852686875749441e+03 5.051800000000000000e+04 6.390900000000000000e+04
8.954302432552389834e-02 9.899999999999985478e-01 1.443289932012703503e-15 5.513494999999999709e+04 2.400814871559237417e+03 5.020800000000000000e+04 6.152800000000000000e+04
9.849732675807629234e-02 9.899999999999985478e-01 1.443289932012703503e-15 5.509223999999999796e+04 2.842948673894763942e+03 4.991300000000000000e+04 6.421900000000000000e+04
1.083470594338839244e-01 9.899999999999985478e-01 1.443289932012703503e-15 5.456406999999999971e+04 2.482687295069598804e+03 4.896500000000000000e+04 6.232200000000000000e+04
1.191817653772723196e-01 9.899999999999985478e-01 1.443289932012703503e-15 5.350476999999999680e+04 2.345416307843875984e+03 4.889400000000000000e+04 6.055600000000000000e+04
1.310999419149995737e-01 9.899999999999985478e-01 1.443289932012703503e-15 5.278023999999999796e+04 2.574658502093044717e+03 4.697900000000000000e+04 6.306500000000000000e+04
1.442099361064995422e-01 9.899999999999985478e-01 1.443289932012703503e-15 5.189787999999999738e+04 2.590768929410725832e+03 4.687000000000000000e+04 6.073400000000000000e+04
1.586309297171495103e-01 9.899999999999985478e-01 1.443289932012703503e-15 5.141076000000000204e+04 2.152940092617534901e+03 4.701300000000000000e+04 5.674200000000000000e+04
1.744940226888644641e-01 9.899999999999985478e-01 1.443289932012703503e-15 5.047279000000000087e+04 2.194827283842626002e+03 4.696300000000000000e+04 5.572100000000000000e+04
1.919434249577509355e-01 9.899999999999985478e-01 1.443289932012703503e-15 5.020227999999999884e+04 2.028887020412915717e+03 4.579200000000000000e+04 5.618400000000000000e+04
2.111377674535260540e-01 9.899999999999985478e-01 1.443289932012703503e-15 4.951715000000000146e+04 2.446822026118777558e+03 4.478200000000000000e+04 5.891600000000000000e+04
2.322515441988786677e-01 9.899999999999985478e-01 1.443289932012703503e-15 4.877473999999999796e+04 2.470611724330636207e+03 4.446900000000000000e+04 5.682300000000000000e+04
2.554766986187665401e-01 9.899999999999985478e-01 1.443289932012703503e-15 4.799206999999999971e+04 2.016458589978976079e+03 4.390200000000000000e+04 5.721900000000000000e+04
2.810243684806432163e-01 9.899999999999985478e-01 1.443289932012703503e-15 4.750155999999999767e+04 2.099695588984270216e+03 4.298800000000000000e+04 5.438400000000000000e+04
3.091268053287075657e-01 9.899999999999985478e-01 1.443289932012703503e-15 4.684415000000000146e+04 2.041825449812005900e+03 4.219000000000000000e+04 5.357200000000000000e+04
3.400394858615783389e-01 9.899999999999985478e-01 1.443289932012703503e-15 4.661759999999999854e+04 2.174393037148528492e+03 4.299400000000000000e+04 5.566100000000000000e+04
3.740434344477361894e-01 9.899999999999985478e-01 1.443289932012703503e-15 4.602369999999999709e+04 2.319557856575257119e+03 4.260200000000000000e+04 5.578000000000000000e+04
4.114477778925098583e-01 9.899999999999985478e-01 1.443289932012703503e-15 4.574622000000000116e+04 2.177903581796034814e+03 4.174200000000000000e+04 5.331900000000000000e+04
4.525925556817608775e-01 9.899999999999985478e-01 1.443289932012703503e-15 4.534262000000000262e+04 2.456535457834875615e+03 4.149300000000000000e+04 5.629700000000000000e+04
4.978518112499369930e-01 9.899999999999985478e-01 1.443289932012703503e-15 4.477944999999999709e+04 1.710930912544396506e+03 4.136800000000000000e+04 5.097800000000000000e+04
5.476369923749306867e-01 9.899999999999985478e-01 1.443289932012703503e-15 4.434355999999999767e+04 1.998958305318047223e+03 4.002500000000000000e+04 5.074400000000000000e+04
6.024006916124238220e-01 9.899999999999985478e-01 1.443289932012703503e-15 4.391687000000000262e+04 1.965124218236598153e+03 4.109200000000000000e+04 5.128700000000000000e+04
6.626407607736662930e-01 9.899999999999985478e-01 1.443289932012703503e-15 4.431518000000000029e+04 2.144210672392057859e+03 4.057000000000000000e+04 5.318600000000000000e+04
7.289048368510330222e-01 9.899999999999985478e-01 1.443289932012703503e-15 4.412148000000000320e+04 2.304467866905502433e+03 4.049900000000000000e+04 5.383800000000000000e+04
8.017953205361363356e-01 9.899999999999985478e-01 1.443289932012703503e-15 4.442905999999999767e+04 2.048982800415855309e+03 3.992100000000000000e+04 5.118500000000000000e+04
8.819748525897500580e-01 9.899999999999985478e-01 1.443289932012703503e-15 4.408794000000000233e+04 2.281567938151305498e+03 4.084500000000000000e+04 5.413400000000000000e+04
9.701723378487251415e-01 9.899999999999985478e-01 1.443289932012703503e-15 4.385061000000000058e+04 1.663316457532961522e+03 3.966000000000000000e+04 4.804000000000000000e+04
9.801723378487251503e-01 9.899999999999985478e-01 1.443289932012703503e-15 4.364486000000000058e+04 1.973620890748778038e+03 3.895300000000000000e+04 5.140400000000000000e+04
9.901723378487251592e-01 9.899999999999985478e-01 1.443289932012703503e-15 4.397519999999999709e+04 2.107203986328803694e+03 4.005800000000000000e+04 5.242900000000000000e+04
1.000172337848725057e+00 9.899999999999985478e-01 1.443289932012703503e-15 4.384915000000000146e+04 2.112675930544010498e+03 3.925500000000000000e+04 5.220400000000000000e+04
