1.000000000000000021e-02 9.899999999999985478e-01 1.443289932012703503e-15 5.473076999999999680e+04 3.265004360961865586e+03 4.633300000000000000e+04 6.278000000000000000e+04
1.100000000000000110e-02 9.899999999999985478e-01 1.443289932012703503e-15 5.421116999999999825e+04 3.792561369457322144e+03 4.623300000000000000e+04 6.601700000000000000e+04
1.210000000000000138e-02 9.899999999999985478e-01 1.443289932012703503e-15 5.424604000000000087e+04 3.552713182681653507e+03 4.590600000000000000e+04 6.517600000000000000e+04
1.331000000000000238e-02 9.899999999999985478e-01 1.443289932012703503e-15 5.261198000000000320e+04 3.361986139114794696e+03 4.451100000000000000e+04 6.135800000000000000e+04
1.464100000000000297e-02 9.899999999999985478e-01 1.443289932012703503e-15 5.169148999999999796e+04 4.437309111375947396e+03 4.136800000000000000e+04 7.172400000000000000e+04
1.610510000000000413e-02 9.899999999999985478e-01 1.443289932012703503e-15 5.030369999999999709e+04 2.911388598246548099e+03 4.388400000000000000e+04 5.772300000000000000e+04
1.771561000000000663e-02 9.899999999999985478e-01 1.443289932012703503e-15 5.017472000000000116e+04 3.271389050785614018e+03 4.357600000000000000e+04 6.039300000000000000e+04
1.948717100000000799e-02 9.899999999999985478e-01 1.443289932012703503e-15 4.881463999999999942e+04 3.254885928938216693e+03 4.213800000000000000e+04 5.910600000000000000e+04
2.143588810000001191e-02 9.899999999999985478e-01 1.443289932012703503e-15 4.791655999999999767e+04 3.652171579540040966e+03 3.913100000000000000e+04 5.638800000000000000e+04
2.357947691000001483e-02 9.899999999999985478e-01 1.443289932012703503e-15 4.696594000000000233e+04 3.670164486286684678e+03 4.036700000000000000e+04 5.800400000000000000e+04
2.593742460100001770e-02 9.899999999999985478e-01 1.443289932012703503e-15 4.706808000000000175e+04 3.669729299771305705e+03 3.877300000000000000e+04 5.732900000000000000e+04
2.853116706110002052e-02 9.899999999999985478e-01 1.443289932012703503e-15 4.569325000000000000e+04 2.983640609641181072e+03 4.060900000000000000e+04 5.444700000000000000e+04
3.138428376721002361e-02 9.899999999999985478e-01 1.443289932012703503e-15 4.455733999999999651e+04 3.034064525418008088e+03 3.747600000000000000e+04 5.632300000000000000e+04
3.452271214393103083e-02 9.899999999999985478e-01 1.443289932012703503e-15 4.442665000000000146e+04 3.298857706464466901e+03 3.837800000000000000e+04 5.486500000000000000e+04
3.797498335832413807e-02 9.899999999999985478e-01 1.443289932012703503e-15 4.331076999999999680e+04 3.126062625268406009e+03 3.734700000000000000e+04 5.238700000000000000e+04
4.177248169415655188e-02 9.899999999999985478e-01 1.443289932012703503e-15 4.259477999999999884e+04 3.077340756497401344e+03 3.657200000000000000e+04 5.196300000000000000e+04
4.594972986357220845e-02 9.899999999999985478e-01 1.443289932012703503e-15 4.188708000000000175e+04 3.370611842618488026e+03 3.595800000000000000e+04 5.122200000000000000e+04
5.054470284992943624e-02 9.899999999999985478e-01 1.443289932012703503e-15 4.132223000000000320e+04 2.729782100662981975e+03 3.622900000000000000e+04 4.988100000000000000e+04
5.559917313492238750e-02 9.899999999999985478e-01 1.443289932012703503e-15 3.992505999999999767e+04 2.935551858918523521e+03 3.449700000000000000e+04 4.985800000000000000e+04
6.115909044841463110e-02 9.899999999999985478e-01 1.443289932012703503e-15 3.989840000000000146e+04 2.901554152518956926e+03 3.515300000000000000e+04 4.707600000000000000e+04
6.727499949325610462e-02 9.899999999999985478e-01 1.443289932012703503e-15 3.874918000000000029e+04 2.777077965704239432e+03 3.270700000000000000e+04 4.741600000000000000e+04
7.400249944258172063e-02 9.899999999999985478e-01 1.443289932012703503e-15 3.810629000000000087e+04 2.346382715138346612e+03 3.334800000000000000e+04 4.535400000000000000e+04
8.140274938683990380e-02 9.899999999999985478e-01 1.443289932012703503e-15 3.730086000000000058e+04 2.608214182232739859e+03 3.272200000000000000e+04 4.868000000000000000e+04
8.954302432552389834e-02 9.899999999999985478e-01 1.443289932012703503e-15 3.699156999999999971e+04 2.479685908557775292e+03 3.158300000000000000e+04 4.519300000000000000e+04
9.849732675807629234e-02 9.899999999999985478e-01 1.443289932012703503e-15 3.593166999999999825e+04 2.252541489318232379e+03 3.110500000000000000e+04 4.172600000000000000e+04
1.083470594338839244e-01 9.899999999999985478e-01 1.443289932012703503e-15 3.564279000000000087e+04 2.536451944330899096e+03 2.982400000000000000e+04 4.332300000000000000e+04
1.191817653772723196e-01 9.899999999999985478e-01 1.443289932012703503e-15 3.511526000000000204e+04 2.516801710981618271e+03 3.013800000000000000e+04 4.391200000000000000e+04
1.310999419149995737e-01 9.899999999999985478e-01 1.443289932012703503e-15 3.430026999999999680e+04 2.049590690137911224e+03 2.945600000000000000e+04 4.131400000000000000e+04
1.442099361064995422e-01 9.899999999999985478e-01 1.443289932012703503e-15 3.451611000000000058e+04 2.444820729194678279e+03 3.036600000000000000e+04 4.266700000000000000e+04
1.586309297171495103e-01 9.899999999999985478e-01 1.443289932012703503e-15 3.340462999999999738e+04 2.060107582894640927e+03 2.884200000000000000e+04 3.857600000000000000e+04
1.744940226888644641e-01 9.899999999999985478e-01 1.443289932012703503e-15 3.250993999999999869e+04 2.050336893390937348e+03 2.910400000000000000e+04 3.853500000000000000e+04
1.919434249577509355e-01 9.899999999999985478e-01 1.443289932012703503e-15 3.246054999999999927e+04 2.124011169344455084e+03 2.796500000000000000e+04 3.864000000000000000e+04
2.111377674535260540e-01 9.899999999999985478e-01 1.443289932012703503e-15 3.200109000000000015e+04 2.109256727356819283e+03 2.744400000000000000e+04 4.063300000000000000e+04
2.322515441988786677e-01 9.899999999999985478e-01 1.443289932012703503e-15 3.115933000000000175e+04 1.866744460578361668e+03 2.720400000000000000e+04 3.916900000000000000e+04
2.554766986187665401e-01 9.899999999999985478e-01 1.443289932012703503e-15 3.090483000000000175e+04 2.111520210914401559e+03 2.704900000000000000e+04 4.072700000000000000e+04
2.810243684806432163e-01 9.899999999999985478e-01 1.443289932012703503e-15 3.053995000000000073e+04 2.196437184965689084e+03 2.664200000000000000e+04 3.754800000000000000e+04
3.091268053287075657e-01 9.899999999999985478e-01 1.443289932012703503e-15 2.965147000000000116e+04 1.591621597333989257e+03 2.552400000000000000e+04 3.611300000000000000e+04
3.400394858615783389e-01 9.899999999999985478e-01 1.443289932012703503e-15 3.000734000000000015e+04 2.054268503482444430e+03 2.627100000000000000e+04 3.792700000000000000e+04
3.740434344477361894e-01 9.899999999999985478e-01 1.443289932012703503e-15 2.940313999999999942e+04 2.026560751717056291e+03 2.589200000000000000e+04 3.546700000000000000e+04
4.114477778925098583e-01 9.899999999999985478e-01 1.443289932012703503e-15 2.885229000000000087e+04 1.903919495645758616e+03 2.569300000000000000e+04 3.825500000000000000e+04
4.525925556817608775e-01 9.899999999999985478e-01 1.443289932012703503e-15 2.881216999999999825e+04 2.120918678568322321e+03 2.568500000000000000e+04 3.593900000000000000e+04
4.978518112499369930e-01 9.899999999999985478e-01 1.443289932012703503e-15 2.869240000000000146e+04 1.854954134203862168e+03 2.569700000000000000e+04 3.572000000000000000e+04
5.476369923749306867e-01 9.899999999999985478e-01 1.443289932012703503e-15 2.880927000000000044e+04 2.195240027217980241e+03 2.542600000000000000e+04 3.680000000000000000e+04
6.024006916124238220e-01 9.899999999999985478e-01 1.443289932012703503e-15 2.835754999999999927e+04 1.773210948392773844e+03 2.480100000000000000e+04 3.298700000000000000e+04
6.626407607736662930e-01 9.899999999999985478e-01 1.443289932012703503e-15 2.797300999999999840e+04 2.084988779322325172e+03 2.522100000000000000e+04 3.699800000000000000e+04
7.289048368510330222e-01 9.899999999999985478e-01 1.443289932012703503e-15 2.818908000000000175e+04 2.091196039016907434e+03 2.489200000000000000e+04 3.785000000000000000e+04
8.017953205361363356e-01 9.899999999999985478e-01 1.443289932012703503e-15 2.833547000000000116e+04 2.752334963099514880e+03 2.468500000000000000e+04 4.210300000000000000e+04
8.819748525897500580e-01 9.899999999999985478e-01 1.443289932012703503e-15 2.770768999999999869e+04 1.800852263207617398e+03 2.427400000000000000e+04 3.391500000000000000e+04
9.701723378487251415e-01 9.899999999999985478e-01 1.443289932012703503e-15 2.817316999999999825e+04 1.953718577763952226e+03 2.449100000000000000e+04 3.328700000000000000e+04
9.801723378487251503e-01 9.899999999999985478e-01 1.443289932012703503e-15 2.793938000000000102e+04 1.843337938523481171e+03 2.505200000000000000e+04 3.338500000000000000e+04
9.901723378487251592e-01 9.899999999999985478e-01 1.443289932012703503e-15 2.776684999999999854e+04 1.543159780288483489e+03 2.438600000000000000e+04 3.277800000000000000e+04
1.000172337848725057e+00 9.899999999999985478e-01 1.443289932012703503e-15 2.779743999999999869e+04 1.596344638979941692e+03 2.426200000000000000e+04 3.570700000000000000e+04
