1.000000000000000021e-02 9.899999999999985478e-01 1.443289932012703503e-15 5.277194999999999709e+04 3.860457598199985568e+03 4.423200000000000000e+04 6.214200000000000000e+04
1.100000000000000110e-02 9.899999999999985478e-01 1.443289932012703503e-15 5.171791999999999825e+04 3.807413407235941577e+03 4.322000000000000000e+04 6.270500000000000000e+04
1.210000000000000138e-02 9.899999999999985478e-01 1.443289932012703503e-15 5.064923999999999796e+04 3.870314785957337790e+03 4.189600000000000000e+04 6.088500000000000000e+04
1.331000000000000238e-02 9.899999999999985478e-01 1.443289932012703503e-15 5.022325000000000000e+04 3.324742418218289913e+03 4.393900000000000000e+04 5.765100000000000000e+04
1.464100000000000297e-02 9.899999999999985478e-01 1.443289932012703503e-15 4.928097000000000116e+04 2.964406933789624418e+03 4.147800000000000000e+04 5.647500000000000000e+04
1.610510000000000413e-02 9.899999999999985478e-01 1.443289932012703503e-15 4.834502999999999884e+04 3.577125783237151154e+03 3.942400000000000000e+04 5.712100000000000000e+04
1.771561000000000663e-02 9.899999999999985478e-01 1.443289932012703503e-15 4.795326999999999680e+04 3.675060004557748925e+03 4.007200000000000000e+04 5.872700000000000000e+04
1.948717100000000799e-02 9.899999999999985478e-01 1.443289932012703503e-15 4.604019000000000233e+04 3.799895276701714465e+03 3.863400000000000000e+04 5.572400000000000000e+04
2.143588810000001191e-02 9.899999999999985478e-01 1.443289932012703503e-15 4.564226999999999680e+04 3.246544818279889569e+03 3.764600000000000000e+04 5.494600000000000000e+04
2.357947691000001483e-02 9.899999999999985478e-01 1.443289932012703503e-15 4.415130000000000291e+04 3.027557162135836279e+03 3.663500000000000000e+04 5.210400000000000000e+04
2.593742460100001770e-02 9.899999999999985478e-01 1.443289932012703503e-15 4.382595999999999913e+04 2.961990131381265201e+03 3.795000000000000000e+04 5.056600000000000000e+04
2.853116706110002052e-02 9.899999999999985478e-01 1.443289932012703503e-15 4.346801000000000204e+04 3.183856292281421702e+03 3.733400000000000000e+04 5.091100000000000000e+04
3.138428376721002361e-02 9.899999999999985478e-01 1.443289932012703503e-15 4.243209999999999854e+04 2.738898367957453047e+03 3.523000000000000000e+04 4.889700000000000000e+04
3.452271214393103083e-02 9.899999999999985478e-01 1.443289932012703503e-15 4.190231999999999971e+04 3.005326797138706752e+03 3.626900000000000000e+04 5.087100000000000000e+04
3.797498335832413807e-02 9.899999999999985478e-01 1.443289932012703503e-15 4.063948000000000320e+04 2.957170253739206146e+03 3.319900000000000000e+04 4.730400000000000000e+04
4.177248169415655188e-02 9.899999999999985478e-01 1.443289932012703503e-15 3.991820999999999913e+04 2.732173762025394353e+03 3.492000000000000000e+04 4.760000000000000000e+04
4.594972986357220845e-02 9.899999999999985478e-01 1.443289932012703503e-15 3.988873999999999796e+04 2.955021805740186664e+03 3.408100000000000000e+04 4.907500000000000000e+04
5.054470284992943624e-02 9.899999999999985478e-01 1.443289932012703503e-15 3.865576000000000204e+04 2.781030679873920235e+03 3.314000000000000000e+04 4.549700000000000000e+04
5.559917313492238750e-02 9.899999999999985478e-01 1.443289932012703503e-15 3.822263999999999942e+04 2.666186094480278825e+03 3.230400000000000000e+04 4.546700000000000000e+04
6.115909044841463110e-02 9.899999999999985478e-01 1.443289932012703503e-15 3.690073999999999796e+04 2.659157180837567012e+03 3.033900000000000000e+04 4.514800000000000000e+04
6.727499949325610462e-02 9.899999999999985478e-01 1.443289932012703503e-15 3.605998000000000320e+04 2.543557481088249006e+03 3.075600000000000000e+04 4.338100000000000000e+04
7.400249944258172063e-02 9.899999999999985478e-01 1.443289932012703503e-15 3.569369000000000233e+04 2.348560310892611142e+03 3.053300000000000000e+04 4.187400000000000000e+04
8.140274938683990380e-02 9.899999999999985478e-01 1.443289932012703503e-15 3.525569999999999709e+04 2.332506190774206516e+03 3.114900000000000000e+04 4.129600000000000000e+04
8.954302432552389834e-02 9.899999999999985478e-01 1.443289932012703503e-15 3.499855999999999767e+04 2.411296358061364572e+03 3.004600000000000000e+04 4.227800000000000000e+04
9.849732675807629234e-02 9.899999999999985478e-01 1.443289932012703503e-15 3.425593000000000029e+04 2.443958895951402610e+03 2.924900000000000000e+04 4.135000000000000000e+04
1.083470594338839244e-01 9.899999999999985478e-01 1.443289932012703503e-15 3.346312000000000262e+04 2.279132261541660228e+03 2.863900000000000000e+04 4.086500000000000000e+04
1.191817653772723196e-01 9.899999999999985478e-01 1.443289932012703503e-15 3.305713999999999942e+04 2.459200569372087557e+03 2.839800000000000000e+04 4.389600000000000000e+04
1.310999419149995737e-01 9.899999999999985478e-01 1.443289932012703503e-15 3.221047000000000116e+04 2.478490772446005849e+03 2.776300000000000000e+04 4.117500000000000000e+04
1.442099361064995422e-01 9.899999999999985478e-01 1.443289932012703503e-15 3.134286000000000058e+04 2.368146330022703751e+03 2.619500000000000000e+04 3.813300000000000000e+04
1.586309297171495103e-01 9.899999999999985478e-01 1.443289932012703503e-15 3.058624000000000160e+04 1.934677327721601841e+03 2.707500000000000000e+04 3.873800000000000000e+04
1.744940226888644641e-01 9.899999999999985478e-01 1.443289932012703503e-15 3.036561000000000058e+04 2.004325187662921053e+03 2.646100000000000000e+04 3.578500000000000000e+04
1.919434249577509355e-01 9.899999999999985478e-01 1.443289932012703503e-15 3.031365000000000146e+04 2.126482745638910728e+03 2.601400000000000000e+04 3.552600000000000000e+04
2.111377674535260540e-01 9.899999999999985478e-01 1.443289932012703503e-15 2.962874000000000160e+04 2.396745153828416278e+03 2.639400000000000000e+04 4.187200000000000000e+04
2.322515441988786677e-01 9.899999999999985478e-01 1.443289932012703503e-15 2.905325999999999840e+04 2.045336381234147893e+03 2.482400000000000000e+04 3.594800000000000000e+04
2.554766986187665401e-01 9.899999999999985478e-01 1.443289932012703503e-15 2.873288999999999942e+04 1.979988711558730301e+03 2.478400000000000000e+04 3.582000000000000000e+04
2.810243684806432163e-01 9.899999999999985478e-01 1.443289932012703503e-15 2.818384000000000015e+04 2.047920500019470865e+03 2.438800000000000000e+04 3.579500000000000000e+04
3.091268053287075657e-01 9.899999999999985478e-01 1.443289932012703503e-15 2.837674000000000160e+04 2.004301377637604446e+03 2.484100000000000000e+04 3.470900000000000000e+04
3.400394858615783389e-01 9.899999999999985478e-01 1.443289932012703503e-15 2.751775999999999840e+04 2.211911137998088634e+03 2.345400000000000000e+04 3.655900000000000000e+04
3.740434344477361894e-01 9.899999999999985478e-01 1.443289932012703503e-15 2.677250999999999840e+04 2.164281527412734704e+03 2.312100000000000000e+04 3.521500000000000000e+04
4.114477778925098583e-01 9.899999999999985478e-01 1.443289932012703503e-15 2.688715999999999985e+04 1.897001585239189808e+03 2.389900000000000000e+04 3.382200000000000000e+04
4.525925556817608775e-01 9.899999999999985478e-01 1.443289932012703503e-15 2.676375000000000000e+04 2.009462069186676672e+03 2.328000000000000000e+04 3.517900000000000000e+04
4.978518112499369930e-01 9.899999999999985478e-01 1.443289932012703503e-15 2.635147999999999956e+04 1.864039487135398986e+03 2.258900000000000000e+04 3.113300000000000000e+04
5.476369923749306867e-01 9.899999999999985478e-01 1.443289932012703503e-15 2.640691999999999825e+04 2.035273862063776505e+03 2.291900000000000000e+04 3.394500000000000000e+04
6.024006916124238220e-01 9.899999999999985478e-01 1.443289932012703503e-15 2.618402999999999884e+04 2.109947337992111443e+03 2.283400000000000000e+04 3.511700000000000000e+04
6.626407607736662930e-01 9.899999999999985478e-01 1.443289932012703503e-15 2.612554000000000087e+04 2.065275044249554867e+03 2.289000000000000000e+04 3.340700000000000000e+04
7.289048368510330222e-01 9.899999999999985478e-01 1.443289932012703503e-15 2.562672000000000116e+04 2.126198231962391219e+03 2.248800000000000000e+04 3.377600000000000000e+04
8.017953205361363356e-01 9.899999999999985478e-01 1.443289932012703503e-15 2.560541999999999825e+04 1.969121358271247118e+03 2.270500000000000000e+04 3.273300000000000000e+04
8.819748525897500580e-01 9.899999999999985478e-01 1.443289932012703503e-15 2.570225999999999840e+04 2.112126585316325418e+03 2.199600000000000000e+04 3.574400000000000000e+04
9.701723378487251415e-01 9.899999999999985478e-01 1.443289932012703503e-15 2.538143000000000029e+04 1.686242985189264118e+03 2.236200000000000000e+04 3.001300000000000000e+04
9.801723378487251503e-01 9.899999999999985478e-01 1.443289932012703503e-15 2.557809999999999854e+04 2.053812851746721208e+03 2.222700000000000000e+04 3.437000000000000000e+04
9.901723378487251592e-01 9.899999999999985478e-01 1.443289932012703503e-15 2.583061999999999898e+04 2.120071733597710136e+03 2.231700000000000000e+04 3.225100000000000000e+04
1.000172337848725057e+00 9.899999999999985478e-01 1.443289932012703503e-15 2.513104999999999927e+04 1.769560173461190743e+03 2.224900000000000000e+04 3.351300000000000000e+04
