1.000000000000000021e-02 9.899999999999985478e-01 1.443289932012703503e-15 4.341958000000000175e+04 3.014640964294090281e+03 3.597900000000000000e+04 5.057300000000000000e+04
1.100000000000000110e-02 9.899999999999985478e-01 1.443289932012703503e-15 4.223781999999999971e+04 2.466326326259361849e+03 3.618400000000000000e+04 4.941700000000000000e+04
1.210000000000000138e-02 9.899999999999985478e-01 1.443289932012703503e-15 4.154040000000000146e+04 2.701179745962863308e+03 3.492000000000000000e+04 4.719100000000000000e+04
1.331000000000000238e-02 9.899999999999985478e-01 1.443289932012703503e-15 4.070355999999999767e+04 2.724439257241753239e+03 3.448700000000000000e+04 5.013200000000000000e+04
1.464100000000000297e-02 9.899999999999985478e-01 1.443289932012703503e-15 4.041056999999999971e+04 2.170396135524573310e+03 3.459500000000000000e+04 4.618800000000000000e+04
1.610510000000000413e-02 9.899999999999985478e-01 1.443289932012703503e-15 3.902504000000000087e+04 2.652769933183049034e+03 3.207000000000000000e+04 4.765000000000000000e+04
1.771561000000000663e-02 9.899999999999985478e-01 1.443289932012703503e-15 3.780251999999999680e+04 2.395453061447875825e+03 3.313600000000000000e+04 4.385100000000000000e+04
1.948717100000000799e-02 9.899999999999985478e-01 1.443289932012703503e-15 3.721855000000000291e+04 2.178744929426113231e+03 3.139600000000000000e+04 4.312700000000000000e+04
2.143588810000001191e-02 9.899999999999985478e-01 1.443289932012703503e-15 3.662894999999999709e+04 2.185150486236588222e+03 3.021500000000000000e+04 4.160200000000000000e+04
2.357947691000001483e-02 9.899999999999985478e-01 1.443289932012703503e-15 3.571373999999999796e+04 2.014479916107380859e+03 3.017700000000000000e+04 4.239400000000000000e+04
2.593742460100001770e-02 9.899999999999985478e-01 1.443289932012703503e-15 3.460615000000000146e+04 2.278755477777288434e+03 2.934200000000000000e+04 4.142400000000000000e+04
2.853116706110002052e-02 9.899999999999985478e-01 1.443289932012703503e-15 3.427712999999999738e+04 2.068995353571389842e+03 3.002200000000000000e+04 4.130100000000000000e+04
3.138428376721002361e-02 9.899999999999985478e-01 1.443289932012703503e-15 3.340831999999999971e+04 2.183119670929653694e+03 2.914400000000000000e+04 4.067200000000000000e+04
3.452271214393103083e-02 9.899999999999985478e-01 1.443289932012703503e-15 3.302355000000000291e+04 1.920239684909151947e+03 2.934100000000000000e+04 3.790700000000000000e+04
3.797498335832413807e-02 9.899999999999985478e-01 1.443289932012703503e-15 3.167147999999999956e+04 1.874446123418862044e+03 2.747600000000000000e+04 3.775200000000000000e+04
4.177248169415655188e-02 9.899999999999985478e-01 1.443289932012703503e-15 3.094334999999999854e+04 1.850973497244085593e+03 2.749300000000000000e+04 3.588200000000000000e+04
4.594972986357220845e-02 9.899999999999985478e-01 1.443289932012703503e-15 3.061683000000000175e+04 1.864841307216246832e+03 2.657800000000000000e+04 3.781200000000000000e+04
5.054470284992943624e-02 9.899999999999985478e-01 1.443289932012703503e-15 2.948675000000000000e+04 1.731687381573244693e+03 2.506900000000000000e+04 3.378600000000000000e+04
5.559917313492238750e-02 9.899999999999985478e-01 1.443289932012703503e-15 2.907349000000000160e+04 1.631979794574675680e+03 2.518000000000000000e+04 3.395200000000000000e+04
6.115909044841463110e-02 9.899999999999985478e-01 1.443289932012703503e-15 2.831811999999999898e+04 1.772283150515176430e+03 2.480300000000000000e+04 3.485800000000000000e+04
6.727499949325610462e-02 9.899999999999985478e-01 1.443289932012703503e-15 2.767458000000000175e+04 1.518288886740596581e+03 2.464500000000000000e+04 3.116300000000000000e+04
7.400249944258172063e-02 9.899999999999985478e-01 1.443289932012703503e-15 2.706020000000000073e+04 1.478828340274826814e+03 2.416700000000000000e+04 3.156000000000000000e+04
8.140274938683990380e-02 9.899999999999985478e-01 1.443289932012703503e-15 2.628543000000000029e+04 1.415848002117458691e+03 2.373600000000000000e+04 3.056600000000000000e+04
8.954302432552389834e-02 9.899999999999985478e-01 1.443289932012703503e-15 2.573572999999999956e+04 1.406099938517884993e+03 2.194200000000000000e+04 2.998200000000000000e+04
9.849732675807629234e-02 9.899999999999985478e-01 1.443289932012703503e-15 2.517668000000000029e+04 1.412854705056397052e+03 2.185900000000000000e+04 3.028000000000000000e+04
1.083470594338839244e-01 9.899999999999985478e-01 1.443289932012703503e-15 2.475504000000000087e+04 1.387615349583594252e+03 2.220000000000000000e+04 2.917900000000000000e+04
1.191817653772723196e-01 9.899999999999985478e-01 1.443289932012703503e-15 2.399536999999999898e+04 1.225143458171327438e+03 2.151900000000000000e+04 2.757200000000000000e+04
1.310999419149995737e-01 9.899999999999985478e-01 1.443289932012703503e-15 2.354461999999999898e+04 9.736500580804174660e+02 2.152600000000000000e+04 2.568400000000000000e+04
1.442099361064995422e-01 9.899999999999985478e-01 1.443289932012703503e-15 2.312436000000000058e+04 1.111043001148020494e+03 2.101600000000000000e+04 2.645900000000000000e+04
1.586309297171495103e-01 9.899999999999985478e-01 1.443289932012703503e-15 2.265972999999999956e+04 1.188998274641304761e+03 2.007100000000000000e+04 2.568500000000000000e+04
1.744940226888644641e-01 9.899999999999985478e-01 1.443289932012703503e-15 2.209552000000000044e+04 9.123743253730893912e+02 2.043600000000000000e+04 2.451600000000000000e+04
1.919434249577509355e-01 9.899999999999985478e-01 1.443289932012703503e-15 2.159084999999999854e+04 1.033724038368074389e+03 1.941500000000000000e+04 2.417600000000000000e+04
2.111377674535260540e-01 9.899999999999985478e-01 1.443289932012703503e-15 2.109322999999999956e+04 1.009196580008077490e+03 1.903400000000000000e+04 2.449300000000000000e+04
2.322515441988786677e-01 9.899999999999985478e-01 1.443289932012703503e-15 2.073808000000000175e+04 9.584793756779534988e+02 1.805000000000000000e+04 2.375300000000000000e+04
2.554766986187665401e-01 9.899999999999985478e-01 1.443289932012703503e-15 2.033999000000000160e+04 8.251324196151791739e+02 1.857300000000000000e+04 2.247000000000000000e+04
2.810243684806432163e-01 9.899999999999985478e-01 1.443289932012703503e-15 1.993856999999999971e+04 8.937984141292712366e+02 1.803400000000000000e+04 2.253000000000000000e+04
3.091268053287075657e-01 9.899999999999985478e-01 1.443289932012703503e-15 1.968988999999999942e+04 8.309354956312793092e+02 1.810100000000000000e+04 2.330900000000000000e+04
3.400394858615783389e-01 9.899999999999985478e-01 1.443289932012703503e-15 1.922131999999999971e+04 6.927432118758003980e+02 1.774900000000000000e+04 2.093800000000000000e+04
3.740434344477361894e-01 9.899999999999985478e-01 1.443289932012703503e-15 1.885961999999999898e+04 6.211054947430427546e+02 1.761600000000000000e+04 2.085500000000000000e+04
4.114477778925098583e-01 9.899999999999985478e-01 1.443289932012703503e-15 1.876688000000000102e+04 7.735446371089387867e+02 1.758200000000000000e+04 2.177100000000000000e+04
4.525925556817608775e-01 9.899999999999985478e-01 1.443289932012703503e-15 1.828868999999999869e+04 7.040994914782996830e+02 1.668600000000000000e+04 2.054300000000000000e+04
4.978518112499369930e-01 9.899999999999985478e-01 1.443289932012703503e-15 1.812977999999999884e+04 6.974381919568213561e+02 1.665000000000000000e+04 2.002700000000000000e+04
5.476369923749306867e-01 9.899999999999985478e-01 1.443289932012703503e-15 1.797593999999999869e+04 7.217217444417204888e+02 1.651800000000000000e+04 1.998000000000000000e+04
6.024006916124238220e-01 9.899999999999985478e-01 1.443289932012703503e-15 1.787756999999999971e+04 5.711862262870141649e+02 1.675600000000000000e+04 1.983100000000000000e+04
6.626407607736662930e-01 9.899999999999985478e-01 1.443289932012703503e-15 1.770684999999999854e+04 6.762121763914045687e+02 1.607100000000000000e+04 1.959100000000000000e+04
7.289048368510330222e-01 9.899999999999985478e-01 1.443289932012703503e-15 1.777581000000000131e+04 6.981415142361896642e+02 1.662500000000000000e+04 1.983800000000000000e+04
8.017953205361363356e-01 9.899999999999985478e-01 1.443289932012703503e-15 1.758277000000000044e+04 6.574981955108316924e+02 1.649300000000000000e+04 2.005800000000000000e+04
8.819748525897500580e-01 9.899999999999985478e-01 1.443289932012703503e-15 1.747631000000000131e+04 7.471342676520735040e+02 1.632800000000000000e+04 2.065400000000000000e+04
9.701723378487251415e-01 9.899999999999985478e-01 1.443289932012703503e-15 1.754331999999999971e+04 5.914030246794484356e+02 1.628100000000000000e+04 1.912200000000000000e+04
9.801723378487251503e-01 9.899999999999985478e-01 1.443289932012703503e-15 1.761345000000000073e+04 6.961961702709949122e+02 1.635400000000000000e+04 1.994900000000000000e+04
9.901723378487251592e-01 9.899999999999985478e-01 1.443289932012703503e-15 1.747881999999999971e+04 7.076438140759797761e+02 1.586000000000000000e+04 1.954600000000000000e+04
1.000172337848725057e+00 9.899999999999985478e-01 1.443289932012703503e-15 1.756109999999999854e+04 6.345263193910870996e+02 1.576300000000000000e+04 1.940600000000000000e+04
