1.000000000000000021e-02 9.899999999999985478e-01 1.443289932012703503e-15 5.483090000000000146e+04 3.874996205159432520e+03 4.761400000000000000e+04 6.320700000000000000e+04
1.100000000000000110e-02 9.899999999999985478e-01 1.443289932012703503e-15 5.388572000000000116e+04 4.165811440956011211e+03 4.449300000000000000e+04 6.707300000000000000e+04
1.210000000000000138e-02 9.899999999999985478e-01 1.443289932012703503e-15 5.172479000000000087e+04 3.834832085750300394e+03 4.441300000000000000e+04 6.181500000000000000e+04
1.331000000000000238e-02 9.899999999999985478e-01 1.443289932012703503e-15 5.115711000000000058e+04 3.417528030302019033e+03 4.144100000000000000e+04 5.881400000000000000e+04
1.464100000000000297e-02 9.899999999999985478e-01 1.443289932012703503e-15 5.078394000000000233e+04 3.435674259355796949e+03 4.450100000000000000e+04 6.157300000000000000e+04
1.610510000000000413e-02 9.899999999999985478e-01 1.443289932012703503e-15 4.966491000000000349e+04 4.037193849928437430e+03 4.162600000000000000e+04 6.490200000000000000e+04
1.771561000000000663e-02 9.899999999999985478e-01 1.443289932012703503e-15 4.863084999999999854e+04 3.071840530935810420e+03 3.983100000000000000e+04 5.627200000000000000e+04
1.948717100000000799e-02 9.899999999999985478e-01 1.443289932012703503e-15 4.797529000000000087e+04 3.479450673008600461e+03 4.083800000000000000e+04 5.723400000000000000e+04
2.143588810000001191e-02 9.899999999999985478e-01 1.443289932012703503e-15 4.719676999999999680e+04 3.424946720330113294e+03 3.890400000000000000e+04 5.613500000000000000e+04
2.357947691000001483e-02 9.899999999999985478e-01 1.443289932012703503e-15 4.581919999999999709e+04 3.525638546419642353e+03 3.733300000000000000e+04 5.635300000000000000e+04
2.593742460100001770e-02 9.899999999999985478e-01 1.443289932012703503e-15 4.593372000000000116e+04 3.718629500447711962e+03 3.677500000000000000e+04 5.801700000000000000e+04
2.853116706110002052e-02 9.899999999999985478e-01 1.443289932012703503e-15 4.502656999999999971e+04 2.913008775321488429e+03 3.754300000000000000e+04 5.273800000000000000e+04
3.138428376721002361e-02 9.899999999999985478e-01 1.443289932012703503e-15 4.374865000000000146e+04 2.893031515123885129e+03 3.786200000000000000e+04 5.335500000000000000e+04
3.452271214393103083e-02 9.899999999999985478e-01 1.443289932012703503e-15 4.277479000000000087e+04 2.814551645626705977e+03 3.706400000000000000e+04 5.111300000000000000e+04
3.797498335832413807e-02 9.899999999999985478e-01 1.443289932012703503e-15 4.248733000000000175e+04 3.300766299073594382e+03 3.598700000000000000e+04 5.091500000000000000e+04
4.177248169415655188e-02 9.899999999999985478e-01 1.443289932012703503e-15 4.172745999999999913e+04 2.771316569502660968e+03 3.489800000000000000e+04 4.904800000000000000e+04
4.594972986357220845e-02 9.899999999999985478e-01 1.443289932012703503e-15 4.053541000000000349e+04 2.727966730350646685e+03 3.525900000000000000e+04 5.120100000000000000e+04
5.054470284992943624e-02 9.899999999999985478e-01 1.443289932012703503e-15 4.015559999999999854e+04 3.067558123328716647e+03 3.407000000000000000e+04 4.984100000000000000e+04
5.559917313492238750e-02 9.899999999999985478e-01 1.443289932012703503e-15 3.960061000000000058e+04 2.364638318622955921e+03 3.335200000000000000e+04 4.462500000000000000e+04
6.115909044841463110e-02 9.899999999999985478e-01 1.443289932012703503e-15 3.878756999999999971e+04 2.587881346797028073e+03 3.421600000000000000e+04 4.601700000000000000e+04
6.727499949325610462e-02 9.899999999999985478e-01 1.443289932012703503e-15 3.805337000000000262e+04 2.541299870755122811e+03 3.303000000000000000e+04 4.956300000000000000e+04
7.400249944258172063e-02 9.899999999999985478e-01 1.443289932012703503e-15 3.722084999999999854e+04 2.773210977819754589e+03 3.215700000000000000e+04 5.124100000000000000e+04
8.140274938683990380e-02 9.899999999999985478e-01 1.443289932012703503e-15 3.629343000000000029e+04 2.360327541910232867e+03 3.214700000000000000e+04 4.369800000000000000e+04
8.954302432552389834e-02 9.899999999999985478e-01 1.443289932012703503e-15 3.620927999999999884e+04 2.441908909357594894e+03 3.032200000000000000e+04 4.207500000000000000e+04
9.849732675807629234e-02 9.899999999999985478e-01 1.443289932012703503e-15 3.494844999999999709e+04 2.223532304127826137e+03 3.112800000000000000e+04 4.548300000000000000e+04
1.083470594338839244e-01 9.899999999999985478e-01 1.443289932012703503e-15 3.437654000000000087e+04 2.498125522947155787e+03 2.942000000000000000e+04 4.370300000000000000e+04
1.191817653772723196e-01 9.899999999999985478e-01 1.443289932012703503e-15 3.404944000000000233e+04 2.420458602496643380e+03 2.900100000000000000e+04 4.077600000000000000e+04
1.310999419149995737e-01 9.899999999999985478e-01 1.443289932012703503e-15 3.355101000000000204e+04 2.240840875631288327e+03 2.930200000000000000e+04 4.157600000000000000e+04
1.442099361064995422e-01 9.899999999999985478e-01 1.443289932012703503e-15 3.328033000000000175e+04 2.509016253654008779e+03 2.912800000000000000e+04 4.222200000000000000e+04
1.586309297171495103e-01 9.899999999999985478e-01 1.443289932012703503e-15 3.243900000000000000e+04 2.299069520479970379e+03 2.741400000000000000e+04 3.793500000000000000e+04
1.744940226888644641e-01 9.899999999999985478e-01 1.443289932012703503e-15 3.181029000000000087e+04 1.928652080054876478e+03 2.830700000000000000e+04 3.881000000000000000e+04
1.919434249577509355e-01 9.899999999999985478e-01 1.443289932012703503e-15 3.126245999999999913e+04 2.061102910676708234e+03 2.734700000000000000e+04 3.670200000000000000e+04
2.111377674535260540e-01 9.899999999999985478e-01 1.443289932012703503e-15 3.095322000000000116e+04 2.634805486482825472e+03 2.718200000000000000e+04 4.184300000000000000e+04
2.322515441988786677e-01 9.899999999999985478e-01 1.443289932012703503e-15 3.048172999999999956e+04 2.087172095707491280e+03 2.743200000000000000e+04 3.713800000000000000e+04
2.554766986187665401e-01 9.899999999999985478e-01 1.443289932012703503e-15 3.007120000000000073e+04 1.844514537757835342e+03 2.675200000000000000e+04 3.461900000000000000e+04
2.810243684806432163e-01 9.899999999999985478e-01 1.443289932012703503e-15 3.007666999999999825e+04 2.548775184495486428e+03 2.534200000000000000e+04 3.931900000000000000e+04
3.091268053287075657e-01 9.899999999999985478e-01 1.443289932012703503e-15 2.881172000000000116e+04 1.659975590663911362e+03 2.591900000000000000e+04 3.373900000000000000e+04
3.400394858615783389e-01 9.899999999999985478e-01 1.443289932012703503e-15 2.875675999999999840e+04 2.088525853897911929e+03 2.476600000000000000e+04 3.509200000000000000e+04
3.740434344477361894e-01 9.899999999999985478e-01 1.443289932012703503e-15 2.854802000000000044e+04 1.941587850085594710e+03 2.485400000000000000e+04 3.471500000000000000e+04
4.114477778925098583e-01 9.899999999999985478e-01 1.443289932012703503e-15 2.862545999999999913e+04 2.286287936459447337e+03 2.458900000000000000e+04 3.897300000000000000e+04
4.525925556817608775e-01 9.899999999999985478e-01 1.443289932012703503e-15 2.764018999999999869e+04 1.968392068135817453e+03 2.397000000000000000e+04 3.473100000000000000e+04
4.978518112499369930e-01 9.899999999999985478e-01 1.443289932012703503e-15 2.746586999999999898e+04 2.050886348167543474e+03 2.431600000000000000e+04 3.583300000000000000e+04
5.476369923749306867e-01 9.899999999999985478e-01 1.443289932012703503e-15 2.717309999999999854e+04 1.705996274908007990e+03 2.402500000000000000e+04 3.242300000000000000e+04
6.024006916124238220e-01 9.899999999999985478e-01 1.443289932012703503e-15 2.731579999999999927e+04 2.069419092402502883e+03 2.379200000000000000e+04 3.358100000000000000e+04
6.626407607736662930e-01 9.899999999999985478e-01 1.443289932012703503e-15 2.683161000000000058e+04 1.729517515927491786e+03 2.384800000000000000e+04 3.428400000000000000e+04
7.289048368510330222e-01 9.899999999999985478e-01 1.443289932012703503e-15 2.634175000000000000e+04 1.396589706212959300e+03 2.381500000000000000e+04 3.104000000000000000e+04
8.017953205361363356e-01 9.899999999999985478e-01 1.443289932012703503e-15 2.670508000000000175e+04 1.745673111896955106e+03 2.327300000000000000e+04 3.395700000000000000e+04
8.819748525897500580e-01 9.899999999999985478e-01 1.443289932012703503e-15 2.705047000000000116e+04 2.025933475980886897e+03 2.380300000000000000e+04 3.225200000000000000e+04
9.701723378487251415e-01 9.899999999999985478e-01 1.443289932012703503e-15 2.695265000000000146e+04 2.108251704019232875e+03 2.391700000000000000e+04 3.665600000000000000e+04
9.801723378487251503e-01 9.899999999999985478e-01 1.443289932012703503e-15 2.697695000000000073e+04 1.970003123728488163e+03 2.311600000000000000e+04 3.427200000000000000e+04
9.901723378487251592e-01 9.899999999999985478e-01 1.443289932012703503e-15 2.680645999999999913e+04 1.621287330611079369e+03 2.425200000000000000e+04 3.231200000000000000e+04
1.000172337848725057e+00 9.899999999999985478e-01 1.443289932012703503e-15 2.704229000000000087e+04 2.117354265563512399e+03 2.351400000000000000e+04 3.376400000000000000e+04
