1.000000000000000021e-02 9.899999999999985478e-01 1.443289932012703503e-15 4.320284999999999854e+04 2.931443229452005198e+03 3.607000000000000000e+04 5.071200000000000000e+04
1.100000000000000110e-02 9.899999999999985478e-01 1.443289932012703503e-15 4.208893000000000029e+04 2.429801009362701279e+03 3.567100000000000000e+04 4.812500000000000000e+04
1.210000000000000138e-02 9.899999999999985478e-01 1.443289932012703503e-15 4.175580000000000291e+04 2.693660824974072057e+03 3.663500000000000000e+04 4.859300000000000000e+04
1.331000000000000238e-02 9.899999999999985478e-01 1.443289932012703503e-15 4.115723000000000320e+04 2.928958158987594743e+03 3.597300000000000000e+04 4.946100000000000000e+04
1.464100000000000297e-02 9.899999999999985478e-01 1.443289932012703503e-15 4.037152999999999884e+04 2.670411711534384267e+03 3.429600000000000000e+04 5.079500000000000000e+04
1.610510000000000413e-02 9.899999999999985478e-01 1.443289932012703503e-15 3.893451000000000204e+04 2.879319914476333452e+03 3.305100000000000000e+04 4.791800000000000000e+04
1.771561000000000663e-02 9.899999999999985478e-01 1.443289932012703503e-15 3.881441999999999825e+04 2.533056356183178650e+03 3.130300000000000000e+04 4.601200000000000000e+04
1.948717100000000799e-02 9.899999999999985478e-01 1.443289932012703503e-15 3.757001000000000204e+04 2.412104390340517057e+03 3.044000000000000000e+04 4.435900000000000000e+04
2.143588810000001191e-02 9.899999999999985478e-01 1.443289932012703503e-15 3.697188999999999942e+04 2.762065777258029357e+03 3.172500000000000000e+04 4.372900000000000000e+04
2.357947691000001483e-02 9.899999999999985478e-01 1.443289932012703503e-15 3.597344000000000233e+04 2.239184732531017289e+03 3.170000000000000000e+04 4.162300000000000000e+04
2.593742460100001770e-02 9.899999999999985478e-01 1.443289932012703503e-15 3.501997000000000116e+04 2.123607305765357523e+03 2.989300000000000000e+04 4.197800000000000000e+04
2.853116706110002052e-02 9.899999999999985478e-01 1.443289932012703503e-15 3.412177999999999884e+04 1.960061894839038132e+03 2.979600000000000000e+04 4.109400000000000000e+04
3.138428376721002361e-02 9.899999999999985478e-01 1.443289932012703503e-15 3.374605000000000291e+04 1.977457116475601424e+03 2.810700000000000000e+04 4.079800000000000000e+04
3.452271214393103083e-02 9.899999999999985478e-01 1.443289932012703503e-15 3.272011000000000058e+04 2.045510986990780566e+03 2.804800000000000000e+04 3.792300000000000000e+04
3.797498335832413807e-02 9.899999999999985478e-01 1.443289932012703503e-15 3.208654999999999927e+04 1.942234822955246500e+03 2.840900000000000000e+04 3.710900000000000000e+04
4.177248169415655188e-02 9.899999999999985478e-01 1.443289932012703503e-15 3.105170000000000073e+04 1.787286678180083982e+03 2.658900000000000000e+04 3.627900000000000000e+04
4.594972986357220845e-02 9.899999999999985478e-01 1.443289932012703503e-15 3.068563000000000102e+04 1.879237620180055501e+03 2.730600000000000000e+04 3.751100000000000000e+04
5.054470284992943624e-02 9.899999999999985478e-01 1.443289932012703503e-15 3.008236000000000058e+04 1.683223648360490643e+03 2.702600000000000000e+04 3.612100000000000000e+04
5.559917313492238750e-02 9.899999999999985478e-01 1.443289932012703503e-15 2.934350999999999840e+04 1.571194593263355500e+03 2.578500000000000000e+04 3.465000000000000000e+04
6.115909044841463110e-02 9.899999999999985478e-01 1.443289932012703503e-15 2.875593999999999869e+04 1.473030575514303337e+03 2.555200000000000000e+04 3.182500000000000000e+04
6.727499949325610462e-02 9.899999999999985478e-01 1.443289932012703503e-15 2.801584000000000015e+04 1.613946639266614284e+03 2.460000000000000000e+04 3.239400000000000000e+04
7.400249944258172063e-02 9.899999999999985478e-01 1.443289932012703503e-15 2.737477999999999884e+04 1.643577595247635827e+03 2.397300000000000000e+04 3.145000000000000000e+04
8.140274938683990380e-02 9.899999999999985478e-01 1.443289932012703503e-15 2.657956000000000131e+04 1.229779958529167061e+03 2.378200000000000000e+04 3.052600000000000000e+04
8.954302432552389834e-02 9.899999999999985478e-01 1.443289932012703503e-15 2.594036000000000058e+04 1.245067922002651358e+03 2.344100000000000000e+04 3.080100000000000000e+04
9.849732675807629234e-02 9.899999999999985478e-01 1.443289932012703503e-15 2.546688999999999942e+04 1.398886449251689783e+03 2.210700000000000000e+04 2.853600000000000000e+04
1.083470594338839244e-01 9.899999999999985478e-01 1.443289932012703503e-15 2.494143999999999869e+04 1.235584301616040875e+03 2.204500000000000000e+04 2.810100000000000000e+04
1.191817653772723196e-01 9.899999999999985478e-01 1.443289932012703503e-15 2.442647000000000116e+04 1.232179195206606437e+03 2.168400000000000000e+04 2.783000000000000000e+04
1.310999419149995737e-01 9.899999999999985478e-01 1.443289932012703503e-15 2.382459000000000015e+04 1.138367841209509606e+03 2.146400000000000000e+04 2.760200000000000000e+04
1.442099361064995422e-01 9.899999999999985478e-01 1.443289932012703503e-15 2.314288999999999942e+04 1.148002368420902030e+03 2.011400000000000000e+04 2.638700000000000000e+04
1.586309297171495103e-01 9.899999999999985478e-01 1.443289932012703503e-15 2.256138000000000102e+04 1.170109027227804972e+03 2.080700000000000000e+04 2.601600000000000000e+04
1.744940226888644641e-01 9.899999999999985478e-01 1.443289932012703503e-15 2.218302999999999884e+04 1.104995786915045301e+03 2.001800000000000000e+04 2.512600000000000000e+04
1.919434249577509355e-01 9.899999999999985478e-01 1.443289932012703503e-15 2.163811000000000058e+04 1.089218893473667322e+03 1.938800000000000000e+04 2.625200000000000000e+04
2.111377674535260540e-01 9.899999999999985478e-01 1.443289932012703503e-15 2.119986999999999898e+04 9.239246252265386374e+02 1.908500000000000000e+04 2.365100000000000000e+04
2.322515441988786677e-01 9.899999999999985478e-01 1.443289932012703503e-15 2.076990999999999985e+04 8.450547685801197986e+02 1.913000000000000000e+04 2.360100000000000000e+04
2.554766986187665401e-01 9.899999999999985478e-01 1.443289932012703503e-15 2.022875999999999840e+04 8.027699062620620225e+02 1.854800000000000000e+04 2.253100000000000000e+04
2.810243684806432163e-01 9.899999999999985478e-01 1.443289932012703503e-15 2.000543000000000029e+04 8.704672108126760577e+02 1.816000000000000000e+04 2.251100000000000000e+04
3.091268053287075657e-01 9.899999999999985478e-01 1.443289932012703503e-15 1.962127000000000044e+04 7.773370035576590453e+02 1.761800000000000000e+04 2.170300000000000000e+04
3.400394858615783389e-01 9.899999999999985478e-01 1.443289932012703503e-15 1.925684000000000015e+04 7.304152616149257256e+02 1.743000000000000000e+04 2.078300000000000000e+04
3.740434344477361894e-01 9.899999999999985478e-01 1.443289932012703503e-15 1.909461000000000058e+04 7.725678079625115515e+02 1.724100000000000000e+04 2.173600000000000000e+04
4.114477778925098583e-01 9.899999999999985478e-01 1.443289932012703503e-15 1.877229000000000087e+04 7.452484994282107209e+02 1.730900000000000000e+04 2.048400000000000000e+04
4.525925556817608775e-01 9.899999999999985478e-01 1.443289932012703503e-15 1.841740000000000146e+04 6.754457787269086566e+02 1.703100000000000000e+04 2.077500000000000000e+04
4.978518112499369930e-01 9.899999999999985478e-01 1.443289932012703503e-15 1.821254000000000087e+04 8.063131081658042376e+02 1.660900000000000000e+04 2.041200000000000000e+04
5.476369923749306867e-01 9.899999999999985478e-01 1.443289932012703503e-15 1.814831999999999971e+04 7.078407007229805004e+02 1.683600000000000000e+04 2.047400000000000000e+04
6.024006916124238220e-01 9.899999999999985478e-01 1.443289932012703503e-15 1.793333000000000175e+04 6.770334564111288955e+02 1.651000000000000000e+04 2.006500000000000000e+04
6.626407607736662930e-01 9.899999999999985478e-01 1.443289932012703503e-15 1.765290000000000146e+04 7.479768111378855338e+02 1.634000000000000000e+04 1.978900000000000000e+04
7.289048368510330222e-01 9.899999999999985478e-01 1.443289932012703503e-15 1.772320000000000073e+04 7.237751170080387055e+02 1.609500000000000000e+04 2.068200000000000000e+04
8.017953205361363356e-01 9.899999999999985478e-01 1.443289932012703503e-15 1.768188999999999942e+04 6.078065464438500385e+02 1.643900000000000000e+04 1.901500000000000000e+04
8.819748525897500580e-01 9.899999999999985478e-01 1.443289932012703503e-15 1.761950000000000000e+04 6.699485577266361815e+02 1.605000000000000000e+04 1.994100000000000000e+04
9.701723378487251415e-01 9.899999999999985478e-01 1.443289932012703503e-15 1.759104000000000087e+04 6.731703487231148983e+02 1.614800000000000000e+04 1.974600000000000000e+04
9.801723378487251503e-01 9.899999999999985478e-01 1.443289932012703503e-15 1.758593999999999869e+04 7.085133988853000346e+02 1.617300000000000000e+04 1.977800000000000000e+04
9.901723378487251592e-01 9.899999999999985478e-01 1.443289932012703503e-15 1.757518999999999869e+04 6.661026301554438760e+02 1.622600000000000000e+04 1.918600000000000000e+04
1.000172337848725057e+00 9.899999999999985478e-01 1.443289932012703503e-15 1.757279000000000087e+04 7.051415928024669029e+02 1.607900000000000000e+04 2.046500000000000000e+04
