1.000000000000000021e-02 9.899999999999985478e-01 1.443289932012703503e-15 1.044066199999999953e+05 4.522887079687044206e+03 9.275900000000000000e+04 1.182250000000000000e+05
1.100000000000000110e-02 9.899999999999985478e-01 1.443289932012703503e-15 1.038568099999999977e+05 4.343453185415954067e+03 9.455900000000000000e+04 1.204690000000000000e+05
1.210000000000000138e-02 9.899999999999985478e-01 1.443289932012703503e-15 1.027323399999999965e+05 4.287491131699283869e+03 9.254200000000000000e+04 1.127290000000000000e+05
1.331000000000000238e-02 9.899999999999985478e-01 1.443289932012703503e-15 1.018800500000000029e+05 4.398484176111129273e+03 9.133000000000000000e+04 1.142730000000000000e+05
1.464100000000000297e-02 9.899999999999985478e-01 1.443289932012703503e-15 1.011885700000000070e+05 4.795910621049980364e+03 8.722700000000000000e+04 1.151500000000000000e+05
1.610510000000000413e-02 9.899999999999985478e-01 1.443289932012703503e-15 1.004756999999999971e+05 4.254135974554645145e+03 8.976400000000000000e+04 1.105890000000000000e+05
1.771561000000000663e-02 9.899999999999985478e-01 1.443289932012703503e-15 9.881041999999999825e+04 4.752235851007397287e+03 8.904900000000000000e+04 1.096210000000000000e+05
1.948717100000000799e-02 9.899999999999985478e-01 1.443289932012703503e-15 9.753910000000000582e+04 4.021763945086783679e+03 8.897400000000000000e+04 1.070080000000000000e+05
2.143588810000001191e-02 9.899999999999985478e-01 1.443289932012703503e-15 9.630119000000000233e+04 4.016162349046662257e+03 8.798400000000000000e+04 1.096940000000000000e+05
2.357947691000001483e-02 9.899999999999985478e-01 1.443289932012703503e-15 9.578113000000000466e+04 4.308008156108807270e+03 8.631800000000000000e+04 1.104250000000000000e+05
2.593742460100001770e-02 9.899999999999985478e-01 1.443289932012703503e-15 9.460285000000000582e+04 4.334168712394569411e+03 8.640400000000000000e+04 1.054850000000000000e+05
2.853116706110002052e-02 9.899999999999985478e-01 1.443289932012703503e-15 9.254297999999999593e+04 3.712981731654493160e+03 8.520800000000000000e+04 1.035920000000000000e+05
3.138428376721002361e-02 9.899999999999985478e-01 1.443289932012703503e-15 9.358877000000000407e+04 3.767244509863939584e+03 8.344800000000000000e+04 1.017100000000000000e+05
3.452271214393103083e-02 9.899999999999985478e-01 1.443289932012703503e-15 9.160021000000000640e+04 3.905761506531089253e+03 8.219000000000000000e+04 1.034800000000000000e+05
3.797498335832413807e-02 9.899999999999985478e-01 1.443289932012703503e-15 9.060574000000000524e+04 3.611097089860642882e+03 8.319400000000000000e+04 9.915600000000000000e+04
4.177248169415655188e-02 9.899999999999985478e-01 1.443289932012703503e-15 8.934177000000000407e+04 3.903345951501096806e+03 8.059900000000000000e+04 1.020850000000000000e+05
4.594972986357220845e-02 9.899999999999985478e-01 1.443289932012703503e-15 8.858869000000000233e+04 3.602989219231720199e+03 7.920900000000000000e+04 9.780000000000000000e+04
5.054470284992943624e-02 9.899999999999985478e-01 1.443289932012703503e-15 8.734800000000000000e+04 3.538210098340684908e+03 7.702900000000000000e+04 9.509900000000000000e+04
5.559917313492238750e-02 9.899999999999985478e-01 1.443289932012703503e-15 8.638794999999999709e+04 3.788651470840251477e+03 7.988300000000000000e+04 9.714100000000000000e+04
6.115909044841463110e-02 9.899999999999985478e-01 1.443289932012703503e-15 8.496724000000000524e+04 3.457814677278121508e+03 7.741000000000000000e+04 9.284600000000000000e+04
6.727499949325610462e-02 9.899999999999985478e-01 1.443289932012703503e-15 8.369467999999999302e+04 3.404655447706859832e+03 7.782200000000000000e+04 9.436000000000000000e+04
7.400249944258172063e-02 9.899999999999985478e-01 1.443289932012703503e-15 8.273591999999999825e+04 2.988114374250089440e+03 7.679700000000000000e+04 9.201500000000000000e+04
8.140274938683990380e-02 9.899999999999985478e-01 1.443289932012703503e-15 8.186964999999999418e+04 3.425047627041119540e+03 7.526000000000000000e+04 9.147600000000000000e+04
8.954302432552389834e-02 9.899999999999985478e-01 1.443289932012703503e-15 8.125625000000000000e+04 3.687547351221404824e+03 7.235700000000000000e+04 9.145700000000000000e+04
9.849732675807629234e-02 9.899999999999985478e-01 1.443289932012703503e-15 7.887752999999999884e+04 2.870960461082667280e+03 7.213300000000000000e+04 8.850500000000000000e+04
1.083470594338839244e-01 9.899999999999985478e-01 1.443289932012703503e-15 7.872327999999999884e+04 2.882042872963550963e+03 7.119000000000000000e+04 8.611600000000000000e+04
1.191817653772723196e-01 9.899999999999985478e-01 1.443289932012703503e-15 7.767444999999999709e+04 3.050586702177140523e+03 7.012400000000000000e+04 8.644000000000000000e+04
1.310999419149995737e-01 9.899999999999985478e-01 1.443289932012703503e-15 7.652750999999999476e+04 2.721231024720246296e+03 6.800500000000000000e+04 8.376600000000000000e+04
1.442099361064995422e-01 9.899999999999985478e-01 1.443289932012703503e-15 7.602830999999999767e+04 3.190033751216434666e+03 6.857300000000000000e+04 8.934600000000000000e+04
1.586309297171495103e-01 9.899999999999985478e-01 1.443289932012703503e-15 7.472505999999999767e+04 2.908268346697052039e+03 6.821700000000000000e+04 8.229400000000000000e+04
1.744940226888644641e-01 9.899999999999985478e-01 1.443289932012703503e-15 7.382861000000000058e+04 2.923762462632695133e+03 6.769400000000000000e+04 8.131800000000000000e+04
1.919434249577509355e-01 9.899999999999985478e-01 1.443289932012703503e-15 7.260474000000000524e+04 3.129944234710900673e+03 6.630100000000000000e+04 8.125800000000000000e+04
2.111377674535260540e-01 9.899999999999985478e-01 1.443289932012703503e-15 7.203586000000000058e+04 3.045776423245803471e+03 6.518100000000000000e+04 8.008100000000000000e+04
2.322515441988786677e-01 9.899999999999985478e-01 1.443289932012703503e-15 7.057924000000000524e+04 2.929260289288064996e+03 6.452800000000000000e+04 8.081700000000000000e+04
2.554766986187665401e-01 9.899999999999985478e-01 1.443289932012703503e-15 7.026471000000000640e+04 3.468356075419592344e+03 6.349500000000000000e+04 8.518000000000000000e+04
2.810243684806432163e-01 9.899999999999985478e-01 1.443289932012703503e-15 6.982711000000000058e+04 2.984506025777130162e+03 6.415100000000000000e+04 7.894600000000000000e+04
3.091268053287075657e-01 9.899999999999985478e-01 1.443289932012703503e-15 6.901827000000000407e+04 3.086908362277701144e+03 6.172600000000000000e+04 7.847500000000000000e+04
3.400394858615783389e-01 9.899999999999985478e-01 1.443289932012703503e-15 6.816833000000000175e+04 2.840943801116101895e+03 6.267200000000000000e+04 7.678100000000000000e+04
3.740434344477361894e-01 9.899999999999985478e-01 1.443289932012703503e-15 6.742255000000000291e+04 2.615714897977224155e+03 6.196200000000000000e+04 7.479300000000000000e+04
4.114477778925098583e-01 9.899999999999985478e-01 1.443289932012703503e-15 6.741541999999999825e+04 2.956663424132006639e+03 6.103200000000000000e+04 7.392100000000000000e+04
4.525925556817608775e-01 9.899999999999985478e-01 1.443289932012703503e-15 6.677300000000000000e+04 2.772461837428966192e+03 6.070400000000000000e+04 7.470200000000000000e+04
4.978518112499369930e-01 9.899999999999985478e-01 1.443289932012703503e-15 6.673475999999999476e+04 3.098582963614173877e+03 5.958100000000000000e+04 7.387400000000000000e+04
5.476369923749306867e-01 9.899999999999985478e-01 1.443289932012703503e-15 6.602797000000000116e+04 2.726378944515967305e+03 5.989200000000000000e+04 7.358300000000000000e+04
6.024006916124238220e-01 9.899999999999985478e-01 1.443289932012703503e-15 6.564866000000000349e+04 2.918008784154015757e+03 5.974000000000000000e+04 7.573200000000000000e+04
6.626407607736662930e-01 9.899999999999985478e-01 1.443289932012703503e-15 6.593667999999999302e+04 2.953251797188990622e+03 5.864900000000000000e+04 7.446900000000000000e+04
7.289048368510330222e-01 9.899999999999985478e-01 1.443289932012703503e-15 6.504202999999999884e+04 2.520035005530677608e+03 6.045100000000000000e+04 7.267600000000000000e+04
8.017953205361363356e-01 9.899999999999985478e-01 1.443289932012703503e-15 6.528905999999999767e+04 3.073856697440529842e+03 5.889900000000000000e+04 7.369900000000000000e+04
8.819748525897500580e-01 9.899999999999985478e-01 1.443289932012703503e-15 6.467511000000000058e+04 3.090614954648993717e+03 5.870000000000000000e+04 8.094500000000000000e+04
9.701723378487251415e-01 9.899999999999985478e-01 1.443289932012703503e-15 6.455791000000000349e+04 2.697184706671012464e+03 5.987100000000000000e+04 7.113800000000000000e+04
9.801723378487251503e-01 9.899999999999985478e-01 1.443289932012703503e-15 6.479466000000000349e+04 2.614904270599595293e+03 5.827100000000000000e+04 7.192100000000000000e+04
9.901723378487251592e-01 9.899999999999985478e-01 1.443289932012703503e-15 6.548062999999999738e+04 3.025291535224332165e+03 5.653800000000000000e+04 7.368000000000000000e+04
1.000172337848725057e+00 9.899999999999985478e-01 1.443289932012703503e-15 6.515156999999999971e+04 2.873768210051046935e+03 5.681000000000000000e+04 7.424100000000000000e+04
