1.000000000000000021e-02 9.899999999999985478e-01 1.443289932012703503e-15 5.591511000000000058e+04 3.834276166097064106e+03 4.787600000000000000e+04 6.896800000000000000e+04
1.100000000000000110e-02 9.899999999999985478e-01 1.443289932012703503e-15 5.509490000000000146e+04 4.325290594861807222e+03 4.721800000000000000e+04 6.800400000000000000e+04
1.210000000000000138e-02 9.899999999999985478e-01 1.443289932012703503e-15 5.440926999999999680e+04 4.219797914248973939e+03 4.596200000000000000e+04 6.623300000000000000e+04
1.331000000000000238e-02 9.899999999999985478e-01 1.443289932012703503e-15 5.208104000000000087e+04 3.446290271930093240e+03 4.348400000000000000e+04 6.175400000000000000e+04
1.464100000000000297e-02 9.899999999999985478e-01 1.443289932012703503e-15 5.227466999999999825e+04 3.292273773716275173e+03 4.449100000000000000e+04 6.211900000000000000e+04
1.610510000000000413e-02 9.899999999999985478e-01 1.443289932012703503e-15 5.162148000000000320e+04 3.522625073663105923e+03 4.483700000000000000e+04 6.609000000000000000e+04
1.771561000000000663e-02 9.899999999999985478e-01 1.443289932012703503e-15 5.110741999999999825e+04 3.310608089701950576e+03 4.310000000000000000e+04 6.036900000000000000e+04
1.948717100000000799e-02 9.899999999999985478e-01 1.443289932012703503e-15 5.005984999999999854e+04 3.256072441992038875e+03 4.394900000000000000e+04 5.904200000000000000e+04
2.143588810000001191e-02 9.899999999999985478e-01 1.443289932012703503e-15 4.896812999999999738e+04 3.834884052106399849e+03 4.193600000000000000e+04 6.082500000000000000e+04
2.357947691000001483e-02 9.899999999999985478e-01 1.443289932012703503e-15 4.791080000000000291e+04 3.123653428279135824e+03 3.824700000000000000e+04 5.711300000000000000e+04
2.593742460100001770e-02 9.899999999999985478e-01 1.443289932012703503e-15 4.734008999999999651e+04 3.214422231428223768e+03 4.074700000000000000e+04 5.737200000000000000e+04
2.853116706110002052e-02 9.899999999999985478e-01 1.443289932012703503e-15 4.596997000000000116e+04 2.758243972004651368e+03 3.935600000000000000e+04 5.413900000000000000e+04
3.138428376721002361e-02 9.899999999999985478e-01 1.443289932012703503e-15 4.561829000000000087e+04 3.058167962342814462e+03 3.808900000000000000e+04 5.189200000000000000e+04
3.452271214393103083e-02 9.899999999999985478e-01 1.443289932012703503e-15 4.523331999999999971e+04 2.995253134144090836e+03 3.841200000000000000e+04 5.217800000000000000e+04
3.797498335832413807e-02 9.899999999999985478e-01 1.443289932012703503e-15 4.432376999999999680e+04 2.910875850513036312e+03 3.695400000000000000e+04 5.136300000000000000e+04
4.177248169415655188e-02 9.899999999999985478e-01 1.443289932012703503e-15 4.344022000000000116e+04 2.602067541706017892e+03 3.805300000000000000e+04 5.051600000000000000e+04
4.594972986357220845e-02 9.899999999999985478e-01 1.443289932012703503e-15 4.293588999999999942e+04 3.021488272010996752e+03 3.612400000000000000e+04 5.088500000000000000e+04
5.054470284992943624e-02 9.899999999999985478e-01 1.443289932012703503e-15 4.199516999999999825e+04 2.729411317683723610e+03 3.633600000000000000e+04 4.897800000000000000e+04
5.559917313492238750e-02 9.899999999999985478e-01 1.443289932012703503e-15 4.142490000000000146e+04 2.775631998302369539e+03 3.548500000000000000e+04 4.784400000000000000e+04
6.115909044841463110e-02 9.899999999999985478e-01 1.443289932012703503e-15 4.023748000000000320e+04 2.676387567150916766e+03 3.418500000000000000e+04 4.592700000000000000e+04
6.727499949325610462e-02 9.899999999999985478e-01 1.443289932012703503e-15 3.952802999999999884e+04 2.478734489432057217e+03 3.453100000000000000e+04 4.599900000000000000e+04
7.400249944258172063e-02 9.899999999999985478e-01 1.443289932012703503e-15 3.871891999999999825e+04 2.294893054937419038e+03 3.429400000000000000e+04 4.478000000000000000e+04
8.140274938683990380e-02 9.899999999999985478e-01 1.443289932012703503e-15 3.831955999999999767e+04 2.419786136500496923e+03 3.198400000000000000e+04 4.514200000000000000e+04
8.954302432552389834e-02 9.899999999999985478e-01 1.443289932012703503e-15 3.787162000000000262e+04 2.364794759720175080e+03 3.345900000000000000e+04 4.543000000000000000e+04
9.849732675807629234e-02 9.899999999999985478e-01 1.443289932012703503e-15 3.736401000000000204e+04 2.696619277892227274e+03 3.337100000000000000e+04 4.705800000000000000e+04
1.083470594338839244e-01 9.899999999999985478e-01 1.443289932012703503e-15 3.641015000000000146e+04 2.182343654766590134e+03 3.191400000000000000e+04 4.456700000000000000e+04
1.191817653772723196e-01 9.899999999999985478e-01 1.443289932012703503e-15 3.563819000000000233e+04 2.302373143932147286e+03 3.169700000000000000e+04 4.313700000000000000e+04
1.310999419149995737e-01 9.899999999999985478e-01 1.443289932012703503e-15 3.562206999999999971e+04 2.453249715194113833e+03 3.026600000000000000e+04 4.203200000000000000e+04
1.442099361064995422e-01 9.899999999999985478e-01 1.443289932012703503e-15 3.455287999999999738e+04 2.041862166161075493e+03 3.012800000000000000e+04 4.029700000000000000e+04
1.586309297171495103e-01 9.899999999999985478e-01 1.443289932012703503e-15 3.403795999999999913e+04 2.306528122178439389e+03 2.955300000000000000e+04 4.198700000000000000e+04
1.744940226888644641e-01 9.899999999999985478e-01 1.443289932012703503e-15 3.405966000000000349e+04 2.005751580929203556e+03 2.989500000000000000e+04 4.001700000000000000e+04
1.919434249577509355e-01 9.899999999999985478e-01 1.443289932012703503e-15 3.365319999999999709e+04 2.529786149064778783e+03 2.943600000000000000e+04 4.323800000000000000e+04
2.111377674535260540e-01 9.899999999999985478e-01 1.443289932012703503e-15 3.278805000000000291e+04 1.997796442959092246e+03 2.951100000000000000e+04 3.848100000000000000e+04
2.322515441988786677e-01 9.899999999999985478e-01 1.443289932012703503e-15 3.217522999999999956e+04 1.745360523530883256e+03 2.855000000000000000e+04 3.722400000000000000e+04
2.554766986187665401e-01 9.899999999999985478e-01 1.443289932012703503e-15 3.167681999999999971e+04 2.079531396156355186e+03 2.822700000000000000e+04 3.898300000000000000e+04
2.810243684806432163e-01 9.899999999999985478e-01 1.443289932012703503e-15 3.159245999999999913e+04 2.192973052365213334e+03 2.749000000000000000e+04 4.008000000000000000e+04
3.091268053287075657e-01 9.899999999999985478e-01 1.443289932012703503e-15 3.119863999999999942e+04 2.223342225209605203e+03 2.783100000000000000e+04 3.852300000000000000e+04
3.400394858615783389e-01 9.899999999999985478e-01 1.443289932012703503e-15 3.060165000000000146e+04 2.060935148785618367e+03 2.707600000000000000e+04 3.949000000000000000e+04
3.740434344477361894e-01 9.899999999999985478e-01 1.443289932012703503e-15 3.037025999999999840e+04 2.269768070178096423e+03 2.693800000000000000e+04 3.979400000000000000e+04
4.114477778925098583e-01 9.899999999999985478e-01 1.443289932012703503e-15 2.970125999999999840e+04 1.631156066230328634e+03 2.665600000000000000e+04 3.551400000000000000e+04
4.525925556817608775e-01 9.899999999999985478e-01 1.443289932012703503e-15 2.985731000000000131e+04 2.064687519674587747e+03 2.665600000000000000e+04 3.699600000000000000e+04
4.978518112499369930e-01 9.899999999999985478e-01 1.443289932012703503e-15 2.954222999999999956e+04 1.734631274104095837e+03 2.624000000000000000e+04 3.457100000000000000e+04
5.476369923749306867e-01 9.899999999999985478e-01 1.443289932012703503e-15 2.950533000000000175e+04 1.792141116402388434e+03 2.620100000000000000e+04 3.593500000000000000e+04
6.024006916124238220e-01 9.899999999999985478e-01 1.443289932012703503e-15 2.934500999999999840e+04 2.012276598755747727e+03 2.609500000000000000e+04 3.640000000000000000e+04
6.626407607736662930e-01 9.899999999999985478e-01 1.443289932012703503e-15 2.895386000000000058e+04 1.913438616836192068e+03 2.597000000000000000e+04 3.584700000000000000e+04
7.289048368510330222e-01 9.899999999999985478e-01 1.443289932012703503e-15 2.880947000000000116e+04 1.943792753639132115e+03 2.539700000000000000e+04 3.804500000000000000e+04
8.017953205361363356e-01 9.899999999999985478e-01 1.443289932012703503e-15 2.910154999999999927e+04 2.097269340714253758e+03 2.577400000000000000e+04 3.721500000000000000e+04
8.819748525897500580e-01 9.899999999999985478e-01 1.443289932012703503e-15 2.945697000000000116e+04 2.106427105100007793e+03 2.553400000000000000e+04 3.591100000000000000e+04
9.701723378487251415e-01 9.899999999999985478e-01 1.443289932012703503e-15 2.908181999999999971e+04 2.092088164394607702e+03 2.627600000000000000e+04 3.656600000000000000e+04
9.801723378487251503e-01 9.899999999999985478e-01 1.443289932012703503e-15 2.896516999999999825e+04 2.032237132103436352e+03 2.561900000000000000e+04 3.671500000000000000e+04
9.901723378487251592e-01 9.899999999999985478e-01 1.443289932012703503e-15 2.873925000000000000e+04 1.836705160743008264e+03 2.546100000000000000e+04 3.571600000000000000e+04
1.000172337848725057e+00 9.899999999999985478e-01 1.443289932012703503e-15 2.849759999999999854e+04 1.846558322934859007e+03 2.550000000000000000e+04 3.735000000000000000e+04
