1.000000000000000021e-02 9.899999999999985478e-01 1.443289932012703503e-15 5.356473999999999796e+04 3.865245002894383106e+03 4.461500000000000000e+04 6.348800000000000000e+04
1.100000000000000110e-02 9.899999999999985478e-01 1.443289932012703503e-15 5.166140000000000146e+04 3.799760510874335978e+03 4.187400000000000000e+04 6.123100000000000000e+04
1.210000000000000138e-02 9.899999999999985478e-01 1.443289932012703503e-15 5.035575000000000000e+04 3.741064841392087146e+03 4.014600000000000000e+04 5.936000000000000000e+04
1.331000000000000238e-02 9.899999999999985478e-01 1.443289932012703503e-15 5.045744999999999709e+04 3.121342600148211204e+03 4.289300000000000000e+04 5.947200000000000000e+04
1.464100000000000297e-02 9.899999999999985478e-01 1.443289932012703503e-15 4.909909999999999854e+04 3.702262957975835889e+03 4.202000000000000000e+04 5.912900000000000000e+04
1.610510000000000413e-02 9.899999999999985478e-01 1.443289932012703503e-15 4.858676999999999680e+04 3.628999134348202460e+03 4.009700000000000000e+04 6.057600000000000000e+04
1.771561000000000663e-02 9.899999999999985478e-01 1.443289932012703503e-15 4.775848999999999796e+04 3.223770601314553460e+03 4.004400000000000000e+04 5.749200000000000000e+04
1.948717100000000799e-02 9.899999999999985478e-01 1.443289932012703503e-15 4.642708000000000175e+04 2.937233574913646862e+03 4.023800000000000000e+04 5.453800000000000000e+04
2.143588810000001191e-02 9.899999999999985478e-01 1.443289932012703503e-15 4.568613999999999942e+04 3.459343695038121041e+03 3.855100000000000000e+04 5.709000000000000000e+04
2.357947691000001483e-02 9.899999999999985478e-01 1.443289932012703503e-15 4.485030999999999767e+04 3.142622645800796818e+03 3.757100000000000000e+04 5.487100000000000000e+04
2.593742460100001770e-02 9.899999999999985478e-01 1.443289932012703503e-15 4.370975000000000000e+04 3.792184577192940196e+03 3.736100000000000000e+04 5.609000000000000000e+04
2.853116706110002052e-02 9.899999999999985478e-01 1.443289932012703503e-15 4.281438999999999942e+04 3.142496344930252235e+03 3.683800000000000000e+04 5.039900000000000000e+04
3.138428376721002361e-02 9.899999999999985478e-01 1.443289932012703503e-15 4.262684999999999854e+04 3.121076527017560693e+03 3.564600000000000000e+04 5.421000000000000000e+04
3.452271214393103083e-02 9.899999999999985478e-01 1.443289932012703503e-15 4.200470999999999913e+04 2.960121400534106670e+03 3.656200000000000000e+04 4.944300000000000000e+04
3.797498335832413807e-02 9.899999999999985478e-01 1.443289932012703503e-15 4.093780999999999767e+04 3.315436763670813434e+03 3.440900000000000000e+04 4.939300000000000000e+04
4.177248169415655188e-02 9.899999999999985478e-01 1.443289932012703503e-15 4.062952999999999884e+04 2.883335382694839609e+03 3.508400000000000000e+04 5.005700000000000000e+04
4.594972986357220845e-02 9.899999999999985478e-01 1.443289932012703503e-15 3.975063999999999942e+04 2.931712920870664220e+03 3.265700000000000000e+04 4.934700000000000000e+04
5.054470284992943624e-02 9.899999999999985478e-01 1.443289932012703503e-15 3.872947000000000116e+04 2.794303879162035628e+03 3.367500000000000000e+04 5.045700000000000000e+04
5.559917313492238750e-02 9.899999999999985478e-01 1.443289932012703503e-15 3.811227999999999884e+04 2.765958991308439636e+03 3.195800000000000000e+04 4.903200000000000000e+04
6.115909044841463110e-02 9.899999999999985478e-01 1.443289932012703503e-15 3.664141999999999825e+04 2.502532885618089040e+03 3.211400000000000000e+04 4.595200000000000000e+04
6.727499949325610462e-02 9.899999999999985478e-01 1.443289932012703503e-15 3.703250000000000000e+04 2.992672259035392472e+03 3.127800000000000000e+04 4.586000000000000000e+04
7.400249944258172063e-02 9.899999999999985478e-01 1.443289932012703503e-15 3.584234999999999854e+04 2.946094157948792144e+03 2.951900000000000000e+04 4.421600000000000000e+04
8.140274938683990380e-02 9.899999999999985478e-01 1.443289932012703503e-15 3.540844999999999709e+04 2.535505130639652634e+03 3.026200000000000000e+04 4.167300000000000000e+04
8.954302432552389834e-02 9.899999999999985478e-01 1.443289932012703503e-15 3.435054000000000087e+04 2.581015282480908354e+03 2.792200000000000000e+04 4.277400000000000000e+04
9.849732675807629234e-02 9.899999999999985478e-01 1.443289932012703503e-15 3.413998000000000320e+04 2.698064165211791078e+03 2.986600000000000000e+04 4.443200000000000000e+04
1.083470594338839244e-01 9.899999999999985478e-01 1.443289932012703503e-15 3.344373999999999796e+04 2.745026847300405279e+03 2.852500000000000000e+04 4.379900000000000000e+04
1.191817653772723196e-01 9.899999999999985478e-01 1.443289932012703503e-15 3.267095000000000073e+04 2.618645189310686419e+03 2.894200000000000000e+04 4.504400000000000000e+04
1.310999419149995737e-01 9.899999999999985478e-01 1.443289932012703503e-15 3.213154999999999927e+04 2.442941048715666511e+03 2.730200000000000000e+04 3.975700000000000000e+04
1.442099361064995422e-01 9.899999999999985478e-01 1.443289932012703503e-15 3.175004999999999927e+04 2.765788962936253483e+03 2.564000000000000000e+04 4.035100000000000000e+04
1.586309297171495103e-01 9.899999999999985478e-01 1.443289932012703503e-15 3.105808000000000175e+04 2.378984231473592445e+03 2.695200000000000000e+04 3.863300000000000000e+04
1.744940226888644641e-01 9.899999999999985478e-01 1.443289932012703503e-15 3.052127000000000044e+04 2.137586699317714192e+03 2.699100000000000000e+04 3.815000000000000000e+04
1.919434249577509355e-01 9.899999999999985478e-01 1.443289932012703503e-15 2.990247999999999956e+04 2.134581675551442004e+03 2.567400000000000000e+04 3.749300000000000000e+04
2.111377674535260540e-01 9.899999999999985478e-01 1.443289932012703503e-15 2.915359000000000015e+04 2.021149970165498871e+03 2.406000000000000000e+04 3.620600000000000000e+04
2.322515441988786677e-01 9.899999999999985478e-01 1.443289932012703503e-15 2.889575000000000000e+04 2.260022143143734866e+03 2.488800000000000000e+04 3.753800000000000000e+04
2.554766986187665401e-01 9.899999999999985478e-01 1.443289932012703503e-15 2.881013999999999942e+04 1.896432176588448328e+03 2.554700000000000000e+04 3.453200000000000000e+04
2.810243684806432163e-01 9.899999999999985478e-01 1.443289932012703503e-15 2.825174000000000160e+04 2.017516253317429573e+03 2.454900000000000000e+04 3.525500000000000000e+04
3.091268053287075657e-01 9.899999999999985478e-01 1.443289932012703503e-15 2.787634999999999854e+04 2.035768240124597014e+03 2.417600000000000000e+04 3.614700000000000000e+04
3.400394858615783389e-01 9.899999999999985478e-01 1.443289932012703503e-15 2.753661999999999898e+04 2.010220434579252924e+03 2.468900000000000000e+04 3.619800000000000000e+04
3.740434344477361894e-01 9.899999999999985478e-01 1.443289932012703503e-15 2.713908000000000175e+04 2.105359730212392606e+03 2.360700000000000000e+04 3.372000000000000000e+04
4.114477778925098583e-01 9.899999999999985478e-01 1.443289932012703503e-15 2.669050000000000000e+04 1.710037487893174784e+03 2.314600000000000000e+04 3.131300000000000000e+04
4.525925556817608775e-01 9.899999999999985478e-01 1.443289932012703503e-15 2.640758000000000175e+04 1.952693422839335426e+03 2.320000000000000000e+04 3.313400000000000000e+04
4.978518112499369930e-01 9.899999999999985478e-01 1.443289932012703503e-15 2.598979999999999927e+04 1.491652144435826813e+03 2.255400000000000000e+04 3.044400000000000000e+04
5.476369923749306867e-01 9.899999999999985478e-01 1.443289932012703503e-15 2.611625000000000000e+04 1.821870458484905612e+03 2.189300000000000000e+04 3.574600000000000000e+04
6.024006916124238220e-01 9.899999999999985478e-01 1.443289932012703503e-15 2.634038000000000102e+04 2.177686840571894209e+03 2.247500000000000000e+04 3.651900000000000000e+04
6.626407607736662930e-01 9.899999999999985478e-01 1.443289932012703503e-15 2.570688000000000102e+04 1.575360220901873618e+03 2.242600000000000000e+04 2.980900000000000000e+04
7.289048368510330222e-01 9.899999999999985478e-01 1.443289932012703503e-15 2.559127000000000044e+04 1.897303090468152277e+03 2.241700000000000000e+04 3.255600000000000000e+04
8.017953205361363356e-01 9.899999999999985478e-01 1.443289932012703503e-15 2.563045999999999913e+04 1.822773005176453808e+03 2.220000000000000000e+04 3.537300000000000000e+04
8.819748525897500580e-01 9.899999999999985478e-01 1.443289932012703503e-15 2.543129999999999927e+04 1.860455038424739996e+03 2.205000000000000000e+04 3.117600000000000000e+04
9.701723378487251415e-01 9.899999999999985478e-01 1.443289932012703503e-15 2.540884999999999854e+04 1.675049105996597063e+03 2.249900000000000000e+04 3.150600000000000000e+04
9.801723378487251503e-01 9.899999999999985478e-01 1.443289932012703503e-15 2.586406999999999971e+04 2.406257863384553275e+03 2.241400000000000000e+04 3.331900000000000000e+04
9.901723378487251592e-01 9.899999999999985478e-01 1.443289932012703503e-15 2.560604999999999927e+04 2.119919146453467420e+03 2.185300000000000000e+04 3.182900000000000000e+04
1.000172337848725057e+00 9.899999999999985478e-01 1.443289932012703503e-15 2.571306000000000131e+04 1.991554542662590848e+03 2.160500000000000000e+04 3.279400000000000000e+04
