1.000000000000000021e-02 9.899999999999985478e-01 1.443289932012703503e-15 4.277144000000000233e+04 2.633678033928976674e+03 3.685600000000000000e+04 5.000700000000000000e+04
1.100000000000000110e-02 9.899999999999985478e-01 1.443289932012703503e-15 4.285168000000000029e+04 2.761455782300343344e+03 3.634300000000000000e+04 4.953400000000000000e+04
1.210000000000000138e-02 9.899999999999985478e-01 1.443289932012703503e-15 4.146715000000000146e+04 2.627716413066676978e+03 3.436100000000000000e+04 4.841600000000000000e+04
1.331000000000000238e-02 9.899999999999985478e-01 1.443289932012703503e-15 4.062518000000000029e+04 2.563666968933367116e+03 3.542800000000000000e+04 4.708300000000000000e+04
1.464100000000000297e-02 9.899999999999985478e-01 1.443289932012703503e-15 3.985348999999999796e+04 2.594452741889896060e+03 3.384600000000000000e+04 4.735400000000000000e+04
1.610510000000000413e-02 9.899999999999985478e-01 1.443289932012703503e-15 3.908612000000000262e+04 2.655329144494143293e+03 3.262900000000000000e+04 4.579700000000000000e+04
1.771561000000000663e-02 9.899999999999985478e-01 1.443289932012703503e-15 3.826273999999999796e+04 2.492612190534259298e+03 3.288600000000000000e+04 4.578900000000000000e+04
1.948717100000000799e-02 9.899999999999985478e-01 1.443289932012703503e-15 3.755601999999999680e+04 2.274271135902665264e+03 3.320800000000000000e+04 4.346400000000000000e+04
2.143588810000001191e-02 9.899999999999985478e-01 1.443289932012703503e-15 3.662044000000000233e+04 2.810457120541069798e+03 2.998400000000000000e+04 4.293000000000000000e+04
2.357947691000001483e-02 9.899999999999985478e-01 1.443289932012703503e-15 3.547498000000000320e+04 2.268070316282103249e+03 3.069200000000000000e+04 4.215400000000000000e+04
2.593742460100001770e-02 9.899999999999985478e-01 1.443289932012703503e-15 3.534204000000000087e+04 2.545069122519072152e+03 2.957000000000000000e+04 4.452800000000000000e+04
2.853116706110002052e-02 9.899999999999985478e-01 1.443289932012703503e-15 3.404511000000000058e+04 1.946847933943480939e+03 2.975500000000000000e+04 3.914400000000000000e+04
3.138428376721002361e-02 9.899999999999985478e-01 1.443289932012703503e-15 3.330161000000000058e+04 2.320017184828595418e+03 2.845500000000000000e+04 3.896900000000000000e+04
3.452271214393103083e-02 9.899999999999985478e-01 1.443289932012703503e-15 3.273879000000000087e+04 2.150485927854446345e+03 2.802800000000000000e+04 3.874900000000000000e+04
3.797498335832413807e-02 9.899999999999985478e-01 1.443289932012703503e-15 3.223138999999999942e+04 2.103379736970953672e+03 2.733400000000000000e+04 3.738300000000000000e+04
4.177248169415655188e-02 9.899999999999985478e-01 1.443289932012703503e-15 3.113509000000000015e+04 1.923550810844361422e+03 2.726300000000000000e+04 3.673800000000000000e+04
4.594972986357220845e-02 9.899999999999985478e-01 1.443289932012703503e-15 3.048000999999999840e+04 1.783749570399387494e+03 2.733300000000000000e+04 3.555000000000000000e+04
5.054470284992943624e-02 9.899999999999985478e-01 1.443289932012703503e-15 2.962208000000000175e+04 1.673042513984626567e+03 2.530400000000000000e+04 3.413000000000000000e+04
5.559917313492238750e-02 9.899999999999985478e-01 1.443289932012703503e-15 2.899988999999999942e+04 1.702719224622779620e+03 2.574300000000000000e+04 3.464800000000000000e+04
6.115909044841463110e-02 9.899999999999985478e-01 1.443289932012703503e-15 2.856586999999999898e+04 1.560722657328969490e+03 2.496000000000000000e+04 3.465300000000000000e+04
6.727499949325610462e-02 9.899999999999985478e-01 1.443289932012703503e-15 2.765727999999999884e+04 1.488641978986217055e+03 2.441200000000000000e+04 3.158700000000000000e+04
7.400249944258172063e-02 9.899999999999985478e-01 1.443289932012703503e-15 2.700477000000000044e+04 1.363841499991843193e+03 2.444200000000000000e+04 3.115100000000000000e+04
8.140274938683990380e-02 9.899999999999985478e-01 1.443289932012703503e-15 2.661758000000000175e+04 1.461047509015363630e+03 2.411800000000000000e+04 3.055200000000000000e+04
8.954302432552389834e-02 9.899999999999985478e-01 1.443289932012703503e-15 2.607022999999999956e+04 1.236801017585286445e+03 2.320000000000000000e+04 2.906700000000000000e+04
9.849732675807629234e-02 9.899999999999985478e-01 1.443289932012703503e-15 2.539336000000000058e+04 1.338846933148072821e+03 2.261100000000000000e+04 2.876800000000000000e+04
1.083470594338839244e-01 9.899999999999985478e-01 1.443289932012703503e-15 2.482202999999999884e+04 1.347801487274739202e+03 2.209900000000000000e+04 2.885800000000000000e+04
1.191817653772723196e-01 9.899999999999985478e-01 1.443289932012703503e-15 2.419522999999999956e+04 1.180554521019677395e+03 2.156400000000000000e+04 2.717200000000000000e+04
1.310999419149995737e-01 9.899999999999985478e-01 1.443289932012703503e-15 2.384977999999999884e+04 1.250439639326904626e+03 2.114600000000000000e+04 2.707400000000000000e+04
1.442099361064995422e-01 9.899999999999985478e-01 1.443289932012703503e-15 2.301306000000000131e+04 1.203117457441292345e+03 2.045800000000000000e+04 2.661800000000000000e+04
1.586309297171495103e-01 9.899999999999985478e-01 1.443289932012703503e-15 2.252604000000000087e+04 1.021258056712406187e+03 2.048300000000000000e+04 2.576300000000000000e+04
1.744940226888644641e-01 9.899999999999985478e-01 1.443289932012703503e-15 2.213708000000000175e+04 1.067069882247643818e+03 2.040700000000000000e+04 2.561200000000000000e+04
1.919434249577509355e-01 9.899999999999985478e-01 1.443289932012703503e-15 2.169456999999999971e+04 9.736009372941257425e+02 1.984900000000000000e+04 2.453500000000000000e+04
2.111377674535260540e-01 9.899999999999985478e-01 1.443289932012703503e-15 2.119759999999999854e+04 9.146733624633442332e+02 1.897000000000000000e+04 2.363000000000000000e+04
2.322515441988786677e-01 9.899999999999985478e-01 1.443289932012703503e-15 2.059327000000000044e+04 7.681372124171565474e+02 1.904400000000000000e+04 2.327100000000000000e+04
2.554766986187665401e-01 9.899999999999985478e-01 1.443289932012703503e-15 2.020054999999999927e+04 7.169229718038053534e+02 1.865100000000000000e+04 2.213800000000000000e+04
2.810243684806432163e-01 9.899999999999985478e-01 1.443289932012703503e-15 1.997809000000000015e+04 8.905436215593260840e+02 1.826300000000000000e+04 2.233800000000000000e+04
3.091268053287075657e-01 9.899999999999985478e-01 1.443289932012703503e-15 1.954308000000000175e+04 7.891921018357951425e+02 1.770700000000000000e+04 2.146600000000000000e+04
3.400394858615783389e-01 9.899999999999985478e-01 1.443289932012703503e-15 1.919322000000000116e+04 8.666896858737851517e+02 1.719000000000000000e+04 2.191300000000000000e+04
3.740434344477361894e-01 9.899999999999985478e-01 1.443289932012703503e-15 1.899263000000000102e+04 8.098999031361839798e+02 1.751700000000000000e+04 2.098900000000000000e+04
4.114477778925098583e-01 9.899999999999985478e-01 1.443289932012703503e-15 1.876715999999999985e+04 7.963263491810375854e+02 1.731600000000000000e+04 2.129400000000000000e+04
4.525925556817608775e-01 9.899999999999985478e-01 1.443289932012703503e-15 1.844511999999999898e+04 7.033702052262376583e+02 1.694300000000000000e+04 1.994400000000000000e+04
4.978518112499369930e-01 9.899999999999985478e-01 1.443289932012703503e-15 1.823750999999999840e+04 6.860152402826047364e+02 1.658700000000000000e+04 2.050200000000000000e+04
5.476369923749306867e-01 9.899999999999985478e-01 1.443289932012703503e-15 1.808275000000000000e+04 7.352284321896155461e+02 1.648800000000000000e+04 2.004800000000000000e+04
6.024006916124238220e-01 9.899999999999985478e-01 1.443289932012703503e-15 1.788470000000000073e+04 6.692477642846481558e+02 1.658000000000000000e+04 1.981500000000000000e+04
6.626407607736662930e-01 9.899999999999985478e-01 1.443289932012703503e-15 1.782236999999999898e+04 6.900046471582635377e+02 1.666300000000000000e+04 2.018900000000000000e+04
7.289048368510330222e-01 9.899999999999985478e-01 1.443289932012703503e-15 1.765356000000000131e+04 7.200962896724299753e+02 1.605900000000000000e+04 1.993800000000000000e+04
8.017953205361363356e-01 9.899999999999985478e-01 1.443289932012703503e-15 1.761254999999999927e+04 6.538390837966175013e+02 1.634600000000000000e+04 1.958400000000000000e+04
8.819748525897500580e-01 9.899999999999985478e-01 1.443289932012703503e-15 1.758308000000000175e+04 6.377381544176262196e+02 1.614700000000000000e+04 1.948900000000000000e+04
9.701723378487251415e-01 9.899999999999985478e-01 1.443289932012703503e-15 1.754874000000000160e+04 6.395454732855201883e+02 1.618100000000000000e+04 1.992700000000000000e+04
9.801723378487251503e-01 9.899999999999985478e-01 1.443289932012703503e-15 1.761477000000000044e+04 6.031922720824595672e+02 1.595000000000000000e+04 1.950000000000000000e+04
9.901723378487251592e-01 9.899999999999985478e-01 1.443289932012703503e-15 1.752338999999999942e+04 6.184498022475229391e+02 1.619600000000000000e+04 1.899300000000000000e+04
1.000172337848725057e+00 9.899999999999985478e-01 1.443289932012703503e-15 1.754936999999999898e+04 7.133806509150638249e+02 1.603900000000000000e+04 1.991700000000000000e+04
