1.000000000000000021e-02 9.899999999999985478e-01 1.443289932012703503e-15 5.466169999999999709e+04 4.426353940886336204e+03 4.466100000000000000e+04 6.773400000000000000e+04
1.100000000000000110e-02 9.899999999999985478e-01 1.443289932012703503e-15 5.350255000000000291e+04 3.792266932522023126e+03 4.640200000000000000e+04 6.522300000000000000e+04
1.210000000000000138e-02 9.899999999999985478e-01 1.443289932012703503e-15 5.245168000000000029e+04 3.818667073417110259e+03 4.449600000000000000e+04 6.274600000000000000e+04
1.331000000000000238e-02 9.899999999999985478e-01 1.443289932012703503e-15 5.143391000000000349e+04 3.883665652692052845e+03 4.350600000000000000e+04 6.045400000000000000e+04
1.464100000000000297e-02 9.899999999999985478e-01 1.443289932012703503e-15 5.051476999999999680e+04 3.578885013115118454e+03 4.263000000000000000e+04 6.100500000000000000e+04
1.610510000000000413e-02 9.899999999999985478e-01 1.443289932012703503e-15 4.954155000000000291e+04 3.775283455252069416e+03 4.168600000000000000e+04 5.920200000000000000e+04
1.771561000000000663e-02 9.899999999999985478e-01 1.443289932012703503e-15 4.833098000000000320e+04 3.380531384205743507e+03 3.918900000000000000e+04 5.689100000000000000e+04
1.948717100000000799e-02 9.899999999999985478e-01 1.443289932012703503e-15 4.779993000000000029e+04 3.580604606082609280e+03 4.088200000000000000e+04 6.278700000000000000e+04
2.143588810000001191e-02 9.899999999999985478e-01 1.443289932012703503e-15 4.718448000000000320e+04 3.690619746004726949e+03 3.888800000000000000e+04 5.963200000000000000e+04
2.357947691000001483e-02 9.899999999999985478e-01 1.443289932012703503e-15 4.654219999999999709e+04 3.265464931675120170e+03 4.026100000000000000e+04 5.588000000000000000e+04
2.593742460100001770e-02 9.899999999999985478e-01 1.443289932012703503e-15 4.592398000000000320e+04 3.793030901482348781e+03 3.798500000000000000e+04 5.671600000000000000e+04
2.853116706110002052e-02 9.899999999999985478e-01 1.443289932012703503e-15 4.459101000000000204e+04 3.184321012382388744e+03 3.709600000000000000e+04 5.231300000000000000e+04
3.138428376721002361e-02 9.899999999999985478e-01 1.443289932012703503e-15 4.379058999999999651e+04 2.875827015294904868e+03 3.831900000000000000e+04 5.217900000000000000e+04
3.452271214393103083e-02 9.899999999999985478e-01 1.443289932012703503e-15 4.312931999999999971e+04 3.381700350060602432e+03 3.568500000000000000e+04 5.227600000000000000e+04
3.797498335832413807e-02 9.899999999999985478e-01 1.443289932012703503e-15 4.193468000000000029e+04 3.508914780612375125e+03 3.555800000000000000e+04 5.475500000000000000e+04
4.177248169415655188e-02 9.899999999999985478e-01 1.443289932012703503e-15 4.142797000000000116e+04 2.823493383930622713e+03 3.598500000000000000e+04 4.914400000000000000e+04
4.594972986357220845e-02 9.899999999999985478e-01 1.443289932012703503e-15 4.056758000000000175e+04 2.894587926389523545e+03 3.372100000000000000e+04 4.924800000000000000e+04
5.054470284992943624e-02 9.899999999999985478e-01 1.443289932012703503e-15 4.003598999999999796e+04 2.747876505576624822e+03 3.333500000000000000e+04 4.638700000000000000e+04
5.559917313492238750e-02 9.899999999999985478e-01 1.443289932012703503e-15 3.947361000000000058e+04 3.079585247707879262e+03 3.365400000000000000e+04 5.277100000000000000e+04
6.115909044841463110e-02 9.899999999999985478e-01 1.443289932012703503e-15 3.885465000000000146e+04 2.629484996629567831e+03 3.212300000000000000e+04 4.828500000000000000e+04
6.727499949325610462e-02 9.899999999999985478e-01 1.443289932012703503e-15 3.769463999999999942e+04 2.846489358912131593e+03 3.258300000000000000e+04 4.628100000000000000e+04
7.400249944258172063e-02 9.899999999999985478e-01 1.443289932012703503e-15 3.759965000000000146e+04 2.567159342054948866e+03 3.315800000000000000e+04 4.669500000000000000e+04
8.140274938683990380e-02 9.899999999999985478e-01 1.443289932012703503e-15 3.658793000000000029e+04 2.393844544890081579e+03 3.142000000000000000e+04 4.395700000000000000e+04
8.954302432552389834e-02 9.899999999999985478e-01 1.443289932012703503e-15 3.574012999999999738e+04 2.477391917541509883e+03 3.077000000000000000e+04 4.123200000000000000e+04
9.849732675807629234e-02 9.899999999999985478e-01 1.443289932012703503e-15 3.543613999999999942e+04 2.622577198177395076e+03 3.001100000000000000e+04 4.679500000000000000e+04
1.083470594338839244e-01 9.899999999999985478e-01 1.443289932012703503e-15 3.468884999999999854e+04 2.458449553580467636e+03 2.858800000000000000e+04 4.273800000000000000e+04
1.191817653772723196e-01 9.899999999999985478e-01 1.443289932012703503e-15 3.399758999999999651e+04 2.138467475062456742e+03 2.977400000000000000e+04 3.993300000000000000e+04
1.310999419149995737e-01 9.899999999999985478e-01 1.443289932012703503e-15 3.358448000000000320e+04 2.184437742211940531e+03 2.931100000000000000e+04 3.969100000000000000e+04
1.442099361064995422e-01 9.899999999999985478e-01 1.443289932012703503e-15 3.301400000000000000e+04 2.254673834504671504e+03 2.896400000000000000e+04 3.997800000000000000e+04
1.586309297171495103e-01 9.899999999999985478e-01 1.443289932012703503e-15 3.236759999999999854e+04 1.830641745399683714e+03 2.803500000000000000e+04 3.923300000000000000e+04
1.744940226888644641e-01 9.899999999999985478e-01 1.443289932012703503e-15 3.230559000000000015e+04 2.370207932207636986e+03 2.769100000000000000e+04 3.980000000000000000e+04
1.919434249577509355e-01 9.899999999999985478e-01 1.443289932012703503e-15 3.160268999999999869e+04 2.406851859566766507e+03 2.727000000000000000e+04 3.982600000000000000e+04
2.111377674535260540e-01 9.899999999999985478e-01 1.443289932012703503e-15 3.152440999999999985e+04 2.274534880343671375e+03 2.657900000000000000e+04 3.725500000000000000e+04
2.322515441988786677e-01 9.899999999999985478e-01 1.443289932012703503e-15 2.998259000000000015e+04 1.902618086190710528e+03 2.550800000000000000e+04 3.609300000000000000e+04
2.554766986187665401e-01 9.899999999999985478e-01 1.443289932012703503e-15 2.981684000000000015e+04 2.035449054729692762e+03 2.503100000000000000e+04 3.729300000000000000e+04
2.810243684806432163e-01 9.899999999999985478e-01 1.443289932012703503e-15 2.964361000000000058e+04 2.193156596757286025e+03 2.505200000000000000e+04 3.739400000000000000e+04
3.091268053287075657e-01 9.899999999999985478e-01 1.443289932012703503e-15 2.911224000000000160e+04 2.220529725628548931e+03 2.503400000000000000e+04 3.546400000000000000e+04
3.400394858615783389e-01 9.899999999999985478e-01 1.443289932012703503e-15 2.871952999999999884e+04 2.089618307036000715e+03 2.497100000000000000e+04 3.909400000000000000e+04
3.740434344477361894e-01 9.899999999999985478e-01 1.443289932012703503e-15 2.841820999999999913e+04 2.022328031230343868e+03 2.541600000000000000e+04 3.492500000000000000e+04
4.114477778925098583e-01 9.899999999999985478e-01 1.443289932012703503e-15 2.814990999999999985e+04 2.021459705732468592e+03 2.440800000000000000e+04 3.622300000000000000e+04
4.525925556817608775e-01 9.899999999999985478e-01 1.443289932012703503e-15 2.814952000000000044e+04 2.197181137184642921e+03 2.473500000000000000e+04 3.537600000000000000e+04
4.978518112499369930e-01 9.899999999999985478e-01 1.443289932012703503e-15 2.741763999999999942e+04 1.613005979654135899e+03 2.447000000000000000e+04 3.236200000000000000e+04
5.476369923749306867e-01 9.899999999999985478e-01 1.443289932012703503e-15 2.739468999999999869e+04 1.867548632271727001e+03 2.349200000000000000e+04 3.390900000000000000e+04
6.024006916124238220e-01 9.899999999999985478e-01 1.443289932012703503e-15 2.712718999999999869e+04 1.629307986201504036e+03 2.376500000000000000e+04 3.140500000000000000e+04
6.626407607736662930e-01 9.899999999999985478e-01 1.443289932012703503e-15 2.729888999999999942e+04 2.215983510295146516e+03 2.370500000000000000e+04 3.419100000000000000e+04
7.289048368510330222e-01 9.899999999999985478e-01 1.443289932012703503e-15 2.683627000000000044e+04 1.949735324883867634e+03 2.364400000000000000e+04 3.303800000000000000e+04
8.017953205361363356e-01 9.899999999999985478e-01 1.443289932012703503e-15 2.714063000000000102e+04 1.850777921064544898e+03 2.375800000000000000e+04 3.442600000000000000e+04
8.819748525897500580e-01 9.899999999999985478e-01 1.443289932012703503e-15 2.716384999999999854e+04 1.908751751145234493e+03 2.409500000000000000e+04 3.446200000000000000e+04
9.701723378487251415e-01 9.899999999999985478e-01 1.443289932012703503e-15 2.701458000000000175e+04 1.839158509645103777e+03 2.288400000000000000e+04 3.276900000000000000e+04
9.801723378487251503e-01 9.899999999999985478e-01 1.443289932012703503e-15 2.692747999999999956e+04 1.937851921484198101e+03 2.401200000000000000e+04 3.274500000000000000e+04
9.901723378487251592e-01 9.899999999999985478e-01 1.443289932012703503e-15 2.690884999999999854e+04 2.211319390657984513e+03 2.387300000000000000e+04 3.656500000000000000e+04
1.000172337848725057e+00 9.899999999999985478e-01 1.443289932012703503e-15 2.707902999999999884e+04 2.184499303982493984e+03 2.378900000000000000e+04 3.267800000000000000e+04
