1.000000000000000021e-02 9.899999999999985478e-01 1.443289932012703503e-15 5.678391000000000349e+04 3.839159731230260149e+03 4.696500000000000000e+04 6.869300000000000000e+04
1.100000000000000110e-02 9.899999999999985478e-01 1.443289932012703503e-15 5.614715000000000146e+04 3.688108497251672361e+03 4.593200000000000000e+04 6.860500000000000000e+04
1.210000000000000138e-02 9.899999999999985478e-01 1.443289932012703503e-15 5.484293000000000029e+04 3.790071081800446336e+03 4.578200000000000000e+04 6.478400000000000000e+04
1.331000000000000238e-02 9.899999999999985478e-01 1.443289932012703503e-15 5.549676999999999680e+04 4.002665731372032042e+03 4.654500000000000000e+04 6.791600000000000000e+04
1.464100000000000297e-02 9.899999999999985478e-01 1.443289932012703503e-15 5.315444999999999709e+04 3.452206785159312858e+03 4.616300000000000000e+04 6.260300000000000000e+04
1.610510000000000413e-02 9.899999999999985478e-01 1.443289932012703503e-15 5.314095999999999913e+04 3.890451343790332430e+03 4.364400000000000000e+04 6.228500000000000000e+04
1.771561000000000663e-02 9.899999999999985478e-01 1.443289932012703503e-15 5.190597000000000116e+04 3.805303671075411785e+03 4.110200000000000000e+04 6.205100000000000000e+04
1.948717100000000799e-02 9.899999999999985478e-01 1.443289932012703503e-15 5.101881999999999971e+04 3.228335151064708953e+03 4.313300000000000000e+04 5.918400000000000000e+04
2.143588810000001191e-02 9.899999999999985478e-01 1.443289932012703503e-15 5.018425000000000000e+04 3.918805472015675605e+03 4.120300000000000000e+04 6.297100000000000000e+04
2.357947691000001483e-02 9.899999999999985478e-01 1.443289932012703503e-15 4.986566999999999825e+04 3.643246382156990421e+03 4.085600000000000000e+04 5.929300000000000000e+04
2.593742460100001770e-02 9.899999999999985478e-01 1.443289932012703503e-15 4.913527999999999884e+04 3.166404004797871494e+03 4.216600000000000000e+04 5.593300000000000000e+04
2.853116706110002052e-02 9.899999999999985478e-01 1.443289932012703503e-15 4.804362000000000262e+04 3.144904547931462730e+03 4.104300000000000000e+04 5.690300000000000000e+04
3.138428376721002361e-02 9.899999999999985478e-01 1.443289932012703503e-15 4.707601999999999680e+04 3.587431900343197867e+03 3.927600000000000000e+04 6.159500000000000000e+04
3.452271214393103083e-02 9.899999999999985478e-01 1.443289932012703503e-15 4.595819999999999709e+04 2.945895663461285039e+03 4.047200000000000000e+04 5.781400000000000000e+04
3.797498335832413807e-02 9.899999999999985478e-01 1.443289932012703503e-15 4.596808999999999651e+04 2.668023542231214833e+03 4.072400000000000000e+04 5.238900000000000000e+04
4.177248169415655188e-02 9.899999999999985478e-01 1.443289932012703503e-15 4.441641999999999825e+04 3.109291833134998797e+03 3.823200000000000000e+04 5.494000000000000000e+04
4.594972986357220845e-02 9.899999999999985478e-01 1.443289932012703503e-15 4.401487999999999738e+04 2.983847379743139754e+03 3.712200000000000000e+04 5.264000000000000000e+04
5.054470284992943624e-02 9.899999999999985478e-01 1.443289932012703503e-15 4.296098999999999796e+04 2.871697945449694998e+03 3.704600000000000000e+04 5.225700000000000000e+04
5.559917313492238750e-02 9.899999999999985478e-01 1.443289932012703503e-15 4.269390000000000146e+04 2.888275147904022106e+03 3.693800000000000000e+04 5.030000000000000000e+04
6.115909044841463110e-02 9.899999999999985478e-01 1.443289932012703503e-15 4.167636000000000058e+04 2.666493605917703917e+03 3.655100000000000000e+04 5.117200000000000000e+04
6.727499949325610462e-02 9.899999999999985478e-01 1.443289932012703503e-15 4.106466000000000349e+04 2.656922254112829705e+03 3.583600000000000000e+04 4.840500000000000000e+04
7.400249944258172063e-02 9.899999999999985478e-01 1.443289932012703503e-15 4.055483000000000175e+04 2.953184762438679627e+03 3.498500000000000000e+04 5.101000000000000000e+04
8.140274938683990380e-02 9.899999999999985478e-01 1.443289932012703503e-15 3.983791999999999825e+04 2.615165167556343476e+03 3.403300000000000000e+04 4.763200000000000000e+04
8.954302432552389834e-02 9.899999999999985478e-01 1.443289932012703503e-15 3.908080999999999767e+04 2.350968777738232802e+03 3.397700000000000000e+04 4.493200000000000000e+04
9.849732675807629234e-02 9.899999999999985478e-01 1.443289932012703503e-15 3.845298000000000320e+04 2.411824160174202916e+03 3.334000000000000000e+04 4.641400000000000000e+04
1.083470594338839244e-01 9.899999999999985478e-01 1.443289932012703503e-15 3.782925000000000000e+04 2.490191652764903210e+03 3.311500000000000000e+04 4.764900000000000000e+04
1.191817653772723196e-01 9.899999999999985478e-01 1.443289932012703503e-15 3.790755999999999767e+04 2.704825215499146907e+03 3.312000000000000000e+04 4.681800000000000000e+04
1.310999419149995737e-01 9.899999999999985478e-01 1.443289932012703503e-15 3.687751000000000204e+04 2.288191069360249003e+03 3.203600000000000000e+04 4.563100000000000000e+04
1.442099361064995422e-01 9.899999999999985478e-01 1.443289932012703503e-15 3.600030000000000291e+04 2.183598747480864404e+03 3.187400000000000000e+04 4.476800000000000000e+04
1.586309297171495103e-01 9.899999999999985478e-01 1.443289932012703503e-15 3.531519000000000233e+04 2.084711513351428039e+03 3.098200000000000000e+04 4.067200000000000000e+04
1.744940226888644641e-01 9.899999999999985478e-01 1.443289932012703503e-15 3.514580999999999767e+04 2.567706839555481110e+03 3.029800000000000000e+04 4.396800000000000000e+04
1.919434249577509355e-01 9.899999999999985478e-01 1.443289932012703503e-15 3.482770999999999913e+04 2.350603787519283742e+03 3.107200000000000000e+04 4.353000000000000000e+04
2.111377674535260540e-01 9.899999999999985478e-01 1.443289932012703503e-15 3.467444999999999709e+04 2.330025464989599186e+03 2.946200000000000000e+04 4.138900000000000000e+04
2.322515441988786677e-01 9.899999999999985478e-01 1.443289932012703503e-15 3.398923999999999796e+04 1.993366489735392179e+03 3.028300000000000000e+04 4.069200000000000000e+04
2.554766986187665401e-01 9.899999999999985478e-01 1.443289932012703503e-15 3.308622000000000116e+04 1.742341737891852063e+03 2.924400000000000000e+04 3.884900000000000000e+04
2.810243684806432163e-01 9.899999999999985478e-01 1.443289932012703503e-15 3.289481999999999971e+04 2.062284618475345269e+03 2.939200000000000000e+04 4.045800000000000000e+04
3.091268053287075657e-01 9.899999999999985478e-01 1.443289932012703503e-15 3.216966999999999825e+04 2.048521286464946570e+03 2.898000000000000000e+04 4.081700000000000000e+04
3.400394858615783389e-01 9.899999999999985478e-01 1.443289932012703503e-15 3.202722000000000116e+04 1.708734382986425089e+03 2.788400000000000000e+04 3.640300000000000000e+04
3.740434344477361894e-01 9.899999999999985478e-01 1.443289932012703503e-15 3.164904000000000087e+04 1.942943205140078362e+03 2.762500000000000000e+04 3.727400000000000000e+04
4.114477778925098583e-01 9.899999999999985478e-01 1.443289932012703503e-15 3.167691999999999825e+04 2.191276831803776986e+03 2.829600000000000000e+04 3.930100000000000000e+04
4.525925556817608775e-01 9.899999999999985478e-01 1.443289932012703503e-15 3.098536999999999898e+04 1.924387152602094829e+03 2.811400000000000000e+04 3.856900000000000000e+04
4.978518112499369930e-01 9.899999999999985478e-01 1.443289932012703503e-15 3.075068000000000029e+04 1.647166651435124095e+03 2.809000000000000000e+04 3.640700000000000000e+04
5.476369923749306867e-01 9.899999999999985478e-01 1.443289932012703503e-15 3.045581999999999971e+04 1.635223326521487934e+03 2.770400000000000000e+04 3.562000000000000000e+04
6.024006916124238220e-01 9.899999999999985478e-01 1.443289932012703503e-15 3.066758000000000175e+04 2.298000418537821133e+03 2.720500000000000000e+04 3.797500000000000000e+04
6.626407607736662930e-01 9.899999999999985478e-01 1.443289932012703503e-15 3.031018999999999869e+04 1.806434658076511141e+03 2.726700000000000000e+04 3.634600000000000000e+04
7.289048368510330222e-01 9.899999999999985478e-01 1.443289932012703503e-15 3.037991999999999825e+04 1.780728764747736477e+03 2.698400000000000000e+04 3.542900000000000000e+04
8.017953205361363356e-01 9.899999999999985478e-01 1.443289932012703503e-15 3.035370999999999913e+04 1.820260801616076151e+03 2.722000000000000000e+04 3.810300000000000000e+04
8.819748525897500580e-01 9.899999999999985478e-01 1.443289932012703503e-15 3.033652999999999884e+04 1.743648143720515918e+03 2.671200000000000000e+04 3.579900000000000000e+04
9.701723378487251415e-01 9.899999999999985478e-01 1.443289932012703503e-15 3.000540999999999985e+04 1.669249478628044699e+03 2.715700000000000000e+04 3.551100000000000000e+04
9.801723378487251503e-01 9.899999999999985478e-01 1.443289932012703503e-15 3.030874000000000160e+04 1.825598913343235154e+03 2.751200000000000000e+04 3.656900000000000000e+04
9.901723378487251592e-01 9.899999999999985478e-01 1.443289932012703503e-15 3.033690000000000146e+04 1.769783102529798725e+03 2.721100000000000000e+04 3.463200000000000000e+04
1.000172337848725057e+00 9.899999999999985478e-01 1.443289932012703503e-15 3.044668999999999869e+04 2.130241027184482846e+03 2.709500000000000000e+04 3.915300000000000000e+04
