1.000000000000000021e-02 9.899999999999985478e-01 1.443289932012703503e-15 5.809931999999999971e+04 3.566851998275230017e+03 4.902900000000000000e+04 6.846100000000000000e+04
1.100000000000000110e-02 9.899999999999985478e-01 1.443289932012703503e-15 5.713579000000000087e+04 3.753385544531763117e+03 4.976700000000000000e+04 6.512700000000000000e+04
1.210000000000000138e-02 9.899999999999985478e-01 1.443289932012703503e-15 5.626759999999999854e+04 3.756551610187192637e+03 4.861400000000000000e+04 6.885100000000000000e+04
1.331000000000000238e-02 9.899999999999985478e-01 1.443289932012703503e-15 5.576029000000000087e+04 3.848575435911319346e+03 4.663900000000000000e+04 6.829700000000000000e+04
1.464100000000000297e-02 9.899999999999985478e-01 1.443289932012703503e-15 5.370551999999999680e+04 3.933122887680983240e+03 4.567500000000000000e+04 6.369500000000000000e+04
1.610510000000000413e-02 9.899999999999985478e-01 1.443289932012703503e-15 5.417305999999999767e+04 3.573198936023573879e+03 4.683700000000000000e+04 6.247700000000000000e+04
1.771561000000000663e-02 9.899999999999985478e-01 1.443289932012703503e-15 5.266626999999999680e+04 3.473132461784317911e+03 4.504700000000000000e+04 6.187500000000000000e+04
1.948717100000000799e-02 9.899999999999985478e-01 1.443289932012703503e-15 5.212323999999999796e+04 3.465413421570362516e+03 4.504100000000000000e+04 6.138200000000000000e+04
2.143588810000001191e-02 9.899999999999985478e-01 1.443289932012703503e-15 5.121425000000000000e+04 3.706229119671367698e+03 4.098000000000000000e+04 6.394300000000000000e+04
2.357947691000001483e-02 9.899999999999985478e-01 1.443289932012703503e-15 5.050947000000000116e+04 3.235609211431441963e+03 4.267900000000000000e+04 6.278800000000000000e+04
2.593742460100001770e-02 9.899999999999985478e-01 1.443289932012703503e-15 4.934800000000000000e+04 3.157022844389948204e+03 4.021500000000000000e+04 5.821700000000000000e+04
2.853116706110002052e-02 9.899999999999985478e-01 1.443289932012703503e-15 4.876948999999999796e+04 2.933158708610906615e+03 4.112200000000000000e+04 5.832200000000000000e+04
3.138428376721002361e-02 9.899999999999985478e-01 1.443289932012703503e-15 4.745926000000000204e+04 3.273031575221968978e+03 4.056800000000000000e+04 5.611400000000000000e+04
3.452271214393103083e-02 9.899999999999985478e-01 1.443289932012703503e-15 4.676256999999999971e+04 3.051636352041311511e+03 3.996400000000000000e+04 5.517900000000000000e+04
3.797498335832413807e-02 9.899999999999985478e-01 1.443289932012703503e-15 4.568683999999999651e+04 3.076383554500315768e+03 3.934500000000000000e+04 5.517600000000000000e+04
4.177248169415655188e-02 9.899999999999985478e-01 1.443289932012703503e-15 4.554951999999999680e+04 2.990490921169967805e+03 3.967500000000000000e+04 5.454800000000000000e+04
4.594972986357220845e-02 9.899999999999985478e-01 1.443289932012703503e-15 4.505419000000000233e+04 3.121387277141367122e+03 3.846200000000000000e+04 5.415000000000000000e+04
5.054470284992943624e-02 9.899999999999985478e-01 1.443289932012703503e-15 4.391179000000000087e+04 2.408787214741061689e+03 3.832000000000000000e+04 5.193600000000000000e+04
5.559917313492238750e-02 9.899999999999985478e-01 1.443289932012703503e-15 4.330661000000000058e+04 3.095129486451253342e+03 3.719400000000000000e+04 5.246700000000000000e+04
6.115909044841463110e-02 9.899999999999985478e-01 1.443289932012703503e-15 4.235444000000000233e+04 2.660680917810326719e+03 3.713300000000000000e+04 5.091200000000000000e+04
6.727499949325610462e-02 9.899999999999985478e-01 1.443289932012703503e-15 4.138338999999999942e+04 2.439667189987192160e+03 3.617200000000000000e+04 4.691200000000000000e+04
7.400249944258172063e-02 9.899999999999985478e-01 1.443289932012703503e-15 4.095709999999999854e+04 2.585727992268328762e+03 3.517600000000000000e+04 4.805700000000000000e+04
8.140274938683990380e-02 9.899999999999985478e-01 1.443289932012703503e-15 4.080812999999999738e+04 2.721430335889567232e+03 3.541800000000000000e+04 4.880100000000000000e+04
8.954302432552389834e-02 9.899999999999985478e-01 1.443289932012703503e-15 3.967284999999999854e+04 2.401836894441419190e+03 3.384900000000000000e+04 4.547900000000000000e+04
9.849732675807629234e-02 9.899999999999985478e-01 1.443289932012703503e-15 3.925423000000000320e+04 2.806784387355037779e+03 3.470300000000000000e+04 4.729800000000000000e+04
1.083470594338839244e-01 9.899999999999985478e-01 1.443289932012703503e-15 3.817255000000000291e+04 2.248316972203874684e+03 3.421800000000000000e+04 4.340800000000000000e+04
1.191817653772723196e-01 9.899999999999985478e-01 1.443289932012703503e-15 3.819773000000000320e+04 2.474483383880360634e+03 3.345000000000000000e+04 4.541800000000000000e+04
1.310999419149995737e-01 9.899999999999985478e-01 1.443289932012703503e-15 3.720304000000000087e+04 2.259815589467423706e+03 3.269700000000000000e+04 4.517200000000000000e+04
1.442099361064995422e-01 9.899999999999985478e-01 1.443289932012703503e-15 3.662501999999999680e+04 1.980361179078200394e+03 3.297800000000000000e+04 4.450400000000000000e+04
1.586309297171495103e-01 9.899999999999985478e-01 1.443289932012703503e-15 3.618745999999999913e+04 2.156409944421514865e+03 3.205000000000000000e+04 4.278500000000000000e+04
1.744940226888644641e-01 9.899999999999985478e-01 1.443289932012703503e-15 3.579206999999999971e+04 2.125537504985503801e+03 3.111300000000000000e+04 4.324900000000000000e+04
1.919434249577509355e-01 9.899999999999985478e-01 1.443289932012703503e-15 3.525148000000000320e+04 2.240940773336055827e+03 2.999300000000000000e+04 4.085200000000000000e+04
2.111377674535260540e-01 9.899999999999985478e-01 1.443289932012703503e-15 3.452951999999999680e+04 2.025860446723811265e+03 3.001900000000000000e+04 4.277800000000000000e+04
2.322515441988786677e-01 9.899999999999985478e-01 1.443289932012703503e-15 3.414298000000000320e+04 1.817275636660547889e+03 3.125000000000000000e+04 4.130700000000000000e+04
2.554766986187665401e-01 9.899999999999985478e-01 1.443289932012703503e-15 3.385497000000000116e+04 2.048777169215822596e+03 3.018300000000000000e+04 4.049800000000000000e+04
2.810243684806432163e-01 9.899999999999985478e-01 1.443289932012703503e-15 3.332937999999999738e+04 2.034561062145838378e+03 2.936600000000000000e+04 4.215100000000000000e+04
3.091268053287075657e-01 9.899999999999985478e-01 1.443289932012703503e-15 3.321886000000000058e+04 2.222988718010057710e+03 2.963100000000000000e+04 4.563800000000000000e+04
3.400394858615783389e-01 9.899999999999985478e-01 1.443289932012703503e-15 3.263850000000000000e+04 1.917975987858033704e+03 2.954900000000000000e+04 3.916600000000000000e+04
3.740434344477361894e-01 9.899999999999985478e-01 1.443289932012703503e-15 3.268627000000000044e+04 1.963606609558034734e+03 2.942200000000000000e+04 3.684300000000000000e+04
4.114477778925098583e-01 9.899999999999985478e-01 1.443289932012703503e-15 3.247829999999999927e+04 2.204265657764507978e+03 2.862000000000000000e+04 4.278700000000000000e+04
4.525925556817608775e-01 9.899999999999985478e-01 1.443289932012703503e-15 3.183227999999999884e+04 1.823927312586770768e+03 2.903900000000000000e+04 3.713300000000000000e+04
4.978518112499369930e-01 9.899979999999986013e-01 1.989974874213015278e-05 3.311320800000000163e+05 2.981833843769211788e+06 2.820900000000000000e+04 3.000000000000000000e+07
5.476369923749306867e-01 9.899499999999984423e-01 2.389560629069690427e-04 1.829736389999999898e+06 7.117092680973630399e+06 2.868600000000000000e+04 3.000000000000000000e+07
6.024006916124238220e-01 9.899519999999987219e-01 1.797108789138823195e-04 3.028311250000000000e+06 8.990563133809980005e+06 2.752900000000000000e+04 3.000000000000000000e+07
6.626407607736662930e-01 9.898179999999991985e-01 3.899692295553533429e-04 8.722290250000000000e+06 1.359861593246774003e+07 2.859600000000000000e+04 3.000000000000000000e+07
7.289048368510330222e-01 9.896439999999993020e-01 5.214057920660244896e-04 1.381692769999999925e+07 1.493629946312914230e+07 2.799600000000000000e+04 3.000000000000000000e+07
8.017953205361363356e-01 9.893519999999997871e-01 8.013089291902321691e-04 1.861192444000000134e+07 1.454636187268892303e+07 2.816400000000000000e+04 3.000000000000000000e+07
8.819748525897500580e-01 9.889899999999997027e-01 9.734988443752739607e-04 2.100926257000000030e+07 1.373357829533321038e+07 2.840600000000000000e+04 3.000000000000000000e+07
9.701723378487251415e-01 9.887350000000002526e-01 1.040132203135739168e-03 2.550467780999999866e+07 1.070100724569266476e+07 2.914300000000000000e+04 3.000000000000000000e+07
9.801723378487251503e-01 9.889709999999998224e-01 8.314198698611899307e-04 2.460560655999999866e+07 1.151365714152698219e+07 2.839200000000000000e+04 3.000000000000000000e+07
9.901723378487251592e-01 9.885839999999994632e-01 1.109839628054429045e-03 2.730271407000000030e+07 8.576822629858376458e+06 2.792200000000000000e+04 3.000000000000000000e+07
1.000172337848725057e+00 9.885679999999993361e-01 1.136211247964035408e-03 2.460573178999999911e+07 1.151338989084340259e+07 2.893300000000000000e+04 3.000000000000000000e+07
