1.000000000000000021e-02 9.899999999999985478e-01 1.443289932012703503e-15 5.462351000000000204e+04 4.131816178135228256e+03 4.790900000000000000e+04 6.852500000000000000e+04
1.100000000000000110e-02 9.899999999999985478e-01 1.443289932012703503e-15 5.375169999999999709e+04 3.997980714060536684e+03 4.500800000000000000e+04 6.327300000000000000e+04
1.210000000000000138e-02 9.899999999999985478e-01 1.443289932012703503e-15 5.234033000000000175e+04 4.081456950783629054e+03 4.531100000000000000e+04 6.551900000000000000e+04
1.331000000000000238e-02 9.899999999999985478e-01 1.443289932012703503e-15 5.121648000000000320e+04 3.803289251371764749e+03 4.217000000000000000e+04 6.224400000000000000e+04
1.464100000000000297e-02 9.899999999999985478e-01 1.443289932012703503e-15 5.044173000000000320e+04 3.778187191908309615e+03 4.428800000000000000e+04 6.159700000000000000e+04
1.610510000000000413e-02 9.899999999999985478e-01 1.443289932012703503e-15 4.965544000000000233e+04 3.338116679566488529e+03 4.345300000000000000e+04 5.956700000000000000e+04
1.771561000000000663e-02 9.899999999999985478e-01 1.443289932012703503e-15 4.887026999999999680e+04 3.425162290622153705e+03 4.289600000000000000e+04 6.055800000000000000e+04
1.948717100000000799e-02 9.899999999999985478e-01 1.443289932012703503e-15 4.791758999999999651e+04 3.546714361475984333e+03 4.103600000000000000e+04 5.862100000000000000e+04
2.143588810000001191e-02 9.899999999999985478e-01 1.443289932012703503e-15 4.669205000000000291e+04 3.205550737002926326e+03 3.930000000000000000e+04 5.312600000000000000e+04
2.357947691000001483e-02 9.899999999999985478e-01 1.443289932012703503e-15 4.579025000000000000e+04 3.056663842737699724e+03 4.001700000000000000e+04 5.234300000000000000e+04
2.593742460100001770e-02 9.899999999999985478e-01 1.443289932012703503e-15 4.542876999999999680e+04 3.010027607365088897e+03 3.834500000000000000e+04 5.207600000000000000e+04
2.853116706110002052e-02 9.899999999999985478e-01 1.443289932012703503e-15 4.453294000000000233e+04 2.936995372212901202e+03 3.842400000000000000e+04 5.338600000000000000e+04
3.138428376721002361e-02 9.899999999999985478e-01 1.443289932012703503e-15 4.411073999999999796e+04 2.929595120899814901e+03 3.637600000000000000e+04 5.203000000000000000e+04
3.452271214393103083e-02 9.899999999999985478e-01 1.443289932012703503e-15 4.365798000000000320e+04 3.126385859039155548e+03 3.772100000000000000e+04 5.273200000000000000e+04
3.797498335832413807e-02 9.899999999999985478e-01 1.443289932012703503e-15 4.149976000000000204e+04 2.927739281835047677e+03 3.566900000000000000e+04 5.023900000000000000e+04
4.177248169415655188e-02 9.899999999999985478e-01 1.443289932012703503e-15 4.172234999999999854e+04 2.902521508533571250e+03 3.527300000000000000e+04 4.859000000000000000e+04
4.594972986357220845e-02 9.899999999999985478e-01 1.443289932012703503e-15 4.054002999999999884e+04 2.847586618366507082e+03 3.555000000000000000e+04 5.171500000000000000e+04
5.054470284992943624e-02 9.899999999999985478e-01 1.443289932012703503e-15 3.951755000000000291e+04 2.491405255573649811e+03 3.419700000000000000e+04 4.760700000000000000e+04
5.559917313492238750e-02 9.899999999999985478e-01 1.443289932012703503e-15 3.993150000000000000e+04 3.007611655450217768e+03 3.275000000000000000e+04 5.303800000000000000e+04
6.115909044841463110e-02 9.899999999999985478e-01 1.443289932012703503e-15 3.823722000000000116e+04 2.663766561018438097e+03 3.231000000000000000e+04 4.471600000000000000e+04
6.727499949325610462e-02 9.899999999999985478e-01 1.443289932012703503e-15 3.774983999999999651e+04 2.528441293445430802e+03 3.114400000000000000e+04 4.489600000000000000e+04
7.400249944258172063e-02 9.899999999999985478e-01 1.443289932012703503e-15 3.701322000000000116e+04 2.556621937557448291e+03 3.147800000000000000e+04 4.848100000000000000e+04
8.140274938683990380e-02 9.899999999999985478e-01 1.443289932012703503e-15 3.636433999999999651e+04 2.383576221646791964e+03 3.174200000000000000e+04 4.285200000000000000e+04
8.954302432552389834e-02 9.899999999999985478e-01 1.443289932012703503e-15 3.648773999999999796e+04 2.617192906990235770e+03 3.103900000000000000e+04 4.219100000000000000e+04
9.849732675807629234e-02 9.899999999999985478e-01 1.443289932012703503e-15 3.504570999999999913e+04 2.262098708257444287e+03 2.959800000000000000e+04 4.381500000000000000e+04
1.083470594338839244e-01 9.899999999999985478e-01 1.443289932012703503e-15 3.473266000000000349e+04 2.357390265611529685e+03 2.925100000000000000e+04 4.080200000000000000e+04
1.191817653772723196e-01 9.899999999999985478e-01 1.443289932012703503e-15 3.425651999999999680e+04 2.436943694384422997e+03 2.936600000000000000e+04 4.186800000000000000e+04
1.310999419149995737e-01 9.899999999999985478e-01 1.443289932012703503e-15 3.293651999999999680e+04 2.319022162377927543e+03 2.814600000000000000e+04 3.919100000000000000e+04
1.442099361064995422e-01 9.899999999999985478e-01 1.443289932012703503e-15 3.263708000000000175e+04 2.041126319853820178e+03 2.929800000000000000e+04 3.898000000000000000e+04
1.586309297171495103e-01 9.899999999999985478e-01 1.443289932012703503e-15 3.223115999999999985e+04 2.097069830596968586e+03 2.853900000000000000e+04 4.246300000000000000e+04
1.744940226888644641e-01 9.899999999999985478e-01 1.443289932012703503e-15 3.211484999999999854e+04 2.628904332131543015e+03 2.745700000000000000e+04 4.108900000000000000e+04
1.919434249577509355e-01 9.899999999999985478e-01 1.443289932012703503e-15 3.099291999999999825e+04 1.776546102300753546e+03 2.650100000000000000e+04 3.588500000000000000e+04
2.111377674535260540e-01 9.899999999999985478e-01 1.443289932012703503e-15 3.099608000000000175e+04 2.233684631634465859e+03 2.559200000000000000e+04 4.053900000000000000e+04
2.322515441988786677e-01 9.899999999999985478e-01 1.443289932012703503e-15 3.041029000000000087e+04 1.932343154281868237e+03 2.617900000000000000e+04 3.538500000000000000e+04
2.554766986187665401e-01 9.899999999999985478e-01 1.443289932012703503e-15 2.950547000000000116e+04 1.810513769375973880e+03 2.604500000000000000e+04 3.633700000000000000e+04
2.810243684806432163e-01 9.899999999999985478e-01 1.443289932012703503e-15 2.936743000000000029e+04 1.800603633535154358e+03 2.622000000000000000e+04 3.562500000000000000e+04
3.091268053287075657e-01 9.899999999999985478e-01 1.443289932012703503e-15 2.883113000000000102e+04 1.891123066619409656e+03 2.557700000000000000e+04 3.480300000000000000e+04
3.400394858615783389e-01 9.899999999999985478e-01 1.443289932012703503e-15 2.891834999999999854e+04 2.381145482220689701e+03 2.470900000000000000e+04 3.798200000000000000e+04
3.740434344477361894e-01 9.899999999999985478e-01 1.443289932012703503e-15 2.814509999999999854e+04 1.512273318550585145e+03 2.451700000000000000e+04 3.186000000000000000e+04
4.114477778925098583e-01 9.899999999999985478e-01 1.443289932012703503e-15 2.807272000000000116e+04 2.263028807063666136e+03 2.402400000000000000e+04 3.546300000000000000e+04
4.525925556817608775e-01 9.899999999999985478e-01 1.443289932012703503e-15 2.806781999999999971e+04 2.334289096834409065e+03 2.460400000000000000e+04 3.865200000000000000e+04
4.978518112499369930e-01 9.899999999999985478e-01 1.443289932012703503e-15 2.744136999999999898e+04 2.360513442685722566e+03 2.375800000000000000e+04 4.008200000000000000e+04
5.476369923749306867e-01 9.899999999999985478e-01 1.443289932012703503e-15 2.695284000000000015e+04 1.671909684881333760e+03 2.360900000000000000e+04 3.227900000000000000e+04
6.024006916124238220e-01 9.899999999999985478e-01 1.443289932012703503e-15 2.724302000000000044e+04 1.791716763219008271e+03 2.359500000000000000e+04 3.156200000000000000e+04
6.626407607736662930e-01 9.899999999999985478e-01 1.443289932012703503e-15 2.672718999999999869e+04 1.936815172880468936e+03 2.355200000000000000e+04 3.397100000000000000e+04
7.289048368510330222e-01 9.899999999999985478e-01 1.443289932012703503e-15 2.682741999999999825e+04 1.809937359026549302e+03 2.398100000000000000e+04 3.268800000000000000e+04
8.017953205361363356e-01 9.899999999999985478e-01 1.443289932012703503e-15 2.689827000000000044e+04 1.787506883091643431e+03 2.413200000000000000e+04 3.214000000000000000e+04
8.819748525897500580e-01 9.899999999999985478e-01 1.443289932012703503e-15 2.691374000000000160e+04 2.154332809108193487e+03 2.378700000000000000e+04 3.609300000000000000e+04
9.701723378487251415e-01 9.899999999999985478e-01 1.443289932012703503e-15 2.670697000000000116e+04 2.151665789359491100e+03 2.364200000000000000e+04 3.447200000000000000e+04
9.801723378487251503e-01 9.899999999999985478e-01 1.443289932012703503e-15 2.660463000000000102e+04 1.707217746246799379e+03 2.406700000000000000e+04 3.268200000000000000e+04
9.901723378487251592e-01 9.899999999999985478e-01 1.443289932012703503e-15 2.693115999999999985e+04 1.819986377531436574e+03 2.283000000000000000e+04 3.499700000000000000e+04
1.000172337848725057e+00 9.899999999999985478e-01 1.443289932012703503e-15 2.695620000000000073e+04 2.318693791771565429e+03 2.304500000000000000e+04 3.675100000000000000e+04
