1.000000000000000021e-02 9.899999999999985478e-01 1.443289932012703503e-15 5.415761000000000058e+04 4.239313385195767296e+03 4.653600000000000000e+04 6.379300000000000000e+04
1.100000000000000110e-02 9.899999999999985478e-01 1.443289932012703503e-15 5.364590000000000146e+04 4.042029459318672252e+03 4.577700000000000000e+04 6.542400000000000000e+04
1.210000000000000138e-02 9.899999999999985478e-01 1.443289932012703503e-15 5.227204000000000087e+04 3.911488501632083626e+03 4.307900000000000000e+04 6.460800000000000000e+04
1.331000000000000238e-02 9.899999999999985478e-01 1.443289932012703503e-15 5.171320999999999913e+04 3.927752915586721883e+03 4.478300000000000000e+04 6.133400000000000000e+04
1.464100000000000297e-02 9.899999999999985478e-01 1.443289932012703503e-15 5.050973999999999796e+04 3.556683389395238464e+03 4.126000000000000000e+04 5.939800000000000000e+04
1.610510000000000413e-02 9.899999999999985478e-01 1.443289932012703503e-15 4.972138999999999942e+04 3.931598783942735736e+03 4.067700000000000000e+04 6.019300000000000000e+04
1.771561000000000663e-02 9.899999999999985478e-01 1.443289932012703503e-15 4.845245999999999913e+04 3.533579659269053536e+03 4.151200000000000000e+04 6.027700000000000000e+04
1.948717100000000799e-02 9.899999999999985478e-01 1.443289932012703503e-15 4.773455999999999767e+04 3.224977352850714396e+03 4.177300000000000000e+04 5.543300000000000000e+04
2.143588810000001191e-02 9.899999999999985478e-01 1.443289932012703503e-15 4.730291999999999825e+04 3.585547999065136992e+03 4.100300000000000000e+04 6.062800000000000000e+04
2.357947691000001483e-02 9.899999999999985478e-01 1.443289932012703503e-15 4.659876000000000204e+04 3.025772810770828073e+03 3.970700000000000000e+04 5.379500000000000000e+04
2.593742460100001770e-02 9.899999999999985478e-01 1.443289932012703503e-15 4.541223999999999796e+04 2.982709758323796450e+03 4.073100000000000000e+04 5.323900000000000000e+04
2.853116706110002052e-02 9.899999999999985478e-01 1.443289932012703503e-15 4.435912000000000262e+04 3.184213724862073377e+03 3.440700000000000000e+04 5.524200000000000000e+04
3.138428376721002361e-02 9.899999999999985478e-01 1.443289932012703503e-15 4.349605000000000291e+04 2.837917762638657223e+03 3.743000000000000000e+04 5.216200000000000000e+04
3.452271214393103083e-02 9.899999999999985478e-01 1.443289932012703503e-15 4.285545999999999913e+04 2.832746576804921915e+03 3.699900000000000000e+04 4.922100000000000000e+04
3.797498335832413807e-02 9.899999999999985478e-01 1.443289932012703503e-15 4.215087000000000262e+04 2.840385324757892704e+03 3.689900000000000000e+04 5.140300000000000000e+04
4.177248169415655188e-02 9.899999999999985478e-01 1.443289932012703503e-15 4.128258999999999651e+04 2.728288852357829001e+03 3.594000000000000000e+04 5.041300000000000000e+04
4.594972986357220845e-02 9.899999999999985478e-01 1.443289932012703503e-15 4.092362999999999738e+04 3.079018683460690681e+03 3.407500000000000000e+04 5.277800000000000000e+04
5.054470284992943624e-02 9.899999999999985478e-01 1.443289932012703503e-15 4.026516999999999825e+04 2.921815073049627699e+03 3.483700000000000000e+04 4.814000000000000000e+04
5.559917313492238750e-02 9.899999999999985478e-01 1.443289932012703503e-15 3.886854000000000087e+04 2.662208776260795730e+03 3.250700000000000000e+04 4.487800000000000000e+04
6.115909044841463110e-02 9.899999999999985478e-01 1.443289932012703503e-15 3.851405000000000291e+04 2.567316822579557993e+03 3.384600000000000000e+04 4.626100000000000000e+04
6.727499949325610462e-02 9.899999999999985478e-01 1.443289932012703503e-15 3.787462000000000262e+04 2.604813397462474768e+03 3.286500000000000000e+04 4.813200000000000000e+04
7.400249944258172063e-02 9.899999999999985478e-01 1.443289932012703503e-15 3.700665000000000146e+04 2.784097610986368181e+03 3.048800000000000000e+04 4.552300000000000000e+04
8.140274938683990380e-02 9.899999999999985478e-01 1.443289932012703503e-15 3.617408000000000175e+04 2.058915076830513954e+03 3.144700000000000000e+04 4.147900000000000000e+04
8.954302432552389834e-02 9.899999999999985478e-01 1.443289932012703503e-15 3.572283000000000175e+04 2.391859561324618880e+03 3.041700000000000000e+04 4.146500000000000000e+04
9.849732675807629234e-02 9.899999999999985478e-01 1.443289932012703503e-15 3.523263999999999942e+04 2.440127556174061738e+03 3.074100000000000000e+04 4.336100000000000000e+04
1.083470594338839244e-01 9.899999999999985478e-01 1.443289932012703503e-15 3.407972000000000116e+04 2.158941981990252316e+03 2.995900000000000000e+04 4.075900000000000000e+04
1.191817653772723196e-01 9.899999999999985478e-01 1.443289932012703503e-15 3.382662999999999738e+04 2.475132516270592987e+03 2.914600000000000000e+04 4.092200000000000000e+04
1.310999419149995737e-01 9.899999999999985478e-01 1.443289932012703503e-15 3.363609999999999854e+04 2.557849575326899412e+03 2.963400000000000000e+04 4.212800000000000000e+04
1.442099361064995422e-01 9.899999999999985478e-01 1.443289932012703503e-15 3.303425000000000000e+04 2.606651424241453697e+03 2.906100000000000000e+04 4.276100000000000000e+04
1.586309297171495103e-01 9.899999999999985478e-01 1.443289932012703503e-15 3.190115000000000146e+04 2.144938877334270728e+03 2.816800000000000000e+04 3.809100000000000000e+04
1.744940226888644641e-01 9.899999999999985478e-01 1.443289932012703503e-15 3.143634999999999854e+04 2.394894575445858663e+03 2.787900000000000000e+04 4.159400000000000000e+04
1.919434249577509355e-01 9.899999999999985478e-01 1.443289932012703503e-15 3.138365999999999985e+04 2.084661378833502567e+03 2.818100000000000000e+04 3.815100000000000000e+04
2.111377674535260540e-01 9.899999999999985478e-01 1.443289932012703503e-15 3.088684000000000015e+04 2.192406849651770699e+03 2.656700000000000000e+04 3.855200000000000000e+04
2.322515441988786677e-01 9.899999999999985478e-01 1.443289932012703503e-15 3.065836999999999898e+04 2.195681109154970272e+03 2.681800000000000000e+04 3.716900000000000000e+04
2.554766986187665401e-01 9.899999999999985478e-01 1.443289932012703503e-15 3.003761999999999898e+04 1.917024714394678767e+03 2.647600000000000000e+04 3.505900000000000000e+04
2.810243684806432163e-01 9.899999999999985478e-01 1.443289932012703503e-15 2.960050999999999840e+04 1.866090659614371134e+03 2.570400000000000000e+04 3.607700000000000000e+04
3.091268053287075657e-01 9.899999999999985478e-01 1.443289932012703503e-15 2.912965000000000146e+04 1.816396775900023385e+03 2.548200000000000000e+04 3.397700000000000000e+04
3.400394858615783389e-01 9.899999999999985478e-01 1.443289932012703503e-15 2.863727000000000044e+04 1.751425190266487107e+03 2.553700000000000000e+04 3.523500000000000000e+04
3.740434344477361894e-01 9.899999999999985478e-01 1.443289932012703503e-15 2.807809000000000015e+04 1.855702886213199463e+03 2.467000000000000000e+04 3.494700000000000000e+04
4.114477778925098583e-01 9.899999999999985478e-01 1.443289932012703503e-15 2.830983000000000175e+04 2.016377628595397709e+03 2.407000000000000000e+04 3.513100000000000000e+04
4.525925556817608775e-01 9.899999999999985478e-01 1.443289932012703503e-15 2.775920999999999913e+04 2.148352337467018060e+03 2.433000000000000000e+04 3.524000000000000000e+04
4.978518112499369930e-01 9.899999999999985478e-01 1.443289932012703503e-15 2.722966999999999825e+04 1.764320912164224183e+03 2.435600000000000000e+04 3.293700000000000000e+04
5.476369923749306867e-01 9.899999999999985478e-01 1.443289932012703503e-15 2.720075999999999840e+04 1.946066361252873776e+03 2.407000000000000000e+04 3.350400000000000000e+04
6.024006916124238220e-01 9.899999999999985478e-01 1.443289932012703503e-15 2.734561999999999898e+04 2.045471436026423817e+03 2.317200000000000000e+04 3.684100000000000000e+04
6.626407607736662930e-01 9.899999999999985478e-01 1.443289932012703503e-15 2.685186000000000058e+04 1.921475251050608449e+03 2.409300000000000000e+04 3.461300000000000000e+04
7.289048368510330222e-01 9.899999999999985478e-01 1.443289932012703503e-15 2.668491999999999825e+04 1.740559706990828545e+03 2.349800000000000000e+04 3.340700000000000000e+04
8.017953205361363356e-01 9.899999999999985478e-01 1.443289932012703503e-15 2.643941999999999825e+04 1.646140061963136759e+03 2.402400000000000000e+04 3.309100000000000000e+04
8.819748525897500580e-01 9.899999999999985478e-01 1.443289932012703503e-15 2.715731999999999971e+04 2.020657050961394816e+03 2.336700000000000000e+04 3.403600000000000000e+04
9.701723378487251415e-01 9.899999999999985478e-01 1.443289932012703503e-15 2.675850000000000000e+04 1.654433325945775323e+03 2.376300000000000000e+04 3.300500000000000000e+04
9.801723378487251503e-01 9.899999999999985478e-01 1.443289932012703503e-15 2.678522000000000116e+04 1.860763093894545136e+03 2.381900000000000000e+04 3.262600000000000000e+04
9.901723378487251592e-01 9.899999999999985478e-01 1.443289932012703503e-15 2.685350999999999840e+04 2.266676472260653554e+03 2.353000000000000000e+04 3.808100000000000000e+04
1.000172337848725057e+00 9.899999999999985478e-01 1.443289932012703503e-15 2.665106999999999971e+04 2.042356772236428242e+03 2.259600000000000000e+04 3.586400000000000000e+04
