1.000000000000000021e-02 9.899999999999985478e-01 1.443289932012703503e-15 5.286641000000000349e+04 3.733585799456066979e+03 4.327000000000000000e+04 6.379900000000000000e+04
1.100000000000000110e-02 9.899999999999985478e-01 1.443289932012703503e-15 5.257769000000000233e+04 4.065787817127204562e+03 4.179800000000000000e+04 6.377800000000000000e+04
1.210000000000000138e-02 9.899999999999985478e-01 1.443289932012703503e-15 5.156155999999999767e+04 4.244450210145007077e+03 4.050200000000000000e+04 6.525400000000000000e+04
1.331000000000000238e-02 9.899999999999985478e-01 1.443289932012703503e-15 5.006333999999999651e+04 3.658125777553307216e+03 4.287700000000000000e+04 5.827400000000000000e+04
1.464100000000000297e-02 9.899999999999985478e-01 1.443289932012703503e-15 4.902491000000000349e+04 3.811933926748993599e+03 4.196100000000000000e+04 6.286000000000000000e+04
1.610510000000000413e-02 9.899999999999985478e-01 1.443289932012703503e-15 4.827048999999999796e+04 3.495762527675470665e+03 3.965000000000000000e+04 5.817900000000000000e+04
1.771561000000000663e-02 9.899999999999985478e-01 1.443289932012703503e-15 4.810800000000000000e+04 3.242819473852961892e+03 4.054800000000000000e+04 5.698700000000000000e+04
1.948717100000000799e-02 9.899999999999985478e-01 1.443289932012703503e-15 4.670973000000000320e+04 3.566259398459400018e+03 3.949700000000000000e+04 5.588500000000000000e+04
2.143588810000001191e-02 9.899999999999985478e-01 1.443289932012703503e-15 4.586520999999999913e+04 3.191996203929447347e+03 3.821200000000000000e+04 5.580400000000000000e+04
2.357947691000001483e-02 9.899999999999985478e-01 1.443289932012703503e-15 4.503676000000000204e+04 3.572905660999181237e+03 3.778600000000000000e+04 5.503400000000000000e+04
2.593742460100001770e-02 9.899999999999985478e-01 1.443289932012703503e-15 4.470187000000000262e+04 3.250053327731715399e+03 3.765300000000000000e+04 5.484300000000000000e+04
2.853116706110002052e-02 9.899999999999985478e-01 1.443289932012703503e-15 4.298694000000000233e+04 2.958890629340664873e+03 3.637900000000000000e+04 5.039800000000000000e+04
3.138428376721002361e-02 9.899999999999985478e-01 1.443289932012703503e-15 4.313556999999999971e+04 3.405370888038482462e+03 3.591700000000000000e+04 5.090100000000000000e+04
3.452271214393103083e-02 9.899999999999985478e-01 1.443289932012703503e-15 4.176694000000000233e+04 2.914289377601339311e+03 3.558300000000000000e+04 4.756800000000000000e+04
3.797498335832413807e-02 9.899999999999985478e-01 1.443289932012703503e-15 4.135561000000000058e+04 3.076060353422865319e+03 3.524700000000000000e+04 4.826000000000000000e+04
4.177248169415655188e-02 9.899999999999985478e-01 1.443289932012703503e-15 4.038687000000000262e+04 2.887468505992749670e+03 3.396400000000000000e+04 5.071000000000000000e+04
4.594972986357220845e-02 9.899999999999985478e-01 1.443289932012703503e-15 3.933465000000000146e+04 2.870331668553305008e+03 3.342500000000000000e+04 4.596900000000000000e+04
5.054470284992943624e-02 9.899999999999985478e-01 1.443289932012703503e-15 3.892787000000000262e+04 3.128899799146658097e+03 3.333300000000000000e+04 4.988100000000000000e+04
5.559917313492238750e-02 9.899999999999985478e-01 1.443289932012703503e-15 3.797931999999999971e+04 2.752710289442025896e+03 3.105100000000000000e+04 4.549500000000000000e+04
6.115909044841463110e-02 9.899999999999985478e-01 1.443289932012703503e-15 3.737358000000000175e+04 2.468832076833091378e+03 3.139500000000000000e+04 4.336100000000000000e+04
6.727499949325610462e-02 9.899999999999985478e-01 1.443289932012703503e-15 3.685655000000000291e+04 2.845071835209086657e+03 3.136400000000000000e+04 4.623200000000000000e+04
7.400249944258172063e-02 9.899999999999985478e-01 1.443289932012703503e-15 3.574405999999999767e+04 2.250113916316238374e+03 2.927600000000000000e+04 4.192700000000000000e+04
8.140274938683990380e-02 9.899999999999985478e-01 1.443289932012703503e-15 3.556048000000000320e+04 2.753596025127868870e+03 3.006100000000000000e+04 4.570300000000000000e+04
8.954302432552389834e-02 9.899999999999985478e-01 1.443289932012703503e-15 3.446429000000000087e+04 2.295916593846561682e+03 2.991100000000000000e+04 4.235200000000000000e+04
9.849732675807629234e-02 9.899999999999985478e-01 1.443289932012703503e-15 3.418654000000000087e+04 2.313045569892646654e+03 2.948500000000000000e+04 4.098600000000000000e+04
1.083470594338839244e-01 9.899999999999985478e-01 1.443289932012703503e-15 3.335559999999999854e+04 2.558884503059878170e+03 2.818600000000000000e+04 4.296500000000000000e+04
1.191817653772723196e-01 9.899999999999985478e-01 1.443289932012703503e-15 3.286904000000000087e+04 2.248165767553629394e+03 2.851900000000000000e+04 3.881000000000000000e+04
1.310999419149995737e-01 9.899999999999985478e-01 1.443289932012703503e-15 3.198090000000000146e+04 1.952937231454201537e+03 2.852000000000000000e+04 3.871000000000000000e+04
1.442099361064995422e-01 9.899999999999985478e-01 1.443289932012703503e-15 3.178984999999999854e+04 2.402470038835032483e+03 2.696800000000000000e+04 4.263600000000000000e+04
1.586309297171495103e-01 9.899999999999985478e-01 1.443289932012703503e-15 3.141545000000000073e+04 2.129311946967846325e+03 2.687600000000000000e+04 3.750200000000000000e+04
1.744940226888644641e-01 9.899999999999985478e-01 1.443289932012703503e-15 3.084215999999999985e+04 2.017233872013852761e+03 2.566700000000000000e+04 3.779700000000000000e+04
1.919434249577509355e-01 9.899999999999985478e-01 1.443289932012703503e-15 2.990225000000000000e+04 1.814436735601437249e+03 2.701500000000000000e+04 3.672900000000000000e+04
2.111377674535260540e-01 9.899999999999985478e-01 1.443289932012703503e-15 2.938275000000000000e+04 1.842766764270508475e+03 2.615800000000000000e+04 3.539100000000000000e+04
2.322515441988786677e-01 9.899999999999985478e-01 1.443289932012703503e-15 2.931088999999999942e+04 2.140684156502308724e+03 2.488800000000000000e+04 3.704000000000000000e+04
2.554766986187665401e-01 9.899999999999985478e-01 1.443289932012703503e-15 2.896175000000000000e+04 2.137674668301984639e+03 2.460300000000000000e+04 3.462500000000000000e+04
2.810243684806432163e-01 9.899999999999985478e-01 1.443289932012703503e-15 2.865938999999999942e+04 1.935150970312135541e+03 2.496400000000000000e+04 3.437900000000000000e+04
3.091268053287075657e-01 9.899999999999985478e-01 1.443289932012703503e-15 2.805327000000000044e+04 2.319107836453492837e+03 2.455600000000000000e+04 3.613600000000000000e+04
3.400394858615783389e-01 9.899999999999985478e-01 1.443289932012703503e-15 2.768168000000000029e+04 2.081345006864551124e+03 2.433700000000000000e+04 3.317800000000000000e+04
3.740434344477361894e-01 9.899999999999985478e-01 1.443289932012703503e-15 2.724766999999999825e+04 1.844232903160552269e+03 2.339100000000000000e+04 3.502800000000000000e+04
4.114477778925098583e-01 9.899999999999985478e-01 1.443289932012703503e-15 2.708427999999999884e+04 1.812072316879213531e+03 2.387500000000000000e+04 3.354900000000000000e+04
4.525925556817608775e-01 9.899999999999985478e-01 1.443289932012703503e-15 2.645286000000000058e+04 1.750594813313463192e+03 2.364000000000000000e+04 3.301800000000000000e+04
4.978518112499369930e-01 9.899999999999985478e-01 1.443289932012703503e-15 2.658029000000000087e+04 1.902897066554047342e+03 2.348600000000000000e+04 3.218500000000000000e+04
5.476369923749306867e-01 9.899999999999985478e-01 1.443289932012703503e-15 2.621213999999999942e+04 1.878266504093601270e+03 2.317100000000000000e+04 3.328000000000000000e+04
6.024006916124238220e-01 9.899999999999985478e-01 1.443289932012703503e-15 2.643140000000000146e+04 2.243004088270906777e+03 2.289100000000000000e+04 3.882800000000000000e+04
6.626407607736662930e-01 9.899999999999985478e-01 1.443289932012703503e-15 2.608529999999999927e+04 2.047771610800383996e+03 2.288400000000000000e+04 3.540300000000000000e+04
7.289048368510330222e-01 9.899999999999985478e-01 1.443289932012703503e-15 2.599220999999999913e+04 1.859952517108971961e+03 2.330000000000000000e+04 3.360300000000000000e+04
8.017953205361363356e-01 9.899999999999985478e-01 1.443289932012703503e-15 2.595506000000000131e+04 2.084373540515230616e+03 2.231600000000000000e+04 3.314800000000000000e+04
8.819748525897500580e-01 9.899999999999985478e-01 1.443289932012703503e-15 2.567584999999999854e+04 1.698596334477382470e+03 2.309300000000000000e+04 3.182000000000000000e+04
9.701723378487251415e-01 9.899999999999985478e-01 1.443289932012703503e-15 2.572236000000000058e+04 1.740124228438878163e+03 2.281700000000000000e+04 3.201600000000000000e+04
9.801723378487251503e-01 9.899999999999985478e-01 1.443289932012703503e-15 2.622729000000000087e+04 2.660389799615838001e+03 2.240300000000000000e+04 4.083300000000000000e+04
9.901723378487251592e-01 9.899999999999985478e-01 1.443289932012703503e-15 2.556961999999999898e+04 1.420894308384687974e+03 2.250700000000000000e+04 2.940700000000000000e+04
1.000172337848725057e+00 9.899999999999985478e-01 1.443289932012703503e-15 2.624206000000000131e+04 1.943581877976845590e+03 2.241600000000000000e+04 3.155200000000000000e+04
