1.000000000000000021e-02 9.899999999999985478e-01 1.443289932012703503e-15 5.377066000000000349e+04 4.012218187536665482e+03 4.519300000000000000e+04 6.746800000000000000e+04
1.100000000000000110e-02 9.899999999999985478e-01 1.443289932012703503e-15 5.414837999999999738e+04 3.757470395838136483e+03 4.459800000000000000e+04 6.325400000000000000e+04
1.210000000000000138e-02 9.899999999999985478e-01 1.443289932012703503e-15 5.291447000000000116e+04 3.733043561103994762e+03 4.400200000000000000e+04 6.124000000000000000e+04
1.331000000000000238e-02 9.899999999999985478e-01 1.443289932012703503e-15 5.101084999999999854e+04 3.439485602164951160e+03 4.456900000000000000e+04 5.975600000000000000e+04
1.464100000000000297e-02 9.899999999999985478e-01 1.443289932012703503e-15 5.050598999999999796e+04 3.786257250887741066e+03 4.252800000000000000e+04 6.318800000000000000e+04
1.610510000000000413e-02 9.899999999999985478e-01 1.443289932012703503e-15 4.942355999999999767e+04 3.462653832885984230e+03 4.147500000000000000e+04 5.645100000000000000e+04
1.771561000000000663e-02 9.899999999999985478e-01 1.443289932012703503e-15 4.930069000000000233e+04 3.577205987065883619e+03 4.125700000000000000e+04 6.238000000000000000e+04
1.948717100000000799e-02 9.899999999999985478e-01 1.443289932012703503e-15 4.763879000000000087e+04 2.937262488423531522e+03 4.195600000000000000e+04 5.841200000000000000e+04
2.143588810000001191e-02 9.899999999999985478e-01 1.443289932012703503e-15 4.656731999999999971e+04 3.131203902271457082e+03 4.088800000000000000e+04 5.461400000000000000e+04
2.357947691000001483e-02 9.899999999999985478e-01 1.443289932012703503e-15 4.629206999999999971e+04 2.916440097979042093e+03 3.886100000000000000e+04 5.451500000000000000e+04
2.593742460100001770e-02 9.899999999999985478e-01 1.443289932012703503e-15 4.565587999999999738e+04 2.974919935998278561e+03 3.723600000000000000e+04 5.410600000000000000e+04
2.853116706110002052e-02 9.899999999999985478e-01 1.443289932012703503e-15 4.481797000000000116e+04 3.212652631253493837e+03 3.685100000000000000e+04 5.401200000000000000e+04
3.138428376721002361e-02 9.899999999999985478e-01 1.443289932012703503e-15 4.392512999999999738e+04 2.744372732173966142e+03 3.780200000000000000e+04 5.358400000000000000e+04
3.452271214393103083e-02 9.899999999999985478e-01 1.443289932012703503e-15 4.354676999999999680e+04 3.337284054002594985e+03 3.686900000000000000e+04 5.695900000000000000e+04
3.797498335832413807e-02 9.899999999999985478e-01 1.443289932012703503e-15 4.272398999999999796e+04 3.189138173535288843e+03 3.731400000000000000e+04 5.113500000000000000e+04
4.177248169415655188e-02 9.899999999999985478e-01 1.443289932012703503e-15 4.102187000000000262e+04 3.188918226154443346e+03 3.485100000000000000e+04 5.358000000000000000e+04
4.594972986357220845e-02 9.899999999999985478e-01 1.443289932012703503e-15 4.063761000000000058e+04 2.700791653922975001e+03 3.320300000000000000e+04 4.768000000000000000e+04
5.054470284992943624e-02 9.899999999999985478e-01 1.443289932012703503e-15 4.038583000000000175e+04 3.203776056640039315e+03 3.415900000000000000e+04 5.429200000000000000e+04
5.559917313492238750e-02 9.899999999999985478e-01 1.443289932012703503e-15 3.890134999999999854e+04 2.553974445349835150e+03 3.296800000000000000e+04 4.660000000000000000e+04
6.115909044841463110e-02 9.899999999999985478e-01 1.443289932012703503e-15 3.898659999999999854e+04 2.875075185103860349e+03 3.323700000000000000e+04 4.580900000000000000e+04
6.727499949325610462e-02 9.899999999999985478e-01 1.443289932012703503e-15 3.818044000000000233e+04 2.514189870793373757e+03 3.312500000000000000e+04 4.419800000000000000e+04
7.400249944258172063e-02 9.899999999999985478e-01 1.443289932012703503e-15 3.713201000000000204e+04 2.579022591971617203e+03 3.309900000000000000e+04 4.506400000000000000e+04
8.140274938683990380e-02 9.899999999999985478e-01 1.443289932012703503e-15 3.670727999999999884e+04 2.292058001360349863e+03 3.099500000000000000e+04 4.246800000000000000e+04
8.954302432552389834e-02 9.899999999999985478e-01 1.443289932012703503e-15 3.576601999999999680e+04 2.518771891140600928e+03 3.121300000000000000e+04 4.414600000000000000e+04
9.849732675807629234e-02 9.899999999999985478e-01 1.443289932012703503e-15 3.514986000000000058e+04 2.430634098419587190e+03 2.969900000000000000e+04 4.213400000000000000e+04
1.083470594338839244e-01 9.899999999999985478e-01 1.443289932012703503e-15 3.435916000000000349e+04 2.190700621810291977e+03 3.070400000000000000e+04 4.266500000000000000e+04
1.191817653772723196e-01 9.899999999999985478e-01 1.443289932012703503e-15 3.402612999999999738e+04 2.378704793180524121e+03 2.882700000000000000e+04 4.118800000000000000e+04
1.310999419149995737e-01 9.899999999999985478e-01 1.443289932012703503e-15 3.352858000000000175e+04 2.318850366798169034e+03 2.877200000000000000e+04 4.073000000000000000e+04
1.442099361064995422e-01 9.899999999999985478e-01 1.443289932012703503e-15 3.306323000000000320e+04 2.336692687774753267e+03 2.828400000000000000e+04 4.088500000000000000e+04
1.586309297171495103e-01 9.899999999999985478e-01 1.443289932012703503e-15 3.232374000000000160e+04 1.976508677542297164e+03 2.792800000000000000e+04 3.845300000000000000e+04
1.744940226888644641e-01 9.899999999999985478e-01 1.443289932012703503e-15 3.209263999999999942e+04 2.214903246284135093e+03 2.796100000000000000e+04 3.894600000000000000e+04
1.919434249577509355e-01 9.899999999999985478e-01 1.443289932012703503e-15 3.138943999999999869e+04 2.060723539536537828e+03 2.702600000000000000e+04 3.941500000000000000e+04
2.111377674535260540e-01 9.899999999999985478e-01 1.443289932012703503e-15 3.106390000000000146e+04 2.080674306565061670e+03 2.719800000000000000e+04 3.953100000000000000e+04
2.322515441988786677e-01 9.899999999999985478e-01 1.443289932012703503e-15 3.036338999999999942e+04 1.964112475878100213e+03 2.558200000000000000e+04 3.676800000000000000e+04
2.554766986187665401e-01 9.899999999999985478e-01 1.443289932012703503e-15 3.003681000000000131e+04 1.954543643385841506e+03 2.657900000000000000e+04 3.566600000000000000e+04
2.810243684806432163e-01 9.899999999999985478e-01 1.443289932012703503e-15 2.974268000000000029e+04 1.947417520101942728e+03 2.598800000000000000e+04 3.477100000000000000e+04
3.091268053287075657e-01 9.899999999999985478e-01 1.443289932012703503e-15 2.931943999999999869e+04 2.328775933060113402e+03 2.550200000000000000e+04 4.038700000000000000e+04
3.400394858615783389e-01 9.899999999999985478e-01 1.443289932012703503e-15 2.876718999999999869e+04 1.779893450153687809e+03 2.524100000000000000e+04 3.349600000000000000e+04
3.740434344477361894e-01 9.899999999999985478e-01 1.443289932012703503e-15 2.863772000000000116e+04 2.243474234663728112e+03 2.523200000000000000e+04 3.962600000000000000e+04
4.114477778925098583e-01 9.899999999999985478e-01 1.443289932012703503e-15 2.800581000000000131e+04 1.928397825631422620e+03 2.427200000000000000e+04 3.353600000000000000e+04
4.525925556817608775e-01 9.899999999999985478e-01 1.443289932012703503e-15 2.798043999999999869e+04 2.636923761962033495e+03 2.414600000000000000e+04 4.431100000000000000e+04
4.978518112499369930e-01 9.899999999999985478e-01 1.443289932012703503e-15 2.761804999999999927e+04 1.857702416292770977e+03 2.429200000000000000e+04 3.559700000000000000e+04
5.476369923749306867e-01 9.899999999999985478e-01 1.443289932012703503e-15 2.748195000000000073e+04 1.859663036009480948e+03 2.411000000000000000e+04 3.448500000000000000e+04
6.024006916124238220e-01 9.899999999999985478e-01 1.443289932012703503e-15 2.728077999999999884e+04 1.741561423435876804e+03 2.383800000000000000e+04 3.202200000000000000e+04
6.626407607736662930e-01 9.899999999999985478e-01 1.443289932012703503e-15 2.712820000000000073e+04 1.975066530524984046e+03 2.421000000000000000e+04 3.555600000000000000e+04
7.289048368510330222e-01 9.899999999999985478e-01 1.443289932012703503e-15 2.713490000000000146e+04 1.924429367371013768e+03 2.356100000000000000e+04 3.410300000000000000e+04
8.017953205361363356e-01 9.899999999999985478e-01 1.443289932012703503e-15 2.730381999999999971e+04 2.715853163851094905e+03 2.386300000000000000e+04 4.472800000000000000e+04
8.819748525897500580e-01 9.899999999999985478e-01 1.443289932012703503e-15 2.730483000000000175e+04 1.833489394869793159e+03 2.368100000000000000e+04 3.450700000000000000e+04
9.701723378487251415e-01 9.899999999999985478e-01 1.443289932012703503e-15 2.664525999999999840e+04 1.849368252241829396e+03 2.312800000000000000e+04 3.641800000000000000e+04
9.801723378487251503e-01 9.899999999999985478e-01 1.443289932012703503e-15 2.655520999999999913e+04 1.785208504881151839e+03 2.315000000000000000e+04 3.253400000000000000e+04
9.901723378487251592e-01 9.899999999999985478e-01 1.443289932012703503e-15 2.734020000000000073e+04 2.081563542148064698e+03 2.359100000000000000e+04 3.252200000000000000e+04
1.000172337848725057e+00 9.899999999999985478e-01 1.443289932012703503e-15 2.669224000000000160e+04 1.856157095291236146e+03 2.350800000000000000e+04 3.376500000000000000e+04
