1.000000000000000021e-02 9.899999999999985478e-01 1.443289932012703503e-15 5.695601999999999680e+04 3.350200417825775276e+03 4.747800000000000000e+04 6.341100000000000000e+04
1.100000000000000110e-02 9.899999999999985478e-01 1.443289932012703503e-15 5.651155000000000291e+04 3.974201981215850992e+03 4.796800000000000000e+04 6.532600000000000000e+04
1.210000000000000138e-02 9.899999999999985478e-01 1.443289932012703503e-15 5.541748000000000320e+04 3.438478976175367279e+03 4.778800000000000000e+04 6.685700000000000000e+04
1.331000000000000238e-02 9.899999999999985478e-01 1.443289932012703503e-15 5.367540000000000146e+04 3.282188458940162946e+03 4.575600000000000000e+04 6.092200000000000000e+04
1.464100000000000297e-02 9.899999999999985478e-01 1.443289932012703503e-15 5.306800000000000000e+04 3.469073371953957576e+03 4.458700000000000000e+04 6.141000000000000000e+04
1.610510000000000413e-02 9.899999999999985478e-01 1.443289932012703503e-15 5.201333999999999651e+04 3.368331786567351173e+03 4.304900000000000000e+04 6.265900000000000000e+04
1.771561000000000663e-02 9.899999999999985478e-01 1.443289932012703503e-15 5.194772000000000116e+04 3.135190265613874999e+03 4.460500000000000000e+04 5.865700000000000000e+04
1.948717100000000799e-02 9.899999999999985478e-01 1.443289932012703503e-15 5.056545999999999913e+04 3.587017793153526782e+03 4.127600000000000000e+04 6.286000000000000000e+04
2.143588810000001191e-02 9.899999999999985478e-01 1.443289932012703503e-15 4.977844000000000233e+04 3.398595145997828695e+03 3.967700000000000000e+04 5.863200000000000000e+04
2.357947691000001483e-02 9.899999999999985478e-01 1.443289932012703503e-15 4.938061000000000058e+04 3.301881956990588606e+03 4.197200000000000000e+04 6.126900000000000000e+04
2.593742460100001770e-02 9.899999999999985478e-01 1.443289932012703503e-15 4.889483000000000175e+04 3.239244381194479047e+03 4.308100000000000000e+04 5.942700000000000000e+04
2.853116706110002052e-02 9.899999999999985478e-01 1.443289932012703503e-15 4.809055000000000291e+04 2.806690597037727457e+03 4.138200000000000000e+04 5.648000000000000000e+04
3.138428376721002361e-02 9.899999999999985478e-01 1.443289932012703503e-15 4.701108999999999651e+04 3.704546825443025682e+03 3.943600000000000000e+04 5.633000000000000000e+04
3.452271214393103083e-02 9.899999999999985478e-01 1.443289932012703503e-15 4.644901999999999680e+04 2.642317993656327417e+03 4.081500000000000000e+04 5.489900000000000000e+04
3.797498335832413807e-02 9.899999999999985478e-01 1.443289932012703503e-15 4.495368000000000029e+04 3.036247967080422768e+03 3.853000000000000000e+04 5.519700000000000000e+04
4.177248169415655188e-02 9.899999999999985478e-01 1.443289932012703503e-15 4.383348999999999796e+04 3.239914009645934584e+03 3.864900000000000000e+04 5.539800000000000000e+04
4.594972986357220845e-02 9.899999999999985478e-01 1.443289932012703503e-15 4.368429000000000087e+04 2.748833088039359154e+03 3.787700000000000000e+04 5.058500000000000000e+04
5.054470284992943624e-02 9.899999999999985478e-01 1.443289932012703503e-15 4.333533000000000175e+04 2.699413532806709100e+03 3.840400000000000000e+04 5.328300000000000000e+04
5.559917313492238750e-02 9.899999999999985478e-01 1.443289932012703503e-15 4.276690000000000146e+04 3.201160641080044570e+03 3.604100000000000000e+04 5.465700000000000000e+04
6.115909044841463110e-02 9.899999999999985478e-01 1.443289932012703503e-15 4.137733000000000175e+04 2.642960347999946407e+03 3.622400000000000000e+04 4.923500000000000000e+04
6.727499949325610462e-02 9.899999999999985478e-01 1.443289932012703503e-15 4.053765000000000146e+04 2.816990661592615197e+03 3.480000000000000000e+04 5.223200000000000000e+04
7.400249944258172063e-02 9.899999999999985478e-01 1.443289932012703503e-15 4.018058999999999651e+04 2.752128304040346848e+03 3.404000000000000000e+04 4.729800000000000000e+04
8.140274938683990380e-02 9.899999999999985478e-01 1.443289932012703503e-15 3.965591999999999825e+04 2.623197985970559785e+03 3.425000000000000000e+04 4.925800000000000000e+04
8.954302432552389834e-02 9.899999999999985478e-01 1.443289932012703503e-15 3.862291999999999825e+04 2.544512521800590093e+03 3.388300000000000000e+04 4.850400000000000000e+04
9.849732675807629234e-02 9.899999999999985478e-01 1.443289932012703503e-15 3.826401000000000204e+04 2.436542925930097226e+03 3.386100000000000000e+04 4.837500000000000000e+04
1.083470594338839244e-01 9.899999999999985478e-01 1.443289932012703503e-15 3.757726000000000204e+04 2.012251344241071820e+03 3.235000000000000000e+04 4.320000000000000000e+04
1.191817653772723196e-01 9.899999999999985478e-01 1.443289932012703503e-15 3.736505000000000291e+04 2.367615654514051585e+03 3.161100000000000000e+04 4.372400000000000000e+04
1.310999419149995737e-01 9.899999999999985478e-01 1.443289932012703503e-15 3.635850000000000000e+04 2.420846597783510788e+03 3.169100000000000000e+04 4.480100000000000000e+04
1.442099361064995422e-01 9.899999999999985478e-01 1.443289932012703503e-15 3.558644999999999709e+04 2.174553500721469391e+03 3.166300000000000000e+04 4.059800000000000000e+04
1.586309297171495103e-01 9.899999999999985478e-01 1.443289932012703503e-15 3.545861000000000058e+04 2.091142639300342125e+03 3.079900000000000000e+04 4.322200000000000000e+04
1.744940226888644641e-01 9.899999999999985478e-01 1.443289932012703503e-15 3.454608000000000175e+04 2.260403582018043380e+03 3.075600000000000000e+04 4.584100000000000000e+04
1.919434249577509355e-01 9.899999999999985478e-01 1.443289932012703503e-15 3.415430000000000291e+04 1.779555615877177388e+03 3.021400000000000000e+04 3.819600000000000000e+04
2.111377674535260540e-01 9.899999999999985478e-01 1.443289932012703503e-15 3.422401999999999680e+04 2.338820001539238092e+03 3.017800000000000000e+04 4.084600000000000000e+04
2.322515441988786677e-01 9.899999999999985478e-01 1.443289932012703503e-15 3.338965000000000146e+04 1.968345484791732133e+03 3.008500000000000000e+04 3.951900000000000000e+04
2.554766986187665401e-01 9.899999999999985478e-01 1.443289932012703503e-15 3.312698000000000320e+04 2.494238737490859876e+03 2.873900000000000000e+04 4.682200000000000000e+04
2.810243684806432163e-01 9.899999999999985478e-01 1.443289932012703503e-15 3.244504000000000087e+04 2.566273597728815730e+03 2.926000000000000000e+04 4.453400000000000000e+04
3.091268053287075657e-01 9.899999999999985478e-01 1.443289932012703503e-15 3.198690000000000146e+04 2.000771333761057122e+03 2.783100000000000000e+04 3.846900000000000000e+04
3.400394858615783389e-01 9.899999999999985478e-01 1.443289932012703503e-15 3.184299000000000160e+04 1.840507052390726358e+03 2.868400000000000000e+04 4.052300000000000000e+04
3.740434344477361894e-01 9.899999999999985478e-01 1.443289932012703503e-15 3.165650000000000000e+04 1.880949193891211962e+03 2.800200000000000000e+04 3.603800000000000000e+04
4.114477778925098583e-01 9.899999999999985478e-01 1.443289932012703503e-15 3.103490999999999985e+04 1.753490833138285780e+03 2.661100000000000000e+04 3.615100000000000000e+04
4.525925556817608775e-01 9.899999999999985478e-01 1.443289932012703503e-15 3.098311000000000058e+04 1.846234719070140500e+03 2.796900000000000000e+04 3.603400000000000000e+04
4.978518112499369930e-01 9.899999999999985478e-01 1.443289932012703503e-15 3.053368000000000029e+04 1.776359917809451417e+03 2.754300000000000000e+04 3.714900000000000000e+04
5.476369923749306867e-01 9.899999999999985478e-01 1.443289932012703503e-15 3.043543999999999869e+04 1.678948172636665959e+03 2.773200000000000000e+04 3.651900000000000000e+04
6.024006916124238220e-01 9.899999999999985478e-01 1.443289932012703503e-15 3.021375000000000000e+04 1.786195971191291164e+03 2.719900000000000000e+04 3.462800000000000000e+04
6.626407607736662930e-01 9.899999999999985478e-01 1.443289932012703503e-15 3.009816999999999825e+04 2.153098544214824869e+03 2.645400000000000000e+04 3.806600000000000000e+04
7.289048368510330222e-01 9.899999999999985478e-01 1.443289932012703503e-15 3.008154000000000087e+04 2.063582391958218523e+03 2.708000000000000000e+04 3.846200000000000000e+04
8.017953205361363356e-01 9.899999999999985478e-01 1.443289932012703503e-15 3.040822999999999956e+04 1.898407110474463025e+03 2.698000000000000000e+04 3.705300000000000000e+04
8.819748525897500580e-01 9.899999999999985478e-01 1.443289932012703503e-15 2.998256000000000131e+04 2.094690570561675486e+03 2.588900000000000000e+04 3.785600000000000000e+04
9.701723378487251415e-01 9.899999999999985478e-01 1.443289932012703503e-15 3.036204999999999927e+04 1.958088518811138783e+03 2.768000000000000000e+04 3.680400000000000000e+04
9.801723378487251503e-01 9.899999999999985478e-01 1.443289932012703503e-15 3.002938000000000102e+04 2.118777736243232994e+03 2.586200000000000000e+04 3.924900000000000000e+04
9.901723378487251592e-01 9.899999999999985478e-01 1.443289932012703503e-15 2.996504000000000087e+04 1.849250837068892451e+03 2.646300000000000000e+04 3.575800000000000000e+04
1.000172337848725057e+00 9.899999999999985478e-01 1.443289932012703503e-15 2.964202999999999884e+04 1.818545690682529994e+03 2.657900000000000000e+04 3.684400000000000000e+04
