1.000000000000000021e-02 9.899999999999985478e-01 1.443289932012703503e-15 9.891020000000000437e+03 2.821347195933178731e-01 9.890000000000000000e+03 9.892000000000000000e+03
1.100000000000000110e-02 9.899999999999985478e-01 1.443289932012703503e-15 9.891040000000000873e+03 3.136877428271622192e-01 9.890000000000000000e+03 9.892000000000000000e+03
1.210000000000000138e-02 9.899999999999985478e-01 1.443289932012703503e-15 9.891010000000000218e+03 2.998332870112989657e-01 9.890000000000000000e+03 9.892000000000000000e+03
1.331000000000000238e-02 9.899999999999985478e-01 1.443289932012703503e-15 9.891040000000000873e+03 3.136877428271621082e-01 9.890000000000000000e+03 9.893000000000000000e+03
1.464100000000000297e-02 9.899999999999985478e-01 1.443289932012703503e-15 9.891000000000000000e+03 3.741657386773941663e-01 9.890000000000000000e+03 9.892000000000000000e+03
1.610510000000000413e-02 9.899999999999985478e-01 1.443289932012703503e-15 9.890909999999999854e+03 4.264973622427222777e-01 9.889000000000000000e+03 9.892000000000000000e+03
1.771561000000000663e-02 9.899999999999985478e-01 1.443289932012703503e-15 9.890979999999999563e+03 2.821347195933177066e-01 9.890000000000000000e+03 9.892000000000000000e+03
1.948717100000000799e-02 9.899999999999985478e-01 1.443289932012703503e-15 9.890969999999999345e+03 3.593048844644333162e-01 9.890000000000000000e+03 9.892000000000000000e+03
2.143588810000001191e-02 9.899999999999985478e-01 1.443289932012703503e-15 9.891020000000000437e+03 3.458323293158114820e-01 9.890000000000000000e+03 9.892000000000000000e+03
2.357947691000001483e-02 9.899999999999985478e-01 1.443289932012703503e-15 9.890959999999999127e+03 4.223742416388572840e-01 9.889000000000000000e+03 9.892000000000000000e+03
2.593742460100001770e-02 9.899999999999985478e-01 1.443289932012703503e-15 9.890969999999999345e+03 5.376802023508033823e-01 9.890000000000000000e+03 9.894000000000000000e+03
2.853116706110002052e-02 9.899999999999985478e-01 1.443289932012703503e-15 9.891020000000000437e+03 4.894895300208163547e-01 9.890000000000000000e+03 9.892000000000000000e+03
3.138428376721002361e-02 9.899999999999985478e-01 1.443289932012703503e-15 9.890989999999999782e+03 5.195190083144213267e-01 9.889000000000000000e+03 9.892000000000000000e+03
3.452271214393103083e-02 9.899999999999985478e-01 1.443289932012703503e-15 9.890969999999999345e+03 4.786439177509728693e-01 9.890000000000000000e+03 9.892000000000000000e+03
3.797498335832413807e-02 9.899999999999985478e-01 1.443289932012703503e-15 9.891030000000000655e+03 4.572745346069473360e-01 9.889000000000000000e+03 9.892000000000000000e+03
4.177248169415655188e-02 9.899999999999985478e-01 1.443289932012703503e-15 9.891010000000000218e+03 4.998999899979991723e-01 9.890000000000000000e+03 9.892000000000000000e+03
4.594972986357220845e-02 9.899999999999985478e-01 1.443289932012703503e-15 9.891040000000000873e+03 6.916646586316231859e-01 9.888000000000000000e+03 9.893000000000000000e+03
5.054470284992943624e-02 9.899999999999985478e-01 1.443289932012703503e-15 9.891030000000000655e+03 6.550572494064925699e-01 9.889000000000000000e+03 9.893000000000000000e+03
5.559917313492238750e-02 9.899999999999985478e-01 1.443289932012703503e-15 9.891030000000000655e+03 7.804485889538136378e-01 9.889000000000000000e+03 9.893000000000000000e+03
6.115909044841463110e-02 9.899999999999985478e-01 1.443289932012703503e-15 9.890950000000000728e+03 6.689544080129823378e-01 9.889000000000000000e+03 9.893000000000000000e+03
6.727499949325610462e-02 9.899999999999985478e-01 1.443289932012703503e-15 9.891120000000000800e+03 6.968500556073745633e-01 9.889000000000000000e+03 9.893000000000000000e+03
7.400249944258172063e-02 9.899999999999985478e-01 1.443289932012703503e-15 9.891079999999999927e+03 7.959899496852951284e-01 9.889000000000000000e+03 9.893000000000000000e+03
8.140274938683990380e-02 9.899999999999985478e-01 1.443289932012703503e-15 9.890920000000000073e+03 7.833262411026445937e-01 9.888000000000000000e+03 9.893000000000000000e+03
8.954302432552389834e-02 9.899999999999985478e-01 1.443289932012703503e-15 9.890989999999999782e+03 7.140728254176877954e-01 9.889000000000000000e+03 9.894000000000000000e+03
9.849732675807629234e-02 9.899999999999985478e-01 1.443289932012703503e-15 9.890899999999999636e+03 8.774964387392134579e-01 9.888000000000000000e+03 9.893000000000000000e+03
1.083470594338839244e-01 9.899999999999985478e-01 1.443289932012703503e-15 9.891100000000000364e+03 9.746794344808975552e-01 9.889000000000000000e+03 9.893000000000000000e+03
1.191817653772723196e-01 9.899999999999985478e-01 1.443289932012703503e-15 9.890989999999999782e+03 1.043982758478318562e+00 9.888000000000000000e+03 9.894000000000000000e+03
1.310999419149995737e-01 9.899999999999985478e-01 1.443289932012703503e-15 9.890959999999999127e+03 1.112834219459483798e+00 9.888000000000000000e+03 9.894000000000000000e+03
1.442099361064995422e-01 9.899999999999985478e-01 1.443289932012703503e-15 9.891120000000000800e+03 1.151347037169941023e+00 9.886000000000000000e+03 9.894000000000000000e+03
1.586309297171495103e-01 9.899999999999985478e-01 1.443289932012703503e-15 9.890959999999999127e+03 1.076289923765896051e+00 9.888000000000000000e+03 9.893000000000000000e+03
1.744940226888644641e-01 9.899999999999985478e-01 1.443289932012703503e-15 9.890899999999999636e+03 1.195826074310140985e+00 9.888000000000000000e+03 9.893000000000000000e+03
1.919434249577509355e-01 9.899999999999985478e-01 1.443289932012703503e-15 9.890719999999999345e+03 1.265543361564510194e+00 9.887000000000000000e+03 9.893000000000000000e+03
2.111377674535260540e-01 9.899999999999985478e-01 1.443289932012703503e-15 9.890989999999999782e+03 1.170427272409524377e+00 9.888000000000000000e+03 9.894000000000000000e+03
2.322515441988786677e-01 9.899999999999985478e-01 1.443289932012703503e-15 9.891139999999999418e+03 1.272949331277564600e+00 9.889000000000000000e+03 9.894000000000000000e+03
2.554766986187665401e-01 9.899999999999985478e-01 1.443289932012703503e-15 9.891329999999999927e+03 1.311907008899638960e+00 9.888000000000000000e+03 9.895000000000000000e+03
2.810243684806432163e-01 9.899999999999985478e-01 1.443289932012703503e-15 9.890959999999999127e+03 1.326046756340063082e+00 9.888000000000000000e+03 9.894000000000000000e+03
3.091268053287075657e-01 9.899999999999985478e-01 1.443289932012703503e-15 9.890969999999999345e+03 1.322535443759448093e+00 9.888000000000000000e+03 9.894000000000000000e+03
3.400394858615783389e-01 9.899999999999985478e-01 1.443289932012703503e-15 9.890770000000000437e+03 1.502364802569601476e+00 9.886000000000000000e+03 9.894000000000000000e+03
3.740434344477361894e-01 9.899999999999985478e-01 1.443289932012703503e-15 9.891049999999999272e+03 1.538668255342913627e+00 9.887000000000000000e+03 9.894000000000000000e+03
4.114477778925098583e-01 9.899999999999985478e-01 1.443289932012703503e-15 9.891110000000000582e+03 1.509271347372631134e+00 9.888000000000000000e+03 9.895000000000000000e+03
4.525925556817608775e-01 9.899999999999985478e-01 1.443289932012703503e-15 9.891270000000000437e+03 1.630061348538758947e+00 9.888000000000000000e+03 9.895000000000000000e+03
4.978518112499369930e-01 9.899999999999985478e-01 1.443289932012703503e-15 9.891170000000000073e+03 1.789161814928989847e+00 9.887000000000000000e+03 9.894000000000000000e+03
5.476369923749306867e-01 9.899999999999985478e-01 1.443289932012703503e-15 9.890790000000000873e+03 1.812705160802494442e+00 9.887000000000000000e+03 9.894000000000000000e+03
6.024006916124238220e-01 9.899999999999985478e-01 1.443289932012703503e-15 9.890979999999999563e+03 1.489832205317094482e+00 9.887000000000000000e+03 9.895000000000000000e+03
6.626407607736662930e-01 9.899999999999985478e-01 1.443289932012703503e-15 9.890959999999999127e+03 1.875739854030937126e+00 9.887000000000000000e+03 9.895000000000000000e+03
7.289048368510330222e-01 9.899999999999985478e-01 1.443289932012703503e-15 9.890959999999999127e+03 1.994592690250316824e+00 9.884000000000000000e+03 9.894000000000000000e+03
8.017953205361363356e-01 9.899999999999985478e-01 1.443289932012703503e-15 9.891020000000000437e+03 2.054166497633528543e+00 9.884000000000000000e+03 9.895000000000000000e+03
8.819748525897500580e-01 9.899999999999985478e-01 1.443289932012703503e-15 9.891270000000000437e+03 1.917576595601854228e+00 9.887000000000000000e+03 9.895000000000000000e+03
9.701723378487251415e-01 9.899999999999985478e-01 1.443289932012703503e-15 9.890930000000000291e+03 1.779072792215091736e+00 9.885000000000000000e+03 9.895000000000000000e+03
9.801723378487251503e-01 9.899999999999985478e-01 1.443289932012703503e-15 9.890540000000000873e+03 2.338461032388607475e+00 9.884000000000000000e+03 9.895000000000000000e+03
9.901723378487251592e-01 9.899999999999985478e-01 1.443289932012703503e-15 9.891309999999999491e+03 2.119882072191754840e+00 9.886000000000000000e+03 9.895000000000000000e+03
1.000172337848725057e+00 9.899999999999985478e-01 1.443289932012703503e-15 9.891209999999999127e+03 1.904179613376846936e+00 9.885000000000000000e+03 9.895000000000000000e+03
