1.000000000000000021e-02 9.899999999999985478e-01 1.443289932012703503e-15 4.350880999999999767e+04 2.981755270625005323e+03 3.677700000000000000e+04 5.036100000000000000e+04
1.100000000000000110e-02 9.899999999999985478e-01 1.443289932012703503e-15 4.276276000000000204e+04 2.899048892723265908e+03 3.472400000000000000e+04 5.017000000000000000e+04
1.210000000000000138e-02 9.899999999999985478e-01 1.443289932012703503e-15 4.135416999999999825e+04 2.818911804420280532e+03 3.397500000000000000e+04 4.830800000000000000e+04
1.331000000000000238e-02 9.899999999999985478e-01 1.443289932012703503e-15 4.014730000000000291e+04 2.668674485582684156e+03 3.521700000000000000e+04 4.608300000000000000e+04
1.464100000000000297e-02 9.899999999999985478e-01 1.443289932012703503e-15 4.000601000000000204e+04 2.778806558560707344e+03 3.367200000000000000e+04 4.735100000000000000e+04
1.610510000000000413e-02 9.899999999999985478e-01 1.443289932012703503e-15 3.899301000000000204e+04 2.577537652469892237e+03 3.411900000000000000e+04 4.579600000000000000e+04
1.771561000000000663e-02 9.899999999999985478e-01 1.443289932012703503e-15 3.803562999999999738e+04 2.531711877979008932e+03 3.362900000000000000e+04 4.456300000000000000e+04
1.948717100000000799e-02 9.899999999999985478e-01 1.443289932012703503e-15 3.747573999999999796e+04 2.533168449274544400e+03 3.186200000000000000e+04 4.427100000000000000e+04
2.143588810000001191e-02 9.899999999999985478e-01 1.443289932012703503e-15 3.661120999999999913e+04 2.369035935966358466e+03 3.115900000000000000e+04 4.241300000000000000e+04
2.357947691000001483e-02 9.899999999999985478e-01 1.443289932012703503e-15 3.541445999999999913e+04 2.297652521248589437e+03 2.990600000000000000e+04 3.990100000000000000e+04
2.593742460100001770e-02 9.899999999999985478e-01 1.443289932012703503e-15 3.511844000000000233e+04 2.314381642339914833e+03 2.977400000000000000e+04 4.219000000000000000e+04
2.853116706110002052e-02 9.899999999999985478e-01 1.443289932012703503e-15 3.413229000000000087e+04 2.335673163330005991e+03 2.969400000000000000e+04 4.088700000000000000e+04
3.138428376721002361e-02 9.899999999999985478e-01 1.443289932012703503e-15 3.317880000000000291e+04 2.129293253640747480e+03 2.853500000000000000e+04 4.048700000000000000e+04
3.452271214393103083e-02 9.899999999999985478e-01 1.443289932012703503e-15 3.249822000000000116e+04 2.061280827931991553e+03 2.785300000000000000e+04 3.786900000000000000e+04
3.797498335832413807e-02 9.899999999999985478e-01 1.443289932012703503e-15 3.172063999999999942e+04 1.746640137635683914e+03 2.757200000000000000e+04 3.698100000000000000e+04
4.177248169415655188e-02 9.899999999999985478e-01 1.443289932012703503e-15 3.085165999999999985e+04 1.904482823340762252e+03 2.732100000000000000e+04 3.571400000000000000e+04
4.594972986357220845e-02 9.899999999999985478e-01 1.443289932012703503e-15 3.072497999999999956e+04 1.871268355848513693e+03 2.688900000000000000e+04 3.517500000000000000e+04
5.054470284992943624e-02 9.899999999999985478e-01 1.443289932012703503e-15 2.976845000000000073e+04 1.659565632176082545e+03 2.624100000000000000e+04 3.495700000000000000e+04
5.559917313492238750e-02 9.899999999999985478e-01 1.443289932012703503e-15 2.914025000000000000e+04 1.457974563392654090e+03 2.612800000000000000e+04 3.298100000000000000e+04
6.115909044841463110e-02 9.899999999999985478e-01 1.443289932012703503e-15 2.818338000000000102e+04 1.478116252396948767e+03 2.499800000000000000e+04 3.231700000000000000e+04
6.727499949325610462e-02 9.899999999999985478e-01 1.443289932012703503e-15 2.770056999999999971e+04 1.397769374789703761e+03 2.467400000000000000e+04 3.114700000000000000e+04
7.400249944258172063e-02 9.899999999999985478e-01 1.443289932012703503e-15 2.721584999999999854e+04 1.590313040725001201e+03 2.409400000000000000e+04 3.223000000000000000e+04
8.140274938683990380e-02 9.899999999999985478e-01 1.443289932012703503e-15 2.681827999999999884e+04 1.487681660033489834e+03 2.392400000000000000e+04 3.076300000000000000e+04
8.954302432552389834e-02 9.899999999999985478e-01 1.443289932012703503e-15 2.612368999999999869e+04 1.375114189403920136e+03 2.353200000000000000e+04 3.277700000000000000e+04
9.849732675807629234e-02 9.899999999999985478e-01 1.443289932012703503e-15 2.522436000000000058e+04 1.296014980777614483e+03 2.274200000000000000e+04 2.923300000000000000e+04
1.083470594338839244e-01 9.899999999999985478e-01 1.443289932012703503e-15 2.464736999999999898e+04 1.185389376154518686e+03 2.164000000000000000e+04 2.808300000000000000e+04
1.191817653772723196e-01 9.899999999999985478e-01 1.443289932012703503e-15 2.433068000000000029e+04 1.256934158021016174e+03 2.252900000000000000e+04 2.893500000000000000e+04
1.310999419149995737e-01 9.899999999999985478e-01 1.443289932012703503e-15 2.362695000000000073e+04 1.249339396441174813e+03 2.133600000000000000e+04 2.676500000000000000e+04
1.442099361064995422e-01 9.899999999999985478e-01 1.443289932012703503e-15 2.307870999999999913e+04 1.168889578146712665e+03 2.068900000000000000e+04 2.647700000000000000e+04
1.586309297171495103e-01 9.899999999999985478e-01 1.443289932012703503e-15 2.251833000000000175e+04 1.128843638906646675e+03 2.011100000000000000e+04 2.653000000000000000e+04
1.744940226888644641e-01 9.899999999999985478e-01 1.443289932012703503e-15 2.183595000000000073e+04 9.962802655377652172e+02 1.984400000000000000e+04 2.486300000000000000e+04
1.919434249577509355e-01 9.899999999999985478e-01 1.443289932012703503e-15 2.166858000000000175e+04 1.090397415440810846e+03 1.994600000000000000e+04 2.502000000000000000e+04
2.111377674535260540e-01 9.899999999999985478e-01 1.443289932012703503e-15 2.118390000000000146e+04 9.748399817405933163e+02 1.969400000000000000e+04 2.539600000000000000e+04
2.322515441988786677e-01 9.899999999999985478e-01 1.443289932012703503e-15 2.049834999999999854e+04 7.968372904803088659e+02 1.913400000000000000e+04 2.300100000000000000e+04
2.554766986187665401e-01 9.899999999999985478e-01 1.443289932012703503e-15 2.019511999999999898e+04 9.501925623788055191e+02 1.806600000000000000e+04 2.385900000000000000e+04
2.810243684806432163e-01 9.899999999999985478e-01 1.443289932012703503e-15 1.988663000000000102e+04 8.191324392917180148e+02 1.809600000000000000e+04 2.281900000000000000e+04
3.091268053287075657e-01 9.899999999999985478e-01 1.443289932012703503e-15 1.955104999999999927e+04 9.399193941503707492e+02 1.772100000000000000e+04 2.271600000000000000e+04
3.400394858615783389e-01 9.899999999999985478e-01 1.443289932012703503e-15 1.928299000000000160e+04 6.767515865515204041e+02 1.808500000000000000e+04 2.125100000000000000e+04
3.740434344477361894e-01 9.899999999999985478e-01 1.443289932012703503e-15 1.906970999999999913e+04 7.377320285171305159e+02 1.778600000000000000e+04 2.147300000000000000e+04
4.114477778925098583e-01 9.899999999999985478e-01 1.443289932012703503e-15 1.862584000000000015e+04 6.584184189404181780e+02 1.735700000000000000e+04 2.047400000000000000e+04
4.525925556817608775e-01 9.899999999999985478e-01 1.443289932012703503e-15 1.845468000000000029e+04 6.494411579196378170e+02 1.697800000000000000e+04 1.990100000000000000e+04
4.978518112499369930e-01 9.899999999999985478e-01 1.443289932012703503e-15 1.825459999999999854e+04 7.093427662280064396e+02 1.699200000000000000e+04 2.001600000000000000e+04
5.476369923749306867e-01 9.899999999999985478e-01 1.443289932012703503e-15 1.801681000000000131e+04 6.353843670566657238e+02 1.669000000000000000e+04 2.000900000000000000e+04
6.024006916124238220e-01 9.899999999999985478e-01 1.443289932012703503e-15 1.786681999999999971e+04 6.273574480310247736e+02 1.611400000000000000e+04 1.929200000000000000e+04
6.626407607736662930e-01 9.899999999999985478e-01 1.443289932012703503e-15 1.776870999999999913e+04 7.288105555629667833e+02 1.566300000000000000e+04 1.961200000000000000e+04
7.289048368510330222e-01 9.899999999999985478e-01 1.443289932012703503e-15 1.773806999999999971e+04 6.994279413206195386e+02 1.607400000000000000e+04 1.998500000000000000e+04
8.017953205361363356e-01 9.899999999999985478e-01 1.443289932012703503e-15 1.770193000000000029e+04 7.453586687628984464e+02 1.639300000000000000e+04 1.988800000000000000e+04
8.819748525897500580e-01 9.899999999999985478e-01 1.443289932012703503e-15 1.752972000000000116e+04 6.321607244997114776e+02 1.626100000000000000e+04 1.935400000000000000e+04
9.701723378487251415e-01 9.899999999999985478e-01 1.443289932012703503e-15 1.763870000000000073e+04 6.796484311760013952e+02 1.631500000000000000e+04 1.988100000000000000e+04
9.801723378487251503e-01 9.899999999999985478e-01 1.443289932012703503e-15 1.757538999999999942e+04 6.845237599236422739e+02 1.639600000000000000e+04 1.979000000000000000e+04
9.901723378487251592e-01 9.899999999999985478e-01 1.443289932012703503e-15 1.759890000000000146e+04 6.737874219663052600e+02 1.622600000000000000e+04 1.998600000000000000e+04
1.000172337848725057e+00 9.899999999999985478e-01 1.443289932012703503e-15 1.747891999999999825e+04 6.268379484364361360e+02 1.631900000000000000e+04 1.919700000000000000e+04
