1.000000000000000021e-02 9.899999999999985478e-01 1.443289932012703503e-15 5.325868000000000029e+04 3.648306075098414567e+03 4.343400000000000000e+04 6.242700000000000000e+04
1.100000000000000110e-02 9.899999999999985478e-01 1.443289932012703503e-15 5.259301999999999680e+04 3.978130219035068421e+03 4.438300000000000000e+04 6.645800000000000000e+04
1.210000000000000138e-02 9.899999999999985478e-01 1.443289932012703503e-15 5.139218000000000029e+04 3.903243147383979704e+03 4.262200000000000000e+04 6.388300000000000000e+04
1.331000000000000238e-02 9.899999999999985478e-01 1.443289932012703503e-15 5.095330999999999767e+04 3.936643925210916223e+03 4.267700000000000000e+04 6.300900000000000000e+04
1.464100000000000297e-02 9.899999999999985478e-01 1.443289932012703503e-15 5.012634999999999854e+04 4.103239106791122140e+03 3.999800000000000000e+04 6.376800000000000000e+04
1.610510000000000413e-02 9.899999999999985478e-01 1.443289932012703503e-15 4.877280999999999767e+04 3.360389247378940127e+03 4.143100000000000000e+04 5.763000000000000000e+04
1.771561000000000663e-02 9.899999999999985478e-01 1.443289932012703503e-15 4.855577999999999884e+04 3.455816058704514035e+03 4.071500000000000000e+04 5.985400000000000000e+04
1.948717100000000799e-02 9.899999999999985478e-01 1.443289932012703503e-15 4.723140000000000146e+04 3.377644184931266409e+03 4.028700000000000000e+04 6.053600000000000000e+04
2.143588810000001191e-02 9.899999999999985478e-01 1.443289932012703503e-15 4.720169999999999709e+04 3.231864429396753621e+03 4.020300000000000000e+04 5.657200000000000000e+04
2.357947691000001483e-02 9.899999999999985478e-01 1.443289932012703503e-15 4.576151000000000204e+04 3.365354904003439060e+03 3.806200000000000000e+04 5.384800000000000000e+04
2.593742460100001770e-02 9.899999999999985478e-01 1.443289932012703503e-15 4.483872000000000116e+04 3.092937869017093817e+03 3.858400000000000000e+04 5.358400000000000000e+04
2.853116706110002052e-02 9.899999999999985478e-01 1.443289932012703503e-15 4.412609999999999854e+04 2.828856717827893135e+03 3.918700000000000000e+04 5.237700000000000000e+04
3.138428376721002361e-02 9.899999999999985478e-01 1.443289932012703503e-15 4.390094999999999709e+04 3.284463628585343486e+03 3.704200000000000000e+04 5.115700000000000000e+04
3.452271214393103083e-02 9.899999999999985478e-01 1.443289932012703503e-15 4.176658000000000175e+04 2.716871374136066606e+03 3.650000000000000000e+04 5.028700000000000000e+04
3.797498335832413807e-02 9.899999999999985478e-01 1.443289932012703503e-15 4.150716999999999825e+04 2.959076579120587212e+03 3.671000000000000000e+04 5.062100000000000000e+04
4.177248169415655188e-02 9.899999999999985478e-01 1.443289932012703503e-15 4.132011000000000058e+04 2.986105660873372926e+03 3.371200000000000000e+04 4.934600000000000000e+04
4.594972986357220845e-02 9.899999999999985478e-01 1.443289932012703503e-15 4.074491000000000349e+04 2.970849064139745224e+03 3.367600000000000000e+04 4.864200000000000000e+04
5.054470284992943624e-02 9.899999999999985478e-01 1.443289932012703503e-15 3.924005000000000291e+04 2.461248180801765102e+03 3.418000000000000000e+04 4.659900000000000000e+04
5.559917313492238750e-02 9.899999999999985478e-01 1.443289932012703503e-15 3.838068000000000029e+04 2.576634377943443724e+03 3.414900000000000000e+04 4.537900000000000000e+04
6.115909044841463110e-02 9.899999999999985478e-01 1.443289932012703503e-15 3.800001999999999680e+04 2.686279244531364839e+03 3.292900000000000000e+04 4.802200000000000000e+04
6.727499949325610462e-02 9.899999999999985478e-01 1.443289932012703503e-15 3.722200000000000000e+04 2.753289665109721227e+03 3.064300000000000000e+04 4.409100000000000000e+04
7.400249944258172063e-02 9.899999999999985478e-01 1.443289932012703503e-15 3.656444000000000233e+04 2.401835482792275343e+03 3.306000000000000000e+04 4.338700000000000000e+04
8.140274938683990380e-02 9.899999999999985478e-01 1.443289932012703503e-15 3.581719000000000233e+04 2.803576389881323848e+03 3.040000000000000000e+04 4.627200000000000000e+04
8.954302432552389834e-02 9.899999999999985478e-01 1.443289932012703503e-15 3.477866999999999825e+04 2.082748952970568098e+03 2.999200000000000000e+04 3.950700000000000000e+04
9.849732675807629234e-02 9.899999999999985478e-01 1.443289932012703503e-15 3.489608999999999651e+04 2.879808733562005273e+03 3.035100000000000000e+04 4.699700000000000000e+04
1.083470594338839244e-01 9.899999999999985478e-01 1.443289932012703503e-15 3.421952999999999884e+04 2.145721209547037233e+03 3.016800000000000000e+04 3.988400000000000000e+04
1.191817653772723196e-01 9.899999999999985478e-01 1.443289932012703503e-15 3.347630000000000291e+04 2.381282690064328108e+03 2.782500000000000000e+04 4.014600000000000000e+04
1.310999419149995737e-01 9.899999999999985478e-01 1.443289932012703503e-15 3.297397000000000116e+04 2.040499098039496630e+03 2.854600000000000000e+04 3.918500000000000000e+04
1.442099361064995422e-01 9.899999999999985478e-01 1.443289932012703503e-15 3.227099000000000160e+04 2.260601665464307189e+03 2.646700000000000000e+04 4.030700000000000000e+04
1.586309297171495103e-01 9.899999999999985478e-01 1.443289932012703503e-15 3.173722000000000116e+04 2.106189818511142676e+03 2.792500000000000000e+04 3.872900000000000000e+04
1.744940226888644641e-01 9.899999999999985478e-01 1.443289932012703503e-15 3.162602999999999884e+04 2.297004904021756374e+03 2.659100000000000000e+04 3.965200000000000000e+04
1.919434249577509355e-01 9.899999999999985478e-01 1.443289932012703503e-15 3.102679999999999927e+04 2.190437422068935120e+03 2.622400000000000000e+04 3.860100000000000000e+04
2.111377674535260540e-01 9.899999999999985478e-01 1.443289932012703503e-15 3.004654000000000087e+04 1.916281119355925739e+03 2.671700000000000000e+04 3.822500000000000000e+04
2.322515441988786677e-01 9.899999999999985478e-01 1.443289932012703503e-15 3.008188000000000102e+04 1.953493707591606608e+03 2.611500000000000000e+04 3.552500000000000000e+04
2.554766986187665401e-01 9.899999999999985478e-01 1.443289932012703503e-15 2.961209000000000015e+04 2.018812839740227218e+03 2.601800000000000000e+04 3.641800000000000000e+04
2.810243684806432163e-01 9.899999999999985478e-01 1.443289932012703503e-15 2.864452999999999884e+04 1.972294990385566280e+03 2.499600000000000000e+04 3.603200000000000000e+04
3.091268053287075657e-01 9.899999999999985478e-01 1.443289932012703503e-15 2.854472000000000116e+04 1.928485400929962907e+03 2.490800000000000000e+04 3.565600000000000000e+04
3.400394858615783389e-01 9.899999999999985478e-01 1.443289932012703503e-15 2.837354000000000087e+04 1.904882045797061892e+03 2.474100000000000000e+04 3.404100000000000000e+04
3.740434344477361894e-01 9.899999999999985478e-01 1.443289932012703503e-15 2.767777999999999884e+04 1.981792968904673444e+03 2.429200000000000000e+04 3.464200000000000000e+04
4.114477778925098583e-01 9.899999999999985478e-01 1.443289932012703503e-15 2.789847999999999956e+04 1.919008340159051613e+03 2.489400000000000000e+04 3.393000000000000000e+04
4.525925556817608775e-01 9.899999999999985478e-01 1.443289932012703503e-15 2.709143999999999869e+04 1.783601123121422233e+03 2.361700000000000000e+04 3.440100000000000000e+04
4.978518112499369930e-01 9.899999999999985478e-01 1.443289932012703503e-15 2.698488999999999942e+04 1.657561895646735593e+03 2.391300000000000000e+04 3.163300000000000000e+04
5.476369923749306867e-01 9.899999999999985478e-01 1.443289932012703503e-15 2.655684999999999854e+04 1.831308403164251104e+03 2.322000000000000000e+04 3.319700000000000000e+04
6.024006916124238220e-01 9.899999999999985478e-01 1.443289932012703503e-15 2.686858000000000175e+04 2.311382357724484791e+03 2.372300000000000000e+04 3.798200000000000000e+04
6.626407607736662930e-01 9.899999999999985478e-01 1.443289932012703503e-15 2.667441999999999825e+04 2.175720093118597561e+03 2.313700000000000000e+04 3.615800000000000000e+04
7.289048368510330222e-01 9.899999999999985478e-01 1.443289932012703503e-15 2.672649000000000160e+04 2.043453300151486246e+03 2.357300000000000000e+04 3.809700000000000000e+04
8.017953205361363356e-01 9.899999999999985478e-01 1.443289932012703503e-15 2.658988999999999942e+04 2.083639613248893966e+03 2.316900000000000000e+04 3.391700000000000000e+04
8.819748525897500580e-01 9.899999999999985478e-01 1.443289932012703503e-15 2.654320999999999913e+04 2.132328109344337918e+03 2.375300000000000000e+04 3.438800000000000000e+04
9.701723378487251415e-01 9.899999999999985478e-01 1.443289932012703503e-15 2.598127999999999884e+04 1.861826163099014821e+03 2.286600000000000000e+04 3.530100000000000000e+04
9.801723378487251503e-01 9.899999999999985478e-01 1.443289932012703503e-15 2.645856999999999971e+04 1.904379611605837454e+03 2.316100000000000000e+04 3.304500000000000000e+04
9.901723378487251592e-01 9.899999999999985478e-01 1.443289932012703503e-15 2.645499000000000160e+04 2.126623786639282116e+03 2.286400000000000000e+04 3.439900000000000000e+04
1.000172337848725057e+00 9.899999999999985478e-01 1.443289932012703503e-15 2.608620000000000073e+04 1.514735079147505758e+03 2.305200000000000000e+04 3.063600000000000000e+04
