1.000000000000000021e-02 9.899999999999985478e-01 1.443289932012703503e-15 5.527112000000000262e+04 4.170203633589131641e+03 4.603800000000000000e+04 6.928300000000000000e+04
1.100000000000000110e-02 9.899999999999985478e-01 1.443289932012703503e-15 5.445694999999999709e+04 3.883371211653607133e+03 4.449100000000000000e+04 6.533000000000000000e+04
1.210000000000000138e-02 9.899999999999985478e-01 1.443289932012703503e-15 5.333125000000000000e+04 3.647279573531483493e+03 4.525300000000000000e+04 6.092600000000000000e+04
1.331000000000000238e-02 9.899999999999985478e-01 1.443289932012703503e-15 5.194001000000000204e+04 3.937276722545673238e+03 4.477800000000000000e+04 6.415400000000000000e+04
1.464100000000000297e-02 9.899999999999985478e-01 1.443289932012703503e-15 5.183927999999999884e+04 3.919073750467066930e+03 4.541700000000000000e+04 6.599900000000000000e+04
1.610510000000000413e-02 9.899999999999985478e-01 1.443289932012703503e-15 5.027372000000000116e+04 3.358900293488927218e+03 4.229800000000000000e+04 6.227100000000000000e+04
1.771561000000000663e-02 9.899999999999985478e-01 1.443289932012703503e-15 5.018075000000000000e+04 3.430377773292615075e+03 4.273300000000000000e+04 6.455900000000000000e+04
1.948717100000000799e-02 9.899999999999985478e-01 1.443289932012703503e-15 4.844111000000000058e+04 3.208887049726120040e+03 4.097300000000000000e+04 5.855400000000000000e+04
2.143588810000001191e-02 9.899999999999985478e-01 1.443289932012703503e-15 4.784413999999999942e+04 3.294263808561785027e+03 4.168400000000000000e+04 5.591000000000000000e+04
2.357947691000001483e-02 9.899999999999985478e-01 1.443289932012703503e-15 4.708934999999999854e+04 3.327745472162797796e+03 3.904800000000000000e+04 5.749000000000000000e+04
2.593742460100001770e-02 9.899999999999985478e-01 1.443289932012703503e-15 4.665855999999999767e+04 3.434335843565681898e+03 3.964500000000000000e+04 5.618900000000000000e+04
2.853116706110002052e-02 9.899999999999985478e-01 1.443289932012703503e-15 4.559504000000000087e+04 3.079640449533029368e+03 3.988300000000000000e+04 5.494300000000000000e+04
3.138428376721002361e-02 9.899999999999985478e-01 1.443289932012703503e-15 4.479220999999999913e+04 3.384666569383164642e+03 3.806700000000000000e+04 5.895600000000000000e+04
3.452271214393103083e-02 9.899999999999985478e-01 1.443289932012703503e-15 4.363333999999999651e+04 3.014619067875741621e+03 3.689200000000000000e+04 5.162900000000000000e+04
3.797498335832413807e-02 9.899999999999985478e-01 1.443289932012703503e-15 4.290766000000000349e+04 3.138212138208632950e+03 3.683800000000000000e+04 5.386000000000000000e+04
4.177248169415655188e-02 9.899999999999985478e-01 1.443289932012703503e-15 4.253966000000000349e+04 3.292614727598720947e+03 3.627800000000000000e+04 5.347400000000000000e+04
4.594972986357220845e-02 9.899999999999985478e-01 1.443289932012703503e-15 4.160023000000000320e+04 3.010901017486293767e+03 3.610800000000000000e+04 4.967000000000000000e+04
5.054470284992943624e-02 9.899999999999985478e-01 1.443289932012703503e-15 4.109498999999999796e+04 2.548950472233621440e+03 3.417400000000000000e+04 4.793400000000000000e+04
5.559917313492238750e-02 9.899999999999985478e-01 1.443289932012703503e-15 4.054708000000000175e+04 2.906276276199494532e+03 3.501200000000000000e+04 4.883100000000000000e+04
6.115909044841463110e-02 9.899999999999985478e-01 1.443289932012703503e-15 3.932880000000000291e+04 2.921311626649920072e+03 3.357800000000000000e+04 4.915600000000000000e+04
6.727499949325610462e-02 9.899999999999985478e-01 1.443289932012703503e-15 3.902576999999999680e+04 2.914273421815461461e+03 3.357100000000000000e+04 4.789600000000000000e+04
7.400249944258172063e-02 9.899999999999985478e-01 1.443289932012703503e-15 3.770279000000000087e+04 2.724974731240640267e+03 3.294500000000000000e+04 4.655900000000000000e+04
8.140274938683990380e-02 9.899999999999985478e-01 1.443289932012703503e-15 3.740208999999999651e+04 2.282994165980281196e+03 3.233700000000000000e+04 4.489700000000000000e+04
8.954302432552389834e-02 9.899999999999985478e-01 1.443289932012703503e-15 3.662504000000000087e+04 2.437447422694487614e+03 3.244600000000000000e+04 4.570100000000000000e+04
9.849732675807629234e-02 9.899999999999985478e-01 1.443289932012703503e-15 3.568948000000000320e+04 2.326749666294163035e+03 3.129800000000000000e+04 4.149900000000000000e+04
1.083470594338839244e-01 9.899999999999985478e-01 1.443289932012703503e-15 3.526779000000000087e+04 2.272368743382111916e+03 3.097900000000000000e+04 4.169000000000000000e+04
1.191817653772723196e-01 9.899999999999985478e-01 1.443289932012703503e-15 3.500954000000000087e+04 2.951219837355393793e+03 2.869800000000000000e+04 4.456300000000000000e+04
1.310999419149995737e-01 9.899999999999985478e-01 1.443289932012703503e-15 3.396975000000000000e+04 2.035098358188124621e+03 2.988000000000000000e+04 3.872400000000000000e+04
1.442099361064995422e-01 9.899999999999985478e-01 1.443289932012703503e-15 3.351420999999999913e+04 2.168416340535184645e+03 2.957600000000000000e+04 4.022300000000000000e+04
1.586309297171495103e-01 9.899999999999985478e-01 1.443289932012703503e-15 3.332436000000000058e+04 2.200823666357666298e+03 2.931700000000000000e+04 3.976000000000000000e+04
1.744940226888644641e-01 9.899999999999985478e-01 1.443289932012703503e-15 3.232270999999999913e+04 2.435297276699499889e+03 2.867800000000000000e+04 4.399500000000000000e+04
1.919434249577509355e-01 9.899999999999985478e-01 1.443289932012703503e-15 3.221243999999999869e+04 2.083568075777703598e+03 2.689600000000000000e+04 3.778200000000000000e+04
2.111377674535260540e-01 9.899999999999985478e-01 1.443289932012703503e-15 3.153238999999999942e+04 2.168425488205670263e+03 2.763700000000000000e+04 3.799900000000000000e+04
2.322515441988786677e-01 9.899999999999985478e-01 1.443289932012703503e-15 3.122883000000000175e+04 2.160244491047251813e+03 2.689900000000000000e+04 3.964600000000000000e+04
2.554766986187665401e-01 9.899999999999985478e-01 1.443289932012703503e-15 3.035958000000000175e+04 1.859298653686383886e+03 2.703200000000000000e+04 3.706500000000000000e+04
2.810243684806432163e-01 9.899999999999985478e-01 1.443289932012703503e-15 3.039802999999999884e+04 1.982541129232884714e+03 2.688200000000000000e+04 3.547000000000000000e+04
3.091268053287075657e-01 9.899999999999985478e-01 1.443289932012703503e-15 3.017334999999999854e+04 2.250606693205189913e+03 2.653100000000000000e+04 4.084800000000000000e+04
3.400394858615783389e-01 9.899999999999985478e-01 1.443289932012703503e-15 2.980579999999999927e+04 2.304585559270906742e+03 2.569600000000000000e+04 3.820300000000000000e+04
3.740434344477361894e-01 9.899999999999985478e-01 1.443289932012703503e-15 2.915552999999999884e+04 1.804230930091821847e+03 2.519300000000000000e+04 3.740500000000000000e+04
4.114477778925098583e-01 9.899999999999985478e-01 1.443289932012703503e-15 2.885313000000000102e+04 2.053779699261826408e+03 2.527000000000000000e+04 3.559700000000000000e+04
4.525925556817608775e-01 9.899999999999985478e-01 1.443289932012703503e-15 2.880845000000000073e+04 1.961839658968081721e+03 2.487000000000000000e+04 3.453400000000000000e+04
4.978518112499369930e-01 9.899999999999985478e-01 1.443289932012703503e-15 2.839025000000000000e+04 1.940427027099962743e+03 2.508300000000000000e+04 3.472000000000000000e+04
5.476369923749306867e-01 9.899999999999985478e-01 1.443289932012703503e-15 2.781088000000000102e+04 1.946764131989286398e+03 2.425000000000000000e+04 3.591100000000000000e+04
6.024006916124238220e-01 9.899999999999985478e-01 1.443289932012703503e-15 2.819400000000000000e+04 2.447398549480652036e+03 2.469800000000000000e+04 3.676400000000000000e+04
6.626407607736662930e-01 9.899999999999985478e-01 1.443289932012703503e-15 2.784431000000000131e+04 1.864852013941053201e+03 2.473800000000000000e+04 3.538300000000000000e+04
7.289048368510330222e-01 9.899999999999985478e-01 1.443289932012703503e-15 2.745666999999999825e+04 1.861043900906155159e+03 2.402400000000000000e+04 3.513500000000000000e+04
8.017953205361363356e-01 9.899999999999985478e-01 1.443289932012703503e-15 2.740690000000000146e+04 1.837983838340261173e+03 2.428300000000000000e+04 3.202500000000000000e+04
8.819748525897500580e-01 9.899999999999985478e-01 1.443289932012703503e-15 2.744329999999999927e+04 1.852930902651256019e+03 2.407500000000000000e+04 3.531900000000000000e+04
9.701723378487251415e-01 9.899999999999985478e-01 1.443289932012703503e-15 2.780468999999999869e+04 1.762414433071858639e+03 2.498700000000000000e+04 3.417400000000000000e+04
9.801723378487251503e-01 9.899999999999985478e-01 1.443289932012703503e-15 2.723361000000000058e+04 1.618387221248363630e+03 2.426700000000000000e+04 3.373800000000000000e+04
9.901723378487251592e-01 9.899999999999985478e-01 1.443289932012703503e-15 2.779366999999999825e+04 2.024461415068215274e+03 2.406900000000000000e+04 3.627600000000000000e+04
1.000172337848725057e+00 9.899999999999985478e-01 1.443289932012703503e-15 2.746140000000000146e+04 1.675768737027875659e+03 2.390000000000000000e+04 3.173600000000000000e+04
