1.000000000000000021e-02 9.899999999999985478e-01 1.443289932012703503e-15 5.905238999999999942e+04 3.726112534250677072e+03 4.946100000000000000e+04 7.109900000000000000e+04
1.100000000000000110e-02 9.899999999999985478e-01 1.443289932012703503e-15 5.815812000000000262e+04 4.198383303796831569e+03 4.916800000000000000e+04 6.906000000000000000e+04
1.210000000000000138e-02 9.899999999999985478e-01 1.443289932012703503e-15 5.786137000000000262e+04 3.667768347796790749e+03 4.999000000000000000e+04 6.722800000000000000e+04
1.331000000000000238e-02 9.899999999999985478e-01 1.443289932012703503e-15 5.636888999999999942e+04 3.809781145669655871e+03 4.756600000000000000e+04 6.579200000000000000e+04
1.464100000000000297e-02 9.899999999999985478e-01 1.443289932012703503e-15 5.617691000000000349e+04 3.967311394622307489e+03 4.945700000000000000e+04 6.680000000000000000e+04
1.610510000000000413e-02 9.899999999999985478e-01 1.443289932012703503e-15 5.489125000000000000e+04 3.531217740029634570e+03 4.795500000000000000e+04 6.513900000000000000e+04
1.771561000000000663e-02 9.899999999999985478e-01 1.443289932012703503e-15 5.395858000000000175e+04 3.374857902727164856e+03 4.668100000000000000e+04 6.333800000000000000e+04
1.948717100000000799e-02 9.899999999999985478e-01 1.443289932012703503e-15 5.322551000000000204e+04 3.075413414469670442e+03 4.623600000000000000e+04 6.038800000000000000e+04
2.143588810000001191e-02 9.899999999999985478e-01 1.443289932012703503e-15 5.249347000000000116e+04 3.475849569400263590e+03 4.607800000000000000e+04 6.084000000000000000e+04
2.357947691000001483e-02 9.899999999999985478e-01 1.443289932012703503e-15 5.119776000000000204e+04 3.029675563884687108e+03 4.293500000000000000e+04 6.030500000000000000e+04
2.593742460100001770e-02 9.899999999999985478e-01 1.443289932012703503e-15 5.089958000000000175e+04 3.272128757185450468e+03 4.509800000000000000e+04 5.897500000000000000e+04
2.853116706110002052e-02 9.899999999999985478e-01 1.443289932012703503e-15 4.991027999999999884e+04 3.038573484647030909e+03 4.294400000000000000e+04 5.709300000000000000e+04
3.138428376721002361e-02 9.899999999999985478e-01 1.443289932012703503e-15 4.899526000000000204e+04 3.027478127484986089e+03 4.194500000000000000e+04 5.718200000000000000e+04
3.452271214393103083e-02 9.899999999999985478e-01 1.443289932012703503e-15 4.893079000000000087e+04 2.887195588438719369e+03 4.359200000000000000e+04 5.564700000000000000e+04
3.797498335832413807e-02 9.899999999999985478e-01 1.443289932012703503e-15 4.780516999999999825e+04 3.089629667306423016e+03 4.186600000000000000e+04 5.680300000000000000e+04
4.177248169415655188e-02 9.899999999999985478e-01 1.443289932012703503e-15 4.706225000000000000e+04 2.982315547942571357e+03 4.146900000000000000e+04 5.401600000000000000e+04
4.594972986357220845e-02 9.899999999999985478e-01 1.443289932012703503e-15 4.631576000000000204e+04 2.871017133769841621e+03 4.051900000000000000e+04 5.540000000000000000e+04
5.054470284992943624e-02 9.899999999999985478e-01 1.443289932012703503e-15 4.516094999999999709e+04 3.072345092514836324e+03 3.875200000000000000e+04 5.586100000000000000e+04
5.559917313492238750e-02 9.899999999999985478e-01 1.443289932012703503e-15 4.459812000000000262e+04 2.871584239683731994e+03 3.931300000000000000e+04 5.243600000000000000e+04
6.115909044841463110e-02 9.899999999999985478e-01 1.443289932012703503e-15 4.375077999999999884e+04 2.722128342235171203e+03 3.790900000000000000e+04 5.270300000000000000e+04
6.727499949325610462e-02 9.899999999999985478e-01 1.443289932012703503e-15 4.297681999999999971e+04 2.367016287987896703e+03 3.850100000000000000e+04 4.853600000000000000e+04
7.400249944258172063e-02 9.899999999999985478e-01 1.443289932012703503e-15 4.276901000000000204e+04 2.641154525941260090e+03 3.767700000000000000e+04 4.979000000000000000e+04
8.140274938683990380e-02 9.899999999999985478e-01 1.443289932012703503e-15 4.214251999999999680e+04 2.692361660252945967e+03 3.754300000000000000e+04 5.289500000000000000e+04
8.954302432552389834e-02 9.899999999999985478e-01 1.443289932012703503e-15 4.135363999999999942e+04 2.529560956055418046e+03 3.671200000000000000e+04 4.995300000000000000e+04
9.849732675807629234e-02 9.899999999999985478e-01 1.443289932012703503e-15 4.053952999999999884e+04 2.333935185282573912e+03 3.454800000000000000e+04 4.751200000000000000e+04
1.083470594338839244e-01 9.899999999999985478e-01 1.443289932012703503e-15 3.978351000000000204e+04 2.731233902451417634e+03 3.535900000000000000e+04 5.311900000000000000e+04
1.191817653772723196e-01 9.899999999999985478e-01 1.443289932012703503e-15 3.924948999999999796e+04 2.830778347009882054e+03 3.417200000000000000e+04 4.936700000000000000e+04
1.310999419149995737e-01 9.899999999999985478e-01 1.443289932012703503e-15 3.886940000000000146e+04 2.493572296926639865e+03 3.427800000000000000e+04 4.769400000000000000e+04
1.442099361064995422e-01 9.899999999999985478e-01 1.443289932012703503e-15 3.836950000000000000e+04 2.403396074308186144e+03 3.431500000000000000e+04 4.493200000000000000e+04
1.586309297171495103e-01 9.899999999999985478e-01 1.443289932012703503e-15 3.799441999999999825e+04 2.582225773165468581e+03 3.316000000000000000e+04 4.557000000000000000e+04
1.744940226888644641e-01 9.899999999999985478e-01 1.443289932012703503e-15 3.712705000000000291e+04 2.211482129138737037e+03 3.282500000000000000e+04 4.336900000000000000e+04
1.919434249577509355e-01 9.899999999999985478e-01 1.443289932012703503e-15 3.616441000000000349e+04 1.901815527831235158e+03 3.201100000000000000e+04 4.136200000000000000e+04
2.111377674535260540e-01 9.899999999999985478e-01 1.443289932012703503e-15 3.582308999999999651e+04 2.232175092124271941e+03 3.144600000000000000e+04 4.628900000000000000e+04
2.322515441988786677e-01 9.899999999999985478e-01 1.443289932012703503e-15 3.590540000000000146e+04 2.139446451772046203e+03 3.149300000000000000e+04 4.278600000000000000e+04
2.554766986187665401e-01 9.899999999999985478e-01 1.443289932012703503e-15 3.520386000000000058e+04 2.185321866545063585e+03 3.073800000000000000e+04 4.382300000000000000e+04
2.810243684806432163e-01 9.899999999999985478e-01 1.443289932012703503e-15 3.495391000000000349e+04 2.178499828299281489e+03 3.140500000000000000e+04 4.138400000000000000e+04
3.091268053287075657e-01 9.899999999999985478e-01 1.443289932012703503e-15 3.419397000000000116e+04 2.135579740749570192e+03 3.020600000000000000e+04 4.135600000000000000e+04
3.400394858615783389e-01 9.899999999999985478e-01 1.443289932012703503e-15 3.361748999999999796e+04 1.617306986907557075e+03 3.125200000000000000e+04 4.034900000000000000e+04
3.740434344477361894e-01 9.899999999999985478e-01 1.443289932012703503e-15 3.344244999999999709e+04 1.659244920890222147e+03 3.016100000000000000e+04 3.992200000000000000e+04
4.114477778925098583e-01 9.899999999999985478e-01 1.443289932012703503e-15 3.316901999999999680e+04 2.054008315367783325e+03 2.952200000000000000e+04 3.943800000000000000e+04
4.525925556817608775e-01 9.899999999999985478e-01 1.443289932012703503e-15 3.318391000000000349e+04 1.947422794849644561e+03 2.909400000000000000e+04 4.111300000000000000e+04
4.978518112499369930e-01 9.899999999999985478e-01 1.443289932012703503e-15 3.313369999999999709e+04 2.275733308188812771e+03 2.953600000000000000e+04 4.130000000000000000e+04
5.476369923749306867e-01 9.899999999999985478e-01 1.443289932012703503e-15 3.227900000000000000e+04 1.777047118114767272e+03 2.953700000000000000e+04 3.732500000000000000e+04
6.024006916124238220e-01 9.899999999999985478e-01 1.443289932012703503e-15 3.226841999999999825e+04 2.098291210390016658e+03 2.801000000000000000e+04 4.285200000000000000e+04
6.626407607736662930e-01 9.899999999999985478e-01 1.443289932012703503e-15 3.232120000000000073e+04 2.050748760818837582e+03 2.891500000000000000e+04 3.788200000000000000e+04
7.289048368510330222e-01 9.899999999999985478e-01 1.443289932012703503e-15 3.220011999999999898e+04 2.077922843995897892e+03 2.883400000000000000e+04 4.034200000000000000e+04
8.017953205361363356e-01 9.899999999999985478e-01 1.443289932012703503e-15 3.210147000000000116e+04 2.067044380050897416e+03 2.887800000000000000e+04 3.960600000000000000e+04
8.819748525897500580e-01 9.899999999999985478e-01 1.443289932012703503e-15 3.192999000000000160e+04 2.263535307853623635e+03 2.820700000000000000e+04 4.158600000000000000e+04
9.701723378487251415e-01 9.899999999999985478e-01 1.443289932012703503e-15 3.239270999999999913e+04 1.730064659456403433e+03 2.875700000000000000e+04 3.844900000000000000e+04
9.801723378487251503e-01 9.899999999999985478e-01 1.443289932012703503e-15 3.159359000000000015e+04 1.586114769460268462e+03 2.831400000000000000e+04 3.597900000000000000e+04
9.901723378487251592e-01 9.899999999999985478e-01 1.443289932012703503e-15 3.204202999999999884e+04 1.783455513630771748e+03 2.823600000000000000e+04 3.834400000000000000e+04
1.000172337848725057e+00 9.899999999999985478e-01 1.443289932012703503e-15 3.189463999999999942e+04 1.844395453908949094e+03 2.829300000000000000e+04 3.821500000000000000e+04
