1.000000000000000021e-02 9.899999999999985478e-01 1.443289932012703503e-15 7.645513999999999942e+04 3.658627923197437667e+03 6.697200000000000000e+04 8.802300000000000000e+04
1.100000000000000110e-02 9.899999999999985478e-01 1.443289932012703503e-15 7.578835000000000582e+04 4.122572445391348083e+03 6.830900000000000000e+04 9.201700000000000000e+04
1.210000000000000138e-02 9.899999999999985478e-01 1.443289932012703503e-15 7.491586000000000058e+04 3.731380583698210103e+03 6.325200000000000000e+04 8.481800000000000000e+04
1.331000000000000238e-02 9.899999999999985478e-01 1.443289932012703503e-15 7.408519999999999709e+04 3.693033005538944053e+03 6.268600000000000000e+04 8.503100000000000000e+04
1.464100000000000297e-02 9.899999999999985478e-01 1.443289932012703503e-15 7.360378999999999360e+04 3.793343154250615044e+03 6.729900000000000000e+04 8.447600000000000000e+04
1.610510000000000413e-02 9.899999999999985478e-01 1.443289932012703503e-15 7.215991999999999825e+04 4.057593367206723997e+03 6.370900000000000000e+04 8.403300000000000000e+04
1.771561000000000663e-02 9.899999999999985478e-01 1.443289932012703503e-15 7.179982000000000698e+04 3.476363440090808581e+03 6.425400000000000000e+04 8.103100000000000000e+04
1.948717100000000799e-02 9.899999999999985478e-01 1.443289932012703503e-15 6.979341999999999825e+04 3.245043987929901050e+03 6.266200000000000000e+04 7.830400000000000000e+04
2.143588810000001191e-02 9.899999999999985478e-01 1.443289932012703503e-15 6.970691999999999825e+04 3.266498846410327133e+03 6.239400000000000000e+04 8.029000000000000000e+04
2.357947691000001483e-02 9.899999999999985478e-01 1.443289932012703503e-15 6.913492999999999302e+04 3.225346317079764503e+03 6.198900000000000000e+04 8.066800000000000000e+04
2.593742460100001770e-02 9.899999999999985478e-01 1.443289932012703503e-15 6.769525000000000000e+04 3.155904914204482338e+03 6.241700000000000000e+04 7.796800000000000000e+04
2.853116706110002052e-02 9.899999999999985478e-01 1.443289932012703503e-15 6.690982000000000698e+04 3.173396452950687035e+03 5.964500000000000000e+04 7.424100000000000000e+04
3.138428376721002361e-02 9.899999999999985478e-01 1.443289932012703503e-15 6.592558999999999651e+04 3.071706688780684090e+03 5.799800000000000000e+04 7.487900000000000000e+04
3.452271214393103083e-02 9.899999999999985478e-01 1.443289932012703503e-15 6.496919000000000233e+04 3.192842005784188586e+03 5.822900000000000000e+04 7.369700000000000000e+04
3.797498335832413807e-02 9.899999999999985478e-01 1.443289932012703503e-15 6.450104000000000087e+04 3.260638136684290203e+03 5.866900000000000000e+04 7.330200000000000000e+04
4.177248169415655188e-02 9.899999999999985478e-01 1.443289932012703503e-15 6.412266999999999825e+04 3.448287235875225633e+03 5.635800000000000000e+04 7.446700000000000000e+04
4.594972986357220845e-02 9.899999999999985478e-01 1.443289932012703503e-15 6.245180000000000291e+04 3.490341860047522914e+03 5.369400000000000000e+04 7.122100000000000000e+04
5.054470284992943624e-02 9.899999999999985478e-01 1.443289932012703503e-15 6.184341000000000349e+04 3.100435685819011269e+03 5.685000000000000000e+04 7.229800000000000000e+04
5.559917313492238750e-02 9.899999999999985478e-01 1.443289932012703503e-15 6.106593000000000029e+04 2.583817502282233818e+03 5.360700000000000000e+04 6.777100000000000000e+04
6.115909044841463110e-02 9.899999999999985478e-01 1.443289932012703503e-15 6.026262000000000262e+04 2.733167494977210936e+03 5.370900000000000000e+04 6.936900000000000000e+04
6.727499949325610462e-02 9.899999999999985478e-01 1.443289932012703503e-15 5.959291999999999825e+04 2.665494001794038923e+03 5.401600000000000000e+04 6.714500000000000000e+04
7.400249944258172063e-02 9.899999999999985478e-01 1.443289932012703503e-15 5.892884999999999854e+04 2.542995168595489304e+03 5.346800000000000000e+04 6.684000000000000000e+04
8.140274938683990380e-02 9.899999999999985478e-01 1.443289932012703503e-15 5.822177999999999884e+04 2.808079053659279907e+03 5.239000000000000000e+04 6.785700000000000000e+04
8.954302432552389834e-02 9.899999999999985478e-01 1.443289932012703503e-15 5.698400000000000000e+04 2.441589834513569713e+03 5.157200000000000000e+04 6.700200000000000000e+04
9.849732675807629234e-02 9.899999999999985478e-01 1.443289932012703503e-15 5.614208999999999651e+04 2.641063808752071509e+03 5.084100000000000000e+04 6.720100000000000000e+04
1.083470594338839244e-01 9.899999999999985478e-01 1.443289932012703503e-15 5.502304000000000087e+04 1.935965712093062621e+03 5.108600000000000000e+04 6.089700000000000000e+04
1.191817653772723196e-01 9.899999999999985478e-01 1.443289932012703503e-15 5.426452999999999884e+04 2.109265552058346202e+03 5.015100000000000000e+04 6.103400000000000000e+04
1.310999419149995737e-01 9.899999999999985478e-01 1.443289932012703503e-15 5.393309999999999854e+04 2.298808223841214385e+03 4.922200000000000000e+04 6.250800000000000000e+04
1.442099361064995422e-01 9.899999999999985478e-01 1.443289932012703503e-15 5.314151999999999680e+04 2.676823484953760726e+03 4.828600000000000000e+04 6.142600000000000000e+04
1.586309297171495103e-01 9.899999999999985478e-01 1.443289932012703503e-15 5.235683999999999651e+04 2.101196105650303252e+03 4.767800000000000000e+04 5.915600000000000000e+04
1.744940226888644641e-01 9.899999999999985478e-01 1.443289932012703503e-15 5.192348999999999796e+04 2.520839850109482541e+03 4.634900000000000000e+04 5.974900000000000000e+04
1.919434249577509355e-01 9.899999999999985478e-01 1.443289932012703503e-15 5.097719000000000233e+04 2.279749094505796620e+03 4.583000000000000000e+04 5.978000000000000000e+04
2.111377674535260540e-01 9.899999999999985478e-01 1.443289932012703503e-15 5.050801999999999680e+04 2.136512148245359640e+03 4.586500000000000000e+04 5.781800000000000000e+04
2.322515441988786677e-01 9.899999999999985478e-01 1.443289932012703503e-15 5.019281999999999971e+04 2.293010328716379718e+03 4.616000000000000000e+04 5.724800000000000000e+04
2.554766986187665401e-01 9.899999999999985478e-01 1.443289932012703503e-15 4.884248999999999796e+04 2.151846771938002348e+03 4.321900000000000000e+04 5.689600000000000000e+04
2.810243684806432163e-01 9.899999999999985478e-01 1.443289932012703503e-15 4.897930999999999767e+04 2.143686164973781615e+03 4.449400000000000000e+04 5.779400000000000000e+04
3.091268053287075657e-01 9.899999999999985478e-01 1.443289932012703503e-15 4.809891000000000349e+04 2.039976358171829361e+03 4.436600000000000000e+04 5.323000000000000000e+04
3.400394858615783389e-01 9.899999999999985478e-01 1.443289932012703503e-15 4.766466999999999825e+04 2.251317192467556197e+03 4.346400000000000000e+04 5.769700000000000000e+04
3.740434344477361894e-01 9.899999999999985478e-01 1.443289932012703503e-15 4.705995999999999913e+04 2.174172651469978973e+03 4.320300000000000000e+04 5.540900000000000000e+04
4.114477778925098583e-01 9.899999999999985478e-01 1.443289932012703503e-15 4.658651000000000204e+04 2.388344219307593448e+03 4.255500000000000000e+04 5.533800000000000000e+04
4.525925556817608775e-01 9.899999999999985478e-01 1.443289932012703503e-15 4.653500000000000000e+04 2.059145473248551298e+03 4.290600000000000000e+04 5.204100000000000000e+04
4.978518112499369930e-01 9.899999999999985478e-01 1.443289932012703503e-15 4.616159999999999854e+04 2.012345094659462120e+03 4.239600000000000000e+04 5.157200000000000000e+04
5.476369923749306867e-01 9.899999999999985478e-01 1.443289932012703503e-15 4.581511000000000058e+04 1.946443248055282993e+03 4.222300000000000000e+04 5.381900000000000000e+04
6.024006916124238220e-01 9.899999999999985478e-01 1.443289932012703503e-15 4.552527999999999884e+04 2.050671173445416116e+03 4.110400000000000000e+04 5.272500000000000000e+04
6.626407607736662930e-01 9.899999999999985478e-01 1.443289932012703503e-15 4.506316000000000349e+04 1.892621202037005332e+03 4.092600000000000000e+04 5.174800000000000000e+04
7.289048368510330222e-01 9.899999999999985478e-01 1.443289932012703503e-15 4.529533999999999651e+04 2.204268555416966592e+03 4.135600000000000000e+04 5.306600000000000000e+04
8.017953205361363356e-01 9.899999999999985478e-01 1.443289932012703503e-15 4.497752999999999884e+04 1.927318180555561639e+03 4.193700000000000000e+04 5.062900000000000000e+04
8.819748525897500580e-01 9.899999999999985478e-01 1.443289932012703503e-15 4.503072000000000116e+04 1.916704719459938133e+03 4.135400000000000000e+04 5.088000000000000000e+04
9.701723378487251415e-01 9.899999999999985478e-01 1.443289932012703503e-15 4.465794999999999709e+04 2.118631460990797223e+03 4.139700000000000000e+04 5.181200000000000000e+04
9.801723378487251503e-01 9.899999999999985478e-01 1.443289932012703503e-15 4.512126000000000204e+04 1.880177819356456894e+03 4.017800000000000000e+04 5.064700000000000000e+04
9.901723378487251592e-01 9.899999999999985478e-01 1.443289932012703503e-15 4.467562000000000262e+04 1.842607010623806445e+03 4.070300000000000000e+04 5.101500000000000000e+04
1.000172337848725057e+00 9.899999999999985478e-01 1.443289932012703503e-15 4.488848999999999796e+04 2.407145460893462769e+03 4.084900000000000000e+04 5.701200000000000000e+04
