1.000000000000000021e-02 9.899999999999985478e-01 1.443289932012703503e-15 5.933322000000000116e+04 4.519515519566228249e+03 4.875000000000000000e+04 7.394400000000000000e+04
1.100000000000000110e-02 9.899999999999985478e-01 1.443289932012703503e-15 5.815706999999999971e+04 3.344526980770225236e+03 5.176800000000000000e+04 6.956100000000000000e+04
1.210000000000000138e-02 9.899999999999985478e-01 1.443289932012703503e-15 5.689712000000000262e+04 3.920593797577097121e+03 4.885700000000000000e+04 6.496800000000000000e+04
1.331000000000000238e-02 9.899999999999985478e-01 1.443289932012703503e-15 5.647284999999999854e+04 3.951106916738649943e+03 4.864600000000000000e+04 6.777100000000000000e+04
1.464100000000000297e-02 9.899999999999985478e-01 1.443289932012703503e-15 5.554806999999999971e+04 3.506824826691518865e+03 4.804400000000000000e+04 6.402100000000000000e+04
1.610510000000000413e-02 9.899999999999985478e-01 1.443289932012703503e-15 5.451005000000000291e+04 3.679407013025333072e+03 4.660300000000000000e+04 6.802000000000000000e+04
1.771561000000000663e-02 9.899999999999985478e-01 1.443289932012703503e-15 5.324108000000000175e+04 3.267598398457190797e+03 4.752500000000000000e+04 6.261600000000000000e+04
1.948717100000000799e-02 9.899999999999985478e-01 1.443289932012703503e-15 5.217825000000000000e+04 3.586253854302564378e+03 4.351100000000000000e+04 6.172300000000000000e+04
2.143588810000001191e-02 9.899999999999985478e-01 1.443289932012703503e-15 5.229237999999999738e+04 3.411199885025795538e+03 4.566100000000000000e+04 6.214700000000000000e+04
2.357947691000001483e-02 9.899999999999985478e-01 1.443289932012703503e-15 5.122098000000000320e+04 3.693336215347852885e+03 4.282000000000000000e+04 6.090100000000000000e+04
2.593742460100001770e-02 9.899999999999985478e-01 1.443289932012703503e-15 5.011875000000000000e+04 3.426209968390729045e+03 4.141800000000000000e+04 6.463800000000000000e+04
2.853116706110002052e-02 9.899999999999985478e-01 1.443289932012703503e-15 4.903573999999999796e+04 3.052461913341425316e+03 4.275500000000000000e+04 5.863200000000000000e+04
3.138428376721002361e-02 9.899999999999985478e-01 1.443289932012703503e-15 4.892291000000000349e+04 3.159925138654396051e+03 4.294600000000000000e+04 5.816900000000000000e+04
3.452271214393103083e-02 9.899999999999985478e-01 1.443289932012703503e-15 4.760611000000000058e+04 3.305737914278746757e+03 4.092500000000000000e+04 6.016100000000000000e+04
3.797498335832413807e-02 9.899999999999985478e-01 1.443289932012703503e-15 4.730201000000000204e+04 3.053692864369303152e+03 4.118200000000000000e+04 5.711900000000000000e+04
4.177248169415655188e-02 9.899999999999985478e-01 1.443289932012703503e-15 4.596961000000000058e+04 2.553193556685430849e+03 3.958500000000000000e+04 5.254400000000000000e+04
4.594972986357220845e-02 9.899999999999985478e-01 1.443289932012703503e-15 4.519151000000000204e+04 2.679102676251882713e+03 3.975400000000000000e+04 5.200000000000000000e+04
5.054470284992943624e-02 9.899999999999985478e-01 1.443289932012703503e-15 4.482101999999999680e+04 2.846113873266492647e+03 3.888300000000000000e+04 5.218400000000000000e+04
5.559917313492238750e-02 9.899999999999985478e-01 1.443289932012703503e-15 4.431873000000000320e+04 2.814256292006823969e+03 3.768200000000000000e+04 5.461300000000000000e+04
6.115909044841463110e-02 9.899999999999985478e-01 1.443289932012703503e-15 4.318523999999999796e+04 2.584309699397500481e+03 3.850300000000000000e+04 5.044000000000000000e+04
6.727499949325610462e-02 9.899999999999985478e-01 1.443289932012703503e-15 4.317519000000000233e+04 2.620678494951259381e+03 3.811500000000000000e+04 5.069800000000000000e+04
7.400249944258172063e-02 9.899999999999985478e-01 1.443289932012703503e-15 4.199423000000000320e+04 2.462381131567573448e+03 3.682100000000000000e+04 4.848500000000000000e+04
8.140274938683990380e-02 9.899999999999985478e-01 1.443289932012703503e-15 4.170591000000000349e+04 2.698169053617657028e+03 3.502200000000000000e+04 5.009100000000000000e+04
8.954302432552389834e-02 9.899999999999985478e-01 1.443289932012703503e-15 4.118750000000000000e+04 2.680107462397730160e+03 3.449900000000000000e+04 5.073200000000000000e+04
9.849732675807629234e-02 9.899999999999985478e-01 1.443289932012703503e-15 3.978548999999999796e+04 2.389479824124908191e+03 3.551600000000000000e+04 4.754000000000000000e+04
1.083470594338839244e-01 9.899999999999985478e-01 1.443289932012703503e-15 3.927012000000000262e+04 2.480784554450467112e+03 3.466000000000000000e+04 4.770100000000000000e+04
1.191817653772723196e-01 9.899999999999985478e-01 1.443289932012703503e-15 3.881313999999999942e+04 2.133984414282353555e+03 3.438900000000000000e+04 4.407600000000000000e+04
1.310999419149995737e-01 9.899999999999985478e-01 1.443289932012703503e-15 3.851194999999999709e+04 2.550034750253415950e+03 3.350200000000000000e+04 4.578300000000000000e+04
1.442099361064995422e-01 9.899999999999985478e-01 1.443289932012703503e-15 3.786916000000000349e+04 2.446548964235132644e+03 3.365000000000000000e+04 4.597000000000000000e+04
1.586309297171495103e-01 9.899999999999985478e-01 1.443289932012703503e-15 3.721744000000000233e+04 2.168079488026211948e+03 3.253600000000000000e+04 4.469300000000000000e+04
1.744940226888644641e-01 9.899999999999985478e-01 1.443289932012703503e-15 3.680426999999999680e+04 2.504873477263872246e+03 3.303000000000000000e+04 4.391900000000000000e+04
1.919434249577509355e-01 9.899999999999985478e-01 1.443289932012703503e-15 3.618430000000000291e+04 2.298318291708091238e+03 3.164400000000000000e+04 4.189600000000000000e+04
2.111377674535260540e-01 9.899999999999985478e-01 1.443289932012703503e-15 3.595608000000000175e+04 2.117735916869712128e+03 3.217700000000000000e+04 4.213900000000000000e+04
2.322515441988786677e-01 9.899989999999987411e-01 9.949874371065093329e-06 3.349160999999999767e+05 2.981453930516174994e+06 3.170700000000000000e+04 3.000000000000000000e+07
2.554766986187665401e-01 9.899999999999985478e-01 1.443289932012703503e-15 3.536876999999999680e+04 2.127922201843854964e+03 3.191000000000000000e+04 4.235600000000000000e+04
2.810243684806432163e-01 9.898799999999988719e-01 3.402939905434712782e-04 4.529355580000000075e+06 1.069981099219326116e+07 3.096700000000000000e+04 3.000000000000000000e+07
3.091268053287075657e-01 9.897259999999993285e-01 5.663249950337755296e-04 8.424891429999999702e+06 1.345444416301080771e+07 3.097900000000000000e+04 3.000000000000000000e+07
3.400394858615783389e-01 9.893459999999991705e-01 7.765848311678435123e-04 1.771420469000000134e+07 1.473795937469301932e+07 3.107400000000000000e+04 3.000000000000000000e+07
3.740434344477361894e-01 9.887269999999999115e-01 1.005371075772517079e-03 2.460611314999999851e+07 1.151257591601429693e+07 3.111100000000000000e+04 3.000000000000000000e+07
4.114477778925098583e-01 9.881789999999996965e-01 1.298791361227811863e-03 2.550494198000000045e+07 1.070037839502336085e+07 3.088300000000000000e+04 3.000000000000000000e+07
4.525925556817608775e-01 9.871540000000003090e-01 1.238016154983445985e-03 2.940066832999999821e+07 4.195321692453234456e+06 3.240200000000000000e+04 3.000000000000000000e+07
4.978518112499369930e-01 9.866759999999997754e-01 1.294613455823785848e-03 3.000000000000000000e+07 0.000000000000000000e+00 3.000000000000000000e+07 3.000000000000000000e+07
5.476369923749306867e-01 9.856550000000002809e-01 1.519300826038080940e-03 3.000000000000000000e+07 0.000000000000000000e+00 3.000000000000000000e+07 3.000000000000000000e+07
6.024006916124238220e-01 9.849109999999996479e-01 1.433519794073312165e-03 3.000000000000000000e+07 0.000000000000000000e+00 3.000000000000000000e+07 3.000000000000000000e+07
6.626407607736662930e-01 9.844339999999998092e-01 1.124830653920842662e-03 3.000000000000000000e+07 0.000000000000000000e+00 3.000000000000000000e+07 3.000000000000000000e+07
7.289048368510330222e-01 9.839229999999996590e-01 1.382957338459872088e-03 3.000000000000000000e+07 0.000000000000000000e+00 3.000000000000000000e+07 3.000000000000000000e+07
8.017953205361363356e-01 9.833580000000005095e-01 1.250374343946647699e-03 3.000000000000000000e+07 0.000000000000000000e+00 3.000000000000000000e+07 3.000000000000000000e+07
8.819748525897500580e-01 9.828430000000000222e-01 1.317972306234094443e-03 3.000000000000000000e+07 0.000000000000000000e+00 3.000000000000000000e+07 3.000000000000000000e+07
9.701723378487251415e-01 9.827019999999996314e-01 1.289494474590723028e-03 3.000000000000000000e+07 0.000000000000000000e+00 3.000000000000000000e+07 3.000000000000000000e+07
9.801723378487251503e-01 9.826829999999998622e-01 1.372592801962769149e-03 3.000000000000000000e+07 0.000000000000000000e+00 3.000000000000000000e+07 3.000000000000000000e+07
9.901723378487251592e-01 9.826569999999995586e-01 1.451568462043727799e-03 3.000000000000000000e+07 0.000000000000000000e+00 3.000000000000000000e+07 3.000000000000000000e+07
1.000172337848725057e+00 9.829380000000000894e-01 1.422728364797726155e-03 3.000000000000000000e+07 0.000000000000000000e+00 3.000000000000000000e+07 3.000000000000000000e+07
