1.000000000000000021e-02 9.898039999999987959e-01 9.244371260394023977e-04 1.877816149999999907e+06 7.104946679452550597e+06 7.190800000000000000e+04 3.000000000000000000e+07
1.100000000000000110e-02 9.898929999999986906e-01 5.004507967822545899e-04 1.877536949999999953e+06 7.105016634093896486e+06 7.192400000000000000e+04 3.000000000000000000e+07
1.210000000000000138e-02 9.898939999999986084e-01 7.850885300397583699e-04 9.794917099999999627e+05 5.103638270094044507e+06 7.284300000000000000e+04 3.000000000000000000e+07
1.331000000000000238e-02 9.897779999999989364e-01 8.160367638777077425e-04 3.072141640000000130e+06 8.975953585589110851e+06 7.122400000000000000e+04 3.000000000000000000e+07
1.464100000000000297e-02 9.898879999999986579e-01 5.488679258255123664e-04 1.576947379999999888e+06 6.520696662098842673e+06 7.125400000000000000e+04 3.000000000000000000e+07
1.610510000000000413e-02 9.899499999999988864e-01 2.736786436680764306e-04 1.276250520000000019e+06 5.863211832274172455e+06 7.106000000000000000e+04 3.000000000000000000e+07
1.771561000000000663e-02 9.898289999999986266e-01 9.615919092837684271e-04 1.873351959999999963e+06 7.106074074045987800e+06 7.024300000000000000e+04 3.000000000000000000e+07
1.948717100000000799e-02 9.898659999999989134e-01 5.758854052673965116e-04 2.471261560000000056e+06 8.117782995972543955e+06 6.865100000000000000e+04 3.000000000000000000e+07
2.143588810000001191e-02 9.897289999999985266e-01 1.307921633738046933e-03 2.170834500000000000e+06 7.634977677764354274e+06 6.879000000000000000e+04 3.000000000000000000e+07
2.357947691000001483e-02 9.899789999999986101e-01 1.601842688905468555e-04 6.732796600000000326e+05 4.189532698962461669e+06 6.735400000000000000e+04 3.000000000000000000e+07
2.593742460100001770e-02 9.899519999999984998e-01 2.787400222429513817e-04 9.716633299999999581e+05 5.105014837489292957e+06 6.481700000000000000e+04 3.000000000000000000e+07
2.853116706110002052e-02 9.899269999999986691e-01 5.071203013092584781e-04 9.718991899999999441e+05 5.104973620620543137e+06 6.582300000000000000e+04 3.000000000000000000e+07
3.138428376721002361e-02 9.899659999999985693e-01 2.276927754672938007e-04 9.706351600000000326e+05 5.105195681893099099e+06 6.266800000000000000e+04 3.000000000000000000e+07
3.452271214393103083e-02 9.899269999999986691e-01 4.803863028854978966e-04 9.698842299999999814e+05 5.105327917163342237e+06 6.449900000000000000e+04 3.000000000000000000e+07
3.797498335832413807e-02 9.899929999999987906e-01 6.042350536008743672e-05 6.688290799999999581e+05 4.190168380339209456e+06 6.230600000000000000e+04 3.000000000000000000e+07
4.177248169415655188e-02 9.899639999999986228e-01 3.119358908493842248e-04 6.684499399999999441e+05 4.190222632414728403e+06 6.263300000000000000e+04 3.000000000000000000e+07
4.594972986357220845e-02 9.899869999999986181e-01 1.293483668238575805e-04 3.683190800000000163e+05 2.978097759559530299e+06 6.242500000000000000e+04 3.000000000000000000e+07
5.054470284992943624e-02 9.899669999999985981e-01 3.283458542451817138e-04 3.671006599999999744e+05 2.978220374205981847e+06 6.029300000000000000e+04 3.000000000000000000e+07
5.559917313492238750e-02 9.899969999999985726e-01 2.215851980615792565e-05 6.650431500000000233e+05 4.190708841518393718e+06 5.920000000000000000e+04 3.000000000000000000e+07
6.115909044841463110e-02 9.899999999999985478e-01 1.443289932012703503e-15 6.637977000000000407e+04 3.080045911524696749e+03 5.897000000000000000e+04 7.466700000000000000e+04
6.727499949325610462e-02 9.899999999999985478e-01 1.443289932012703503e-15 6.524994999999999709e+04 2.887692439907685639e+03 6.023000000000000000e+04 7.372400000000000000e+04
7.400249944258172063e-02 9.899969999999985726e-01 2.984962311319528676e-05 3.643124000000000233e+05 2.978500037798115984e+06 5.999700000000000000e+04 3.000000000000000000e+07
8.140274938683990380e-02 9.899999999999985478e-01 1.443289932012703503e-15 6.377305000000000291e+04 2.695079766444770939e+03 5.792300000000000000e+04 7.182200000000000000e+04
8.954302432552389834e-02 9.899999999999985478e-01 1.443289932012703503e-15 6.258575000000000000e+04 3.199448753691798174e+03 5.604800000000000000e+04 7.309300000000000000e+04
9.849732675807629234e-02 9.899999999999985478e-01 1.443289932012703503e-15 6.162879000000000087e+04 2.432572524283705661e+03 5.699100000000000000e+04 7.081400000000000000e+04
1.083470594338839244e-01 9.899999999999985478e-01 1.443289932012703503e-15 6.095966000000000349e+04 2.559475025156526044e+03 5.639500000000000000e+04 7.171900000000000000e+04
1.191817653772723196e-01 9.899999999999985478e-01 1.443289932012703503e-15 5.975194999999999709e+04 2.473346434994499759e+03 5.430300000000000000e+04 6.705100000000000000e+04
1.310999419149995737e-01 9.899999999999985478e-01 1.443289932012703503e-15 5.894966999999999825e+04 2.732389141593854674e+03 5.366600000000000000e+04 6.854300000000000000e+04
1.442099361064995422e-01 9.899999999999985478e-01 1.443289932012703503e-15 5.805698999999999796e+04 2.451429846008243203e+03 5.283100000000000000e+04 6.644000000000000000e+04
1.586309297171495103e-01 9.899999999999985478e-01 1.443289932012703503e-15 5.705772000000000116e+04 2.557833517178160037e+03 5.140700000000000000e+04 6.481000000000000000e+04
1.744940226888644641e-01 9.899999999999985478e-01 1.443289932012703503e-15 5.630183000000000175e+04 2.428419914491725649e+03 5.123900000000000000e+04 6.278800000000000000e+04
1.919434249577509355e-01 9.899999999999985478e-01 1.443289932012703503e-15 5.572888999999999942e+04 2.194964965073474559e+03 5.132600000000000000e+04 6.266400000000000000e+04
2.111377674535260540e-01 9.899999999999985478e-01 1.443289932012703503e-15 5.474541000000000349e+04 2.480654692193172195e+03 4.983200000000000000e+04 6.357300000000000000e+04
2.322515441988786677e-01 9.899999999999985478e-01 1.443289932012703503e-15 5.432391000000000349e+04 2.354662630165943938e+03 4.986900000000000000e+04 6.232200000000000000e+04
2.554766986187665401e-01 9.899999999999985478e-01 1.443289932012703503e-15 5.333311000000000058e+04 1.874102157807839603e+03 4.913600000000000000e+04 5.929800000000000000e+04
2.810243684806432163e-01 9.899999999999985478e-01 1.443289932012703503e-15 5.277694999999999709e+04 2.478212522666286077e+03 4.808800000000000000e+04 6.160500000000000000e+04
3.091268053287075657e-01 9.899999999999985478e-01 1.443289932012703503e-15 5.207244999999999709e+04 2.037232968391194618e+03 4.763500000000000000e+04 6.066100000000000000e+04
3.400394858615783389e-01 9.899999999999985478e-01 1.443289932012703503e-15 5.182880999999999767e+04 2.297765608999316555e+03 4.743700000000000000e+04 6.106900000000000000e+04
3.740434344477361894e-01 9.899999999999985478e-01 1.443289932012703503e-15 5.085127999999999884e+04 1.976433292980059150e+03 4.706800000000000000e+04 5.733400000000000000e+04
4.114477778925098583e-01 9.899999999999985478e-01 1.443289932012703503e-15 5.032736000000000058e+04 2.078680348297929413e+03 4.577200000000000000e+04 5.552600000000000000e+04
4.525925556817608775e-01 9.899999999999985478e-01 1.443289932012703503e-15 5.041258000000000175e+04 2.049905052337790039e+03 4.671800000000000000e+04 5.873500000000000000e+04
4.978518112499369930e-01 9.899999999999985478e-01 1.443289932012703503e-15 4.962833999999999651e+04 1.776912615859317157e+03 4.645400000000000000e+04 5.721400000000000000e+04
5.476369923749306867e-01 9.899999999999985478e-01 1.443289932012703503e-15 4.952861000000000058e+04 2.049660786057048426e+03 4.554700000000000000e+04 5.918200000000000000e+04
6.024006916124238220e-01 9.899849999999986716e-01 1.227802915780840381e-04 6.484766400000000140e+05 4.193075224823548924e+06 4.562000000000000000e+04 3.000000000000000000e+07
6.626407607736662930e-01 9.898609999999986586e-01 3.381996451801795372e-04 6.338883370000000112e+06 1.219919975785863772e+07 4.458200000000000000e+04 3.000000000000000000e+07
7.289048368510330222e-01 9.896119999999994921e-01 6.888076654625695369e-04 1.352695725000000000e+07 1.490042785225533135e+07 4.560300000000000000e+04 3.000000000000000000e+07
8.017953205361363356e-01 9.887749999999998485e-01 9.910978760949893350e-04 2.490849896999999881e+07 1.125020463194868341e+07 4.744900000000000000e+04 3.000000000000000000e+07
8.819748525897500580e-01 9.884759999999999103e-01 1.236779689354573124e-03 2.580703330000000075e+07 1.039217909346086904e+07 4.479300000000000000e+04 3.000000000000000000e+07
9.701723378487251415e-01 9.877319999999996103e-01 1.350990747562687364e-03 2.850240646999999881e+07 6.527858861883727834e+06 4.684100000000000000e+04 3.000000000000000000e+07
9.801723378487251503e-01 9.879710000000000436e-01 1.323955814972687566e-03 2.790347582000000030e+07 7.641741297554037534e+06 4.668000000000000000e+04 3.000000000000000000e+07
9.901723378487251592e-01 9.882319999999998883e-01 1.274196217228723950e-03 2.670542444999999925e+07 9.371263141365313902e+06 4.643300000000000000e+04 3.000000000000000000e+07
1.000172337848725057e+00 9.881340000000000678e-01 1.366398185010501715e-03 2.670544957000000030e+07 9.371191709542972967e+06 4.650500000000000000e+04 3.000000000000000000e+07
