1.000000000000000021e-02 9.899999999999985478e-01 1.443289932012703503e-15 5.762511000000000058e+04 3.775003949388663386e+03 4.955900000000000000e+04 6.726100000000000000e+04
1.100000000000000110e-02 9.899999999999985478e-01 1.443289932012703503e-15 5.652008999999999651e+04 4.021589201037321800e+03 4.677700000000000000e+04 7.131600000000000000e+04
1.210000000000000138e-02 9.899999999999985478e-01 1.443289932012703503e-15 5.619934999999999854e+04 4.003963442328114070e+03 4.749100000000000000e+04 6.703700000000000000e+04
1.331000000000000238e-02 9.899999999999985478e-01 1.443289932012703503e-15 5.507115000000000146e+04 3.267804441440766823e+03 4.789400000000000000e+04 6.255700000000000000e+04
1.464100000000000297e-02 9.899999999999985478e-01 1.443289932012703503e-15 5.423961000000000058e+04 3.668690804346967525e+03 4.613200000000000000e+04 6.356700000000000000e+04
1.610510000000000413e-02 9.899999999999985478e-01 1.443289932012703503e-15 5.362908000000000175e+04 3.036229957299018224e+03 4.736800000000000000e+04 6.175600000000000000e+04
1.771561000000000663e-02 9.899999999999985478e-01 1.443289932012703503e-15 5.234618000000000029e+04 3.415825227906134387e+03 4.428900000000000000e+04 6.323500000000000000e+04
1.948717100000000799e-02 9.899999999999985478e-01 1.443289932012703503e-15 5.200612999999999738e+04 3.757494941194199328e+03 4.488200000000000000e+04 6.402700000000000000e+04
2.143588810000001191e-02 9.899999999999985478e-01 1.443289932012703503e-15 5.157936000000000058e+04 3.302208296034641080e+03 4.444200000000000000e+04 6.041200000000000000e+04
2.357947691000001483e-02 9.899999999999985478e-01 1.443289932012703503e-15 4.985673000000000320e+04 3.305683199748577863e+03 4.286300000000000000e+04 5.697100000000000000e+04
2.593742460100001770e-02 9.899999999999985478e-01 1.443289932012703503e-15 4.868594000000000233e+04 3.066690665261171034e+03 3.987900000000000000e+04 5.736700000000000000e+04
2.853116706110002052e-02 9.899999999999985478e-01 1.443289932012703503e-15 4.864598000000000320e+04 2.938593455992169311e+03 4.266000000000000000e+04 5.808500000000000000e+04
3.138428376721002361e-02 9.899999999999985478e-01 1.443289932012703503e-15 4.743669000000000233e+04 3.224720182263880815e+03 4.052700000000000000e+04 5.688100000000000000e+04
3.452271214393103083e-02 9.899999999999985478e-01 1.443289932012703503e-15 4.757511000000000058e+04 3.078265368336524716e+03 4.087300000000000000e+04 5.534300000000000000e+04
3.797498335832413807e-02 9.899999999999985478e-01 1.443289932012703503e-15 4.608100000000000000e+04 3.179973525047024395e+03 3.923100000000000000e+04 5.317400000000000000e+04
4.177248169415655188e-02 9.899999999999985478e-01 1.443289932012703503e-15 4.529038999999999942e+04 2.760472151263258183e+03 3.863300000000000000e+04 5.250600000000000000e+04
4.594972986357220845e-02 9.899999999999985478e-01 1.443289932012703503e-15 4.428477999999999884e+04 2.742422409403774054e+03 3.820400000000000000e+04 5.349000000000000000e+04
5.054470284992943624e-02 9.899999999999985478e-01 1.443289932012703503e-15 4.382516999999999825e+04 2.785618089598787265e+03 3.830100000000000000e+04 5.376000000000000000e+04
5.559917313492238750e-02 9.899999999999985478e-01 1.443289932012703503e-15 4.305698000000000320e+04 2.601290260543794830e+03 3.757800000000000000e+04 5.225800000000000000e+04
6.115909044841463110e-02 9.899999999999985478e-01 1.443289932012703503e-15 4.217165000000000146e+04 2.609312305474374170e+03 3.685400000000000000e+04 4.882400000000000000e+04
6.727499949325610462e-02 9.899999999999985478e-01 1.443289932012703503e-15 4.166634999999999854e+04 2.616437036792592153e+03 3.664500000000000000e+04 4.908800000000000000e+04
7.400249944258172063e-02 9.899999999999985478e-01 1.443289932012703503e-15 4.142715000000000146e+04 3.120293910435362250e+03 3.626900000000000000e+04 5.306300000000000000e+04
8.140274938683990380e-02 9.899999999999985478e-01 1.443289932012703503e-15 4.090655999999999767e+04 2.804528824312561937e+03 3.566000000000000000e+04 4.887700000000000000e+04
8.954302432552389834e-02 9.899999999999985478e-01 1.443289932012703503e-15 3.994133999999999651e+04 2.297586887236258917e+03 3.396600000000000000e+04 4.627400000000000000e+04
9.849732675807629234e-02 9.899999999999985478e-01 1.443289932012703503e-15 3.915301000000000204e+04 2.458138940316433946e+03 3.468700000000000000e+04 4.689900000000000000e+04
1.083470594338839244e-01 9.899999999999985478e-01 1.443289932012703503e-15 3.835701999999999680e+04 2.434820305402433860e+03 3.304500000000000000e+04 4.417100000000000000e+04
1.191817653772723196e-01 9.899999999999985478e-01 1.443289932012703503e-15 3.793112999999999738e+04 2.050033290729689270e+03 3.357500000000000000e+04 4.415600000000000000e+04
1.310999419149995737e-01 9.899999999999985478e-01 1.443289932012703503e-15 3.757881999999999971e+04 1.983161145141766156e+03 3.257500000000000000e+04 4.433600000000000000e+04
1.442099361064995422e-01 9.899999999999985478e-01 1.443289932012703503e-15 3.708101000000000204e+04 2.102171441605085420e+03 3.219900000000000000e+04 4.328100000000000000e+04
1.586309297171495103e-01 9.899999999999985478e-01 1.443289932012703503e-15 3.637451999999999680e+04 2.114576172569812570e+03 3.259500000000000000e+04 4.500200000000000000e+04
1.744940226888644641e-01 9.899999999999985478e-01 1.443289932012703503e-15 3.594038999999999942e+04 2.159034589324589433e+03 3.212300000000000000e+04 4.329500000000000000e+04
1.919434249577509355e-01 9.899999999999985478e-01 1.443289932012703503e-15 3.562076999999999680e+04 2.394622366282415896e+03 3.182800000000000000e+04 4.808100000000000000e+04
2.111377674535260540e-01 9.899999999999985478e-01 1.443289932012703503e-15 3.522608000000000175e+04 2.431688839798381650e+03 3.137200000000000000e+04 4.260500000000000000e+04
2.322515441988786677e-01 9.899999999999985478e-01 1.443289932012703503e-15 3.451156999999999971e+04 2.094147708520103606e+03 3.104300000000000000e+04 4.197700000000000000e+04
2.554766986187665401e-01 9.899999999999985478e-01 1.443289932012703503e-15 3.381523999999999796e+04 1.974596014986357432e+03 2.966800000000000000e+04 3.963100000000000000e+04
2.810243684806432163e-01 9.899999999999985478e-01 1.443289932012703503e-15 3.365830000000000291e+04 1.964119963240534844e+03 2.986000000000000000e+04 3.991100000000000000e+04
3.091268053287075657e-01 9.899999999999985478e-01 1.443289932012703503e-15 3.358616000000000349e+04 1.956153990461896228e+03 3.026100000000000000e+04 3.885100000000000000e+04
3.400394858615783389e-01 9.899999999999985478e-01 1.443289932012703503e-15 3.273770000000000073e+04 1.955012570292068176e+03 2.883400000000000000e+04 3.838300000000000000e+04
3.740434344477361894e-01 9.899709999999987131e-01 1.544635879422683858e-04 1.530929770000000019e+06 6.531252981258530170e+06 2.844400000000000000e+04 3.000000000000000000e+07
4.114477778925098583e-01 9.899549999999984751e-01 2.070627924084818662e-04 2.130152069999999832e+06 7.646138531011161394e+06 2.920600000000000000e+04 3.000000000000000000e+07
4.525925556817608775e-01 9.898849999999987936e-01 2.765411361804977534e-04 6.325285519999999553e+06 1.220621051196183264e+07 2.845100000000000000e+04 3.000000000000000000e+07
4.978518112499369930e-01 9.897759999999989899e-01 4.296789499149383904e-04 9.621840269999999553e+06 1.397930234456363134e+07 2.871500000000000000e+04 3.000000000000000000e+07
5.476369923749306867e-01 9.894149999999991563e-01 6.911403620104940911e-04 1.711401835999999940e+07 1.483613273315953836e+07 2.873800000000000000e+04 3.000000000000000000e+07
6.024006916124238220e-01 9.892049999999996679e-01 7.659471261125002208e-04 2.100968976000000164e+07 1.373292577527696267e+07 2.859200000000000000e+04 3.000000000000000000e+07
6.626407607736662930e-01 9.889209999999991618e-01 1.038681375591185823e-03 2.250784935999999940e+07 1.297678561008118093e+07 2.849600000000000000e+04 3.000000000000000000e+07
7.289048368510330222e-01 9.888309999999997935e-01 1.012688994706668465e-03 2.310733585000000149e+07 1.261155282720001973e+07 2.911700000000000000e+04 3.000000000000000000e+07
8.017953205361363356e-01 9.882450000000004842e-01 1.194016331546597469e-03 2.760253364999999851e+07 8.130203972564664669e+06 2.937700000000000000e+04 3.000000000000000000e+07
8.819748525897500580e-01 9.882790000000000186e-01 1.115373928330759936e-03 2.790212930000000075e+07 7.646649294102477841e+06 2.848100000000000000e+04 3.000000000000000000e+07
9.701723378487251415e-01 9.882629999999998915e-01 1.059118029305508926e-03 2.760256635999999940e+07 8.130093043747603893e+06 3.005600000000000000e+04 3.000000000000000000e+07
9.801723378487251503e-01 9.882349999999999746e-01 1.084285479013714047e-03 2.910092964999999851e+07 5.112330420632313937e+06 3.007900000000000000e+04 3.000000000000000000e+07
9.901723378487251592e-01 9.880549999999999056e-01 1.168963215845557216e-03 2.850153975000000000e+07 6.531636803416201845e+06 2.989500000000000000e+04 3.000000000000000000e+07
1.000172337848725057e+00 9.881950000000003786e-01 1.091730278044896743e-03 2.820187457999999821e+07 7.117185462096347474e+06 2.928700000000000000e+04 3.000000000000000000e+07
