1.000000000000000021e-02 9.899999999999985478e-01 1.443289932012703503e-15 5.597205999999999767e+04 3.572624068720356263e+03 4.868000000000000000e+04 6.654700000000000000e+04
1.100000000000000110e-02 9.899999999999985478e-01 1.443289932012703503e-15 5.550019000000000233e+04 4.419125077874578892e+03 4.664200000000000000e+04 7.019800000000000000e+04
1.210000000000000138e-02 9.899999999999985478e-01 1.443289932012703503e-15 5.440144000000000233e+04 4.262778029219912241e+03 4.411500000000000000e+04 6.717800000000000000e+04
1.331000000000000238e-02 9.899999999999985478e-01 1.443289932012703503e-15 5.348443000000000029e+04 3.736327183893295569e+03 4.448400000000000000e+04 6.647100000000000000e+04
1.464100000000000297e-02 9.899999999999985478e-01 1.443289932012703503e-15 5.222668000000000029e+04 3.829120773441339679e+03 4.548000000000000000e+04 6.409900000000000000e+04
1.610510000000000413e-02 9.899999999999985478e-01 1.443289932012703503e-15 5.168836000000000058e+04 3.936262960016772467e+03 4.284800000000000000e+04 6.060500000000000000e+04
1.771561000000000663e-02 9.899999999999985478e-01 1.443289932012703503e-15 5.077531999999999971e+04 3.357503944539753320e+03 4.298500000000000000e+04 5.904100000000000000e+04
1.948717100000000799e-02 9.899999999999985478e-01 1.443289932012703503e-15 4.968291999999999825e+04 3.550464537718973133e+03 4.160800000000000000e+04 5.872400000000000000e+04
2.143588810000001191e-02 9.899999999999985478e-01 1.443289932012703503e-15 4.856262000000000262e+04 2.896001145648945112e+03 4.247100000000000000e+04 5.580000000000000000e+04
2.357947691000001483e-02 9.899999999999985478e-01 1.443289932012703503e-15 4.792509999999999854e+04 3.204925660604314089e+03 4.008100000000000000e+04 5.646200000000000000e+04
2.593742460100001770e-02 9.899999999999985478e-01 1.443289932012703503e-15 4.744430000000000291e+04 2.867909752764197947e+03 4.191900000000000000e+04 5.327700000000000000e+04
2.853116706110002052e-02 9.899999999999985478e-01 1.443289932012703503e-15 4.645276000000000204e+04 3.087342783430437521e+03 3.906800000000000000e+04 5.527200000000000000e+04
3.138428376721002361e-02 9.899999999999985478e-01 1.443289932012703503e-15 4.577498999999999796e+04 3.025369089863251702e+03 3.968900000000000000e+04 5.618900000000000000e+04
3.452271214393103083e-02 9.899999999999985478e-01 1.443289932012703503e-15 4.515977999999999884e+04 3.939434592882587822e+03 3.593100000000000000e+04 5.949100000000000000e+04
3.797498335832413807e-02 9.899999999999985478e-01 1.443289932012703503e-15 4.410740000000000146e+04 3.060152770696261086e+03 3.778900000000000000e+04 5.176300000000000000e+04
4.177248169415655188e-02 9.899999999999985478e-01 1.443289932012703503e-15 4.369743000000000029e+04 2.926605929246368305e+03 3.765200000000000000e+04 5.362500000000000000e+04
4.594972986357220845e-02 9.899999999999985478e-01 1.443289932012703503e-15 4.304965000000000146e+04 2.579664863407648681e+03 3.810700000000000000e+04 5.004200000000000000e+04
5.054470284992943624e-02 9.899999999999985478e-01 1.443289932012703503e-15 4.170673999999999796e+04 2.665677042028910364e+03 3.597400000000000000e+04 5.036200000000000000e+04
5.559917313492238750e-02 9.899999999999985478e-01 1.443289932012703503e-15 4.104652999999999884e+04 2.620412850888194953e+03 3.509100000000000000e+04 5.038100000000000000e+04
6.115909044841463110e-02 9.899999999999985478e-01 1.443289932012703503e-15 4.045031999999999971e+04 2.501676369477075696e+03 3.528000000000000000e+04 4.755100000000000000e+04
6.727499949325610462e-02 9.899999999999985478e-01 1.443289932012703503e-15 4.053875000000000000e+04 2.795438449957358898e+03 3.565500000000000000e+04 4.824800000000000000e+04
7.400249944258172063e-02 9.899999999999985478e-01 1.443289932012703503e-15 3.956809999999999854e+04 2.662866472431541752e+03 3.476600000000000000e+04 4.755500000000000000e+04
8.140274938683990380e-02 9.899999999999985478e-01 1.443289932012703503e-15 3.791076000000000204e+04 2.404233071563570320e+03 3.256200000000000000e+04 4.312300000000000000e+04
8.954302432552389834e-02 9.899999999999985478e-01 1.443289932012703503e-15 3.781048999999999796e+04 2.206997958743957952e+03 3.410800000000000000e+04 4.523400000000000000e+04
9.849732675807629234e-02 9.899999999999985478e-01 1.443289932012703503e-15 3.774423999999999796e+04 2.893317013809582477e+03 3.124700000000000000e+04 4.670600000000000000e+04
1.083470594338839244e-01 9.899999999999985478e-01 1.443289932012703503e-15 3.666069999999999709e+04 2.474975246340859485e+03 3.174200000000000000e+04 4.593900000000000000e+04
1.191817653772723196e-01 9.899999999999985478e-01 1.443289932012703503e-15 3.607011000000000058e+04 2.073090383437248420e+03 3.220900000000000000e+04 4.138600000000000000e+04
1.310999419149995737e-01 9.899999999999985478e-01 1.443289932012703503e-15 3.526311000000000058e+04 1.893157267080577412e+03 3.220700000000000000e+04 4.084100000000000000e+04
1.442099361064995422e-01 9.899999999999985478e-01 1.443289932012703503e-15 3.489016000000000349e+04 2.624708489413634197e+03 3.044100000000000000e+04 4.725700000000000000e+04
1.586309297171495103e-01 9.899999999999985478e-01 1.443289932012703503e-15 3.467698000000000320e+04 2.214480331725707401e+03 3.071600000000000000e+04 4.111800000000000000e+04
1.744940226888644641e-01 9.899999999999985478e-01 1.443289932012703503e-15 3.334676999999999680e+04 2.130199473547019352e+03 2.874000000000000000e+04 4.072600000000000000e+04
1.919434249577509355e-01 9.899999999999985478e-01 1.443289932012703503e-15 3.336987999999999738e+04 2.050644461041455088e+03 2.953500000000000000e+04 3.915700000000000000e+04
2.111377674535260540e-01 9.899999999999985478e-01 1.443289932012703503e-15 3.255159000000000015e+04 2.140487491647638763e+03 2.787600000000000000e+04 3.865300000000000000e+04
2.322515441988786677e-01 9.899999999999985478e-01 1.443289932012703503e-15 3.250081000000000131e+04 2.114647231549508888e+03 2.761600000000000000e+04 3.929100000000000000e+04
2.554766986187665401e-01 9.899999999999985478e-01 1.443289932012703503e-15 3.208025000000000000e+04 2.320449871792105569e+03 2.876700000000000000e+04 4.296700000000000000e+04
2.810243684806432163e-01 9.899999999999985478e-01 1.443289932012703503e-15 3.132036000000000058e+04 1.769721546006602694e+03 2.795400000000000000e+04 3.736700000000000000e+04
3.091268053287075657e-01 9.899999999999985478e-01 1.443289932012703503e-15 3.097497999999999956e+04 1.934565827156057139e+03 2.778800000000000000e+04 3.581900000000000000e+04
3.400394858615783389e-01 9.899999999999985478e-01 1.443289932012703503e-15 3.067581999999999971e+04 2.294505691341818874e+03 2.648700000000000000e+04 4.084400000000000000e+04
3.740434344477361894e-01 9.899999999999985478e-01 1.443289932012703503e-15 3.038516999999999825e+04 2.027262104687008787e+03 2.662600000000000000e+04 3.739600000000000000e+04
4.114477778925098583e-01 9.899999999999985478e-01 1.443289932012703503e-15 2.986104000000000087e+04 1.535946606624071137e+03 2.669200000000000000e+04 3.411200000000000000e+04
4.525925556817608775e-01 9.899999999999985478e-01 1.443289932012703503e-15 2.988163999999999942e+04 2.219042196624480766e+03 2.659400000000000000e+04 4.095500000000000000e+04
4.978518112499369930e-01 9.899999999999985478e-01 1.443289932012703503e-15 2.962286999999999898e+04 2.115676500105817013e+03 2.612300000000000000e+04 4.315900000000000000e+04
5.476369923749306867e-01 9.899999999999985478e-01 1.443289932012703503e-15 2.937702000000000044e+04 1.783581694120008251e+03 2.623200000000000000e+04 3.467600000000000000e+04
6.024006916124238220e-01 9.899999999999985478e-01 1.443289932012703503e-15 2.928979000000000087e+04 2.225122977702581011e+03 2.560800000000000000e+04 3.810800000000000000e+04
6.626407607736662930e-01 9.899999999999985478e-01 1.443289932012703503e-15 2.898434000000000015e+04 2.286879586773208302e+03 2.537600000000000000e+04 4.328400000000000000e+04
7.289048368510330222e-01 9.899999999999985478e-01 1.443289932012703503e-15 2.937759000000000015e+04 1.805163306158198793e+03 2.672000000000000000e+04 3.506700000000000000e+04
8.017953205361363356e-01 9.899999999999985478e-01 1.443289932012703503e-15 2.922895000000000073e+04 2.060649899303615257e+03 2.522300000000000000e+04 3.623100000000000000e+04
8.819748525897500580e-01 9.899999999999985478e-01 1.443289932012703503e-15 2.888488000000000102e+04 1.676394603188640303e+03 2.579500000000000000e+04 3.354800000000000000e+04
9.701723378487251415e-01 9.899999999999985478e-01 1.443289932012703503e-15 2.907468000000000029e+04 2.003610116165318232e+03 2.570900000000000000e+04 3.666500000000000000e+04
9.801723378487251503e-01 9.899999999999985478e-01 1.443289932012703503e-15 2.901147999999999956e+04 1.825389413139015687e+03 2.592700000000000000e+04 3.492300000000000000e+04
9.901723378487251592e-01 9.899999999999985478e-01 1.443289932012703503e-15 2.906990000000000146e+04 1.758707266716095774e+03 2.596700000000000000e+04 3.450100000000000000e+04
1.000172337848725057e+00 9.899999999999985478e-01 1.443289932012703503e-15 2.869979999999999927e+04 1.800333002530364865e+03 2.561500000000000000e+04 3.582600000000000000e+04
