1.000000000000000021e-02 9.899999999999985478e-01 1.443289932012703503e-15 5.289104000000000087e+04 4.178861476335390762e+03 4.303400000000000000e+04 6.471100000000000000e+04
1.100000000000000110e-02 9.899999999999985478e-01 1.443289932012703503e-15 5.189320999999999913e+04 3.861694077202388144e+03 4.235900000000000000e+04 6.342100000000000000e+04
1.210000000000000138e-02 9.899999999999985478e-01 1.443289932012703503e-15 5.134468000000000029e+04 3.918615344429713787e+03 4.318600000000000000e+04 6.285200000000000000e+04
1.331000000000000238e-02 9.899999999999985478e-01 1.443289932012703503e-15 4.973872000000000116e+04 3.469282666719447661e+03 4.200100000000000000e+04 5.930600000000000000e+04
1.464100000000000297e-02 9.899999999999985478e-01 1.443289932012703503e-15 4.895926999999999680e+04 3.397166789708741362e+03 4.240200000000000000e+04 5.847700000000000000e+04
1.610510000000000413e-02 9.899999999999985478e-01 1.443289932012703503e-15 4.849745999999999913e+04 3.381788421589972586e+03 4.217000000000000000e+04 5.678100000000000000e+04
1.771561000000000663e-02 9.899999999999985478e-01 1.443289932012703503e-15 4.702162999999999738e+04 3.282976404590809580e+03 4.056800000000000000e+04 5.653300000000000000e+04
1.948717100000000799e-02 9.899999999999985478e-01 1.443289932012703503e-15 4.680269999999999709e+04 3.350786568852155597e+03 4.027100000000000000e+04 5.657200000000000000e+04
2.143588810000001191e-02 9.899999999999985478e-01 1.443289932012703503e-15 4.534875000000000000e+04 3.446766239172595760e+03 3.580100000000000000e+04 5.575400000000000000e+04
2.357947691000001483e-02 9.899999999999985478e-01 1.443289932012703503e-15 4.433616999999999825e+04 2.825347844266259472e+03 3.795100000000000000e+04 5.146200000000000000e+04
2.593742460100001770e-02 9.899999999999985478e-01 1.443289932012703503e-15 4.417698999999999796e+04 3.110611324145143499e+03 3.609000000000000000e+04 5.368000000000000000e+04
2.853116706110002052e-02 9.899999999999985478e-01 1.443289932012703503e-15 4.284905000000000291e+04 3.072174472177646294e+03 3.572800000000000000e+04 5.165600000000000000e+04
3.138428376721002361e-02 9.899999999999985478e-01 1.443289932012703503e-15 4.259112000000000262e+04 2.967792854226859163e+03 3.638100000000000000e+04 5.137700000000000000e+04
3.452271214393103083e-02 9.899999999999985478e-01 1.443289932012703503e-15 4.142184999999999854e+04 3.096913070704439633e+03 3.479800000000000000e+04 4.966100000000000000e+04
3.797498335832413807e-02 9.899999999999985478e-01 1.443289932012703503e-15 4.037658999999999651e+04 2.985377447141315770e+03 3.496100000000000000e+04 4.963400000000000000e+04
4.177248169415655188e-02 9.899999999999985478e-01 1.443289932012703503e-15 4.023718000000000029e+04 2.717833980875211637e+03 3.293800000000000000e+04 4.723500000000000000e+04
4.594972986357220845e-02 9.899999999999985478e-01 1.443289932012703503e-15 3.950991000000000349e+04 3.057600677312196240e+03 3.271100000000000000e+04 4.918800000000000000e+04
5.054470284992943624e-02 9.899999999999985478e-01 1.443289932012703503e-15 3.852786000000000058e+04 2.705949112677472840e+03 3.255200000000000000e+04 4.734700000000000000e+04
5.559917313492238750e-02 9.899999999999985478e-01 1.443289932012703503e-15 3.831920999999999913e+04 2.932232413349937815e+03 3.220800000000000000e+04 4.510700000000000000e+04
6.115909044841463110e-02 9.899999999999985478e-01 1.443289932012703503e-15 3.682630999999999767e+04 2.530375219982206090e+03 3.131800000000000000e+04 4.771300000000000000e+04
6.727499949325610462e-02 9.899999999999985478e-01 1.443289932012703503e-15 3.646952999999999884e+04 2.643078055809173293e+03 3.088600000000000000e+04 4.459600000000000000e+04
7.400249944258172063e-02 9.899999999999985478e-01 1.443289932012703503e-15 3.619648000000000320e+04 2.755492839693110454e+03 3.018500000000000000e+04 4.201100000000000000e+04
8.140274938683990380e-02 9.899999999999985478e-01 1.443289932012703503e-15 3.504247000000000116e+04 2.531443021104761101e+03 3.011400000000000000e+04 4.302600000000000000e+04
8.954302432552389834e-02 9.899999999999985478e-01 1.443289932012703503e-15 3.420956999999999971e+04 2.414747553078789224e+03 2.849600000000000000e+04 4.147200000000000000e+04
9.849732675807629234e-02 9.899999999999985478e-01 1.443289932012703503e-15 3.439975000000000000e+04 2.931198827698319292e+03 3.017100000000000000e+04 4.438600000000000000e+04
1.083470594338839244e-01 9.899999999999985478e-01 1.443289932012703503e-15 3.277809999999999854e+04 2.075673257042157729e+03 2.808700000000000000e+04 3.847300000000000000e+04
1.191817653772723196e-01 9.899999999999985478e-01 1.443289932012703503e-15 3.243025999999999840e+04 1.647660763749626085e+03 2.801000000000000000e+04 3.676200000000000000e+04
1.310999419149995737e-01 9.899999999999985478e-01 1.443289932012703503e-15 3.236004999999999927e+04 2.541355702671312429e+03 2.654100000000000000e+04 3.921000000000000000e+04
1.442099361064995422e-01 9.899999999999985478e-01 1.443289932012703503e-15 3.146702000000000044e+04 2.423335709223961658e+03 2.691800000000000000e+04 4.200800000000000000e+04
1.586309297171495103e-01 9.899999999999985478e-01 1.443289932012703503e-15 3.123031999999999971e+04 2.438506181579206441e+03 2.683000000000000000e+04 3.936800000000000000e+04
1.744940226888644641e-01 9.899999999999985478e-01 1.443289932012703503e-15 3.034286999999999898e+04 2.059346758829119153e+03 2.556500000000000000e+04 3.678500000000000000e+04
1.919434249577509355e-01 9.899999999999985478e-01 1.443289932012703503e-15 2.998754000000000087e+04 1.890585229075906682e+03 2.610200000000000000e+04 3.559700000000000000e+04
2.111377674535260540e-01 9.899999999999985478e-01 1.443289932012703503e-15 2.941440000000000146e+04 1.984686544520317966e+03 2.480100000000000000e+04 3.490700000000000000e+04
2.322515441988786677e-01 9.899999999999985478e-01 1.443289932012703503e-15 2.902333000000000175e+04 2.232795669357140014e+03 2.475000000000000000e+04 3.646500000000000000e+04
2.554766986187665401e-01 9.899999999999985478e-01 1.443289932012703503e-15 2.890974000000000160e+04 2.276213872288805760e+03 2.571200000000000000e+04 3.798700000000000000e+04
2.810243684806432163e-01 9.899999999999985478e-01 1.443289932012703503e-15 2.789227000000000044e+04 1.699084223074300780e+03 2.456500000000000000e+04 3.320300000000000000e+04
3.091268053287075657e-01 9.899999999999985478e-01 1.443289932012703503e-15 2.813015000000000146e+04 1.957236681523213065e+03 2.498600000000000000e+04 3.376500000000000000e+04
3.400394858615783389e-01 9.899999999999985478e-01 1.443289932012703503e-15 2.770141999999999825e+04 2.068360008219071915e+03 2.361600000000000000e+04 3.620800000000000000e+04
3.740434344477361894e-01 9.899999999999985478e-01 1.443289932012703503e-15 2.695577999999999884e+04 1.855092841773694317e+03 2.342900000000000000e+04 3.480500000000000000e+04
4.114477778925098583e-01 9.899999999999985478e-01 1.443289932012703503e-15 2.691218999999999869e+04 1.996258077979898871e+03 2.312600000000000000e+04 3.359800000000000000e+04
4.525925556817608775e-01 9.899999999999985478e-01 1.443289932012703503e-15 2.676775999999999840e+04 2.114661089252838337e+03 2.150900000000000000e+04 3.450300000000000000e+04
4.978518112499369930e-01 9.899999999999985478e-01 1.443289932012703503e-15 2.627593999999999869e+04 2.037266108391341049e+03 2.292000000000000000e+04 3.563100000000000000e+04
5.476369923749306867e-01 9.899999999999985478e-01 1.443289932012703503e-15 2.615195000000000073e+04 2.299709491979367158e+03 2.223300000000000000e+04 3.465000000000000000e+04
6.024006916124238220e-01 9.899999999999985478e-01 1.443289932012703503e-15 2.571875999999999840e+04 1.521028613274582767e+03 2.274900000000000000e+04 2.996800000000000000e+04
6.626407607736662930e-01 9.899999999999985478e-01 1.443289932012703503e-15 2.567400999999999840e+04 1.750307895742917253e+03 2.196800000000000000e+04 3.329900000000000000e+04
7.289048368510330222e-01 9.899999999999985478e-01 1.443289932012703503e-15 2.570852999999999884e+04 1.947619128346196703e+03 2.243500000000000000e+04 3.286100000000000000e+04
8.017953205361363356e-01 9.899999999999985478e-01 1.443289932012703503e-15 2.532691999999999825e+04 2.033030490081247763e+03 2.215600000000000000e+04 3.170000000000000000e+04
8.819748525897500580e-01 9.899999999999985478e-01 1.443289932012703503e-15 2.537665000000000146e+04 1.826688218470793345e+03 2.200700000000000000e+04 3.185700000000000000e+04
9.701723378487251415e-01 9.899999999999985478e-01 1.443289932012703503e-15 2.547222999999999956e+04 1.685160614629952534e+03 2.210400000000000000e+04 3.110800000000000000e+04
9.801723378487251503e-01 9.899999999999985478e-01 1.443289932012703503e-15 2.554561999999999898e+04 2.082072139864514156e+03 2.251600000000000000e+04 3.498600000000000000e+04
9.901723378487251592e-01 9.899999999999985478e-01 1.443289932012703503e-15 2.571447999999999956e+04 1.889981277579224979e+03 2.276000000000000000e+04 3.375200000000000000e+04
1.000172337848725057e+00 9.899999999999985478e-01 1.443289932012703503e-15 2.562013999999999942e+04 2.009399164028889118e+03 2.227900000000000000e+04 3.432400000000000000e+04
