1.000000000000000021e-02 9.899999999999985478e-01 1.443289932012703503e-15 5.556680000000000291e+04 3.899208345292669492e+03 4.725900000000000000e+04 6.522300000000000000e+04
1.100000000000000110e-02 9.899999999999985478e-01 1.443289932012703503e-15 5.413800000000000000e+04 3.242631456086244725e+03 4.603300000000000000e+04 6.398600000000000000e+04
1.210000000000000138e-02 9.899999999999985478e-01 1.443289932012703503e-15 5.349884999999999854e+04 3.167133020177712751e+03 4.695400000000000000e+04 6.101900000000000000e+04
1.331000000000000238e-02 9.899999999999985478e-01 1.443289932012703503e-15 5.325437000000000262e+04 3.462692581373633857e+03 4.608100000000000000e+04 6.167100000000000000e+04
1.464100000000000297e-02 9.899999999999985478e-01 1.443289932012703503e-15 5.186018000000000029e+04 3.490065395891600474e+03 4.511700000000000000e+04 6.182000000000000000e+04
1.610510000000000413e-02 9.899999999999985478e-01 1.443289932012703503e-15 5.029430000000000291e+04 3.670142232938663255e+03 4.224100000000000000e+04 6.008000000000000000e+04
1.771561000000000663e-02 9.899999999999985478e-01 1.443289932012703503e-15 4.985425000000000000e+04 3.451297531001927382e+03 4.317900000000000000e+04 5.944600000000000000e+04
1.948717100000000799e-02 9.899999999999985478e-01 1.443289932012703503e-15 4.918341000000000349e+04 3.695024157147013284e+03 3.983600000000000000e+04 6.525700000000000000e+04
2.143588810000001191e-02 9.899999999999985478e-01 1.443289932012703503e-15 4.798561000000000058e+04 3.308230399760573164e+03 4.103300000000000000e+04 6.009000000000000000e+04
2.357947691000001483e-02 9.899999999999985478e-01 1.443289932012703503e-15 4.768876999999999680e+04 3.405687598283201169e+03 4.076300000000000000e+04 5.953600000000000000e+04
2.593742460100001770e-02 9.899999999999985478e-01 1.443289932012703503e-15 4.669806999999999971e+04 3.211550426990054802e+03 3.915700000000000000e+04 5.792500000000000000e+04
2.853116706110002052e-02 9.899999999999985478e-01 1.443289932012703503e-15 4.656083000000000175e+04 3.168693273433072591e+03 4.083900000000000000e+04 5.499400000000000000e+04
3.138428376721002361e-02 9.899999999999985478e-01 1.443289932012703503e-15 4.503168000000000029e+04 3.144207413260136491e+03 3.780000000000000000e+04 5.282000000000000000e+04
3.452271214393103083e-02 9.899999999999985478e-01 1.443289932012703503e-15 4.384494000000000233e+04 2.880315155742510342e+03 3.739500000000000000e+04 5.704700000000000000e+04
3.797498335832413807e-02 9.899999999999985478e-01 1.443289932012703503e-15 4.381576999999999680e+04 3.205238649008837456e+03 3.551600000000000000e+04 5.315000000000000000e+04
4.177248169415655188e-02 9.899999999999985478e-01 1.443289932012703503e-15 4.332877999999999884e+04 3.527919864679468901e+03 3.529300000000000000e+04 5.930800000000000000e+04
4.594972986357220845e-02 9.899999999999985478e-01 1.443289932012703503e-15 4.223122000000000116e+04 2.917530670207255753e+03 3.625600000000000000e+04 5.353300000000000000e+04
5.054470284992943624e-02 9.899999999999985478e-01 1.443289932012703503e-15 4.157676000000000204e+04 2.964445017604475652e+03 3.481000000000000000e+04 5.434000000000000000e+04
5.559917313492238750e-02 9.899999999999985478e-01 1.443289932012703503e-15 4.010616999999999825e+04 2.306506661837333922e+03 3.470100000000000000e+04 4.663400000000000000e+04
6.115909044841463110e-02 9.899999999999985478e-01 1.443289932012703503e-15 3.974893000000000029e+04 2.585114814684252906e+03 3.495200000000000000e+04 4.712600000000000000e+04
6.727499949325610462e-02 9.899999999999985478e-01 1.443289932012703503e-15 3.924287000000000262e+04 2.663310618966552283e+03 3.436900000000000000e+04 4.611800000000000000e+04
7.400249944258172063e-02 9.899999999999985478e-01 1.443289932012703503e-15 3.913226999999999680e+04 2.540851341007576593e+03 3.369200000000000000e+04 4.805400000000000000e+04
8.140274938683990380e-02 9.899999999999985478e-01 1.443289932012703503e-15 3.793625000000000000e+04 2.680824874455621739e+03 3.297400000000000000e+04 4.727300000000000000e+04
8.954302432552389834e-02 9.899999999999985478e-01 1.443289932012703503e-15 3.693958000000000175e+04 2.354641604066317541e+03 3.223900000000000000e+04 4.362800000000000000e+04
9.849732675807629234e-02 9.899999999999985478e-01 1.443289932012703503e-15 3.637465000000000146e+04 2.363234814295863089e+03 3.110200000000000000e+04 4.203700000000000000e+04
1.083470594338839244e-01 9.899999999999985478e-01 1.443289932012703503e-15 3.610201000000000204e+04 2.331186618419898423e+03 3.064300000000000000e+04 4.364800000000000000e+04
1.191817653772723196e-01 9.899999999999985478e-01 1.443289932012703503e-15 3.531261000000000058e+04 2.384500236506593410e+03 3.113800000000000000e+04 4.336700000000000000e+04
1.310999419149995737e-01 9.899999999999985478e-01 1.443289932012703503e-15 3.481975000000000000e+04 2.473184770190047857e+03 2.960500000000000000e+04 4.165400000000000000e+04
1.442099361064995422e-01 9.899999999999985478e-01 1.443289932012703503e-15 3.445845999999999913e+04 2.578311084489223958e+03 3.074400000000000000e+04 4.264300000000000000e+04
1.586309297171495103e-01 9.899999999999985478e-01 1.443289932012703503e-15 3.371537999999999738e+04 2.439492438110845342e+03 2.912700000000000000e+04 4.344100000000000000e+04
1.744940226888644641e-01 9.899999999999985478e-01 1.443289932012703503e-15 3.317248999999999796e+04 2.315674711590555034e+03 2.826100000000000000e+04 4.038300000000000000e+04
1.919434249577509355e-01 9.899999999999985478e-01 1.443289932012703503e-15 3.268763000000000102e+04 2.184527224160870901e+03 2.881200000000000000e+04 3.918400000000000000e+04
2.111377674535260540e-01 9.899999999999985478e-01 1.443289932012703503e-15 3.202663000000000102e+04 1.985364352732263342e+03 2.810800000000000000e+04 3.820000000000000000e+04
2.322515441988786677e-01 9.899999999999985478e-01 1.443289932012703503e-15 3.212366999999999825e+04 2.247073238926582235e+03 2.811500000000000000e+04 3.887300000000000000e+04
2.554766986187665401e-01 9.899999999999985478e-01 1.443289932012703503e-15 3.129963000000000102e+04 2.084008506004713581e+03 2.758500000000000000e+04 3.954200000000000000e+04
2.810243684806432163e-01 9.899999999999985478e-01 1.443289932012703503e-15 3.101070000000000073e+04 1.891060192061585894e+03 2.718200000000000000e+04 3.713300000000000000e+04
3.091268053287075657e-01 9.899999999999985478e-01 1.443289932012703503e-15 3.068408000000000175e+04 2.146895617769993351e+03 2.684800000000000000e+04 3.985600000000000000e+04
3.400394858615783389e-01 9.899999999999985478e-01 1.443289932012703503e-15 3.001027000000000044e+04 1.946265479604465099e+03 2.600200000000000000e+04 3.656200000000000000e+04
3.740434344477361894e-01 9.899999999999985478e-01 1.443289932012703503e-15 2.984458000000000175e+04 1.813492576108322510e+03 2.608400000000000000e+04 3.523800000000000000e+04
4.114477778925098583e-01 9.899999999999985478e-01 1.443289932012703503e-15 2.914890999999999985e+04 1.740523846978259598e+03 2.614000000000000000e+04 3.462100000000000000e+04
4.525925556817608775e-01 9.899999999999985478e-01 1.443289932012703503e-15 2.891640000000000146e+04 2.110538229930933994e+03 2.425600000000000000e+04 3.754900000000000000e+04
4.978518112499369930e-01 9.899999999999985478e-01 1.443289932012703503e-15 2.897138999999999942e+04 1.912990762627985077e+03 2.540900000000000000e+04 3.495900000000000000e+04
5.476369923749306867e-01 9.899999999999985478e-01 1.443289932012703503e-15 2.902738000000000102e+04 2.228573987015015064e+03 2.480200000000000000e+04 3.863000000000000000e+04
6.024006916124238220e-01 9.899999999999985478e-01 1.443289932012703503e-15 2.862738000000000102e+04 2.051116075603718400e+03 2.497800000000000000e+04 3.620100000000000000e+04
6.626407607736662930e-01 9.899999999999985478e-01 1.443289932012703503e-15 2.833609999999999854e+04 1.815138592504715234e+03 2.518900000000000000e+04 3.526100000000000000e+04
7.289048368510330222e-01 9.899999999999985478e-01 1.443289932012703503e-15 2.817056000000000131e+04 1.767569587427889473e+03 2.516600000000000000e+04 3.396700000000000000e+04
8.017953205361363356e-01 9.899999999999985478e-01 1.443289932012703503e-15 2.831343000000000029e+04 1.784393736006714562e+03 2.511700000000000000e+04 3.373900000000000000e+04
8.819748525897500580e-01 9.899999999999985478e-01 1.443289932012703503e-15 2.827340999999999985e+04 2.072098299285050871e+03 2.488800000000000000e+04 3.485500000000000000e+04
9.701723378487251415e-01 9.899999999999985478e-01 1.443289932012703503e-15 2.811702999999999884e+04 1.619141546962463281e+03 2.446000000000000000e+04 3.555400000000000000e+04
9.801723378487251503e-01 9.899999999999985478e-01 1.443289932012703503e-15 2.780320000000000073e+04 1.732235134154714160e+03 2.479200000000000000e+04 3.430400000000000000e+04
9.901723378487251592e-01 9.899999999999985478e-01 1.443289932012703503e-15 2.846775000000000000e+04 1.943400984742984065e+03 2.487600000000000000e+04 3.541200000000000000e+04
1.000172337848725057e+00 9.899999999999985478e-01 1.443289932012703503e-15 2.832606000000000131e+04 1.977258788424014483e+03 2.489100000000000000e+04 3.686600000000000000e+04
