1.000000000000000021e-02 9.899999999999985478e-01 1.443289932012703503e-15 6.018801000000000204e+04 4.052794289117077824e+03 4.892000000000000000e+04 6.939200000000000000e+04
1.100000000000000110e-02 9.899999999999985478e-01 1.443289932012703503e-15 5.959434999999999854e+04 4.420948609461547676e+03 5.032400000000000000e+04 7.246300000000000000e+04
1.210000000000000138e-02 9.899999999999985478e-01 1.443289932012703503e-15 5.786234999999999854e+04 3.414912345507568261e+03 5.093300000000000000e+04 6.800200000000000000e+04
1.331000000000000238e-02 9.899999999999985478e-01 1.443289932012703503e-15 5.724019999999999709e+04 3.341998043087399310e+03 4.939500000000000000e+04 6.566800000000000000e+04
1.464100000000000297e-02 9.899999999999985478e-01 1.443289932012703503e-15 5.611748999999999796e+04 3.957451863244832111e+03 4.788800000000000000e+04 6.758000000000000000e+04
1.610510000000000413e-02 9.899999999999985478e-01 1.443289932012703503e-15 5.533900000000000000e+04 3.595769628327154351e+03 4.787300000000000000e+04 6.641600000000000000e+04
1.771561000000000663e-02 9.899999999999985478e-01 1.443289932012703503e-15 5.465308999999999651e+04 2.848127490457545719e+03 4.833800000000000000e+04 6.613200000000000000e+04
1.948717100000000799e-02 9.899999999999985478e-01 1.443289932012703503e-15 5.378822000000000116e+04 3.277584432413602826e+03 4.467000000000000000e+04 6.035500000000000000e+04
2.143588810000001191e-02 9.899999999999985478e-01 1.443289932012703503e-15 5.273562000000000262e+04 2.986303165386930687e+03 4.653400000000000000e+04 6.005300000000000000e+04
2.357947691000001483e-02 9.899999999999985478e-01 1.443289932012703503e-15 5.218316999999999825e+04 3.663955253697839908e+03 4.453500000000000000e+04 6.098000000000000000e+04
2.593742460100001770e-02 9.899999999999985478e-01 1.443289932012703503e-15 5.142730999999999767e+04 2.918176618009951198e+03 4.489900000000000000e+04 5.859000000000000000e+04
2.853116706110002052e-02 9.899999999999985478e-01 1.443289932012703503e-15 5.083783999999999651e+04 3.036925948125835475e+03 4.426400000000000000e+04 5.843300000000000000e+04
3.138428376721002361e-02 9.899999999999985478e-01 1.443289932012703503e-15 4.974494999999999709e+04 3.276066447357256948e+03 4.390100000000000000e+04 6.535000000000000000e+04
3.452271214393103083e-02 9.899999999999985478e-01 1.443289932012703503e-15 4.869666000000000349e+04 2.905484645356089004e+03 4.336000000000000000e+04 5.781600000000000000e+04
3.797498335832413807e-02 9.899999999999985478e-01 1.443289932012703503e-15 4.860658999999999651e+04 2.876537189382399902e+03 4.164600000000000000e+04 5.583300000000000000e+04
4.177248169415655188e-02 9.899999999999985478e-01 1.443289932012703503e-15 4.776413999999999942e+04 2.725871757878568587e+03 4.065300000000000000e+04 5.604500000000000000e+04
4.594972986357220845e-02 9.899999999999985478e-01 1.443289932012703503e-15 4.725090000000000146e+04 2.665196208537000530e+03 4.128600000000000000e+04 5.573000000000000000e+04
5.054470284992943624e-02 9.899999999999985478e-01 1.443289932012703503e-15 4.588234999999999854e+04 3.003425881805641893e+03 3.954300000000000000e+04 5.377900000000000000e+04
5.559917313492238750e-02 9.899999999999985478e-01 1.443289932012703503e-15 4.532180999999999767e+04 2.794642573550328962e+03 4.023900000000000000e+04 5.404200000000000000e+04
6.115909044841463110e-02 9.899999999999985478e-01 1.443289932012703503e-15 4.454926999999999680e+04 2.814543777790637705e+03 3.913800000000000000e+04 5.236500000000000000e+04
6.727499949325610462e-02 9.899999999999985478e-01 1.443289932012703503e-15 4.376833000000000175e+04 2.659437812978524562e+03 3.803900000000000000e+04 5.211300000000000000e+04
7.400249944258172063e-02 9.899999999999985478e-01 1.443289932012703503e-15 4.353623000000000320e+04 2.570063691253584238e+03 3.865000000000000000e+04 5.028200000000000000e+04
8.140274938683990380e-02 9.899999999999985478e-01 1.443289932012703503e-15 4.282594999999999709e+04 2.560824634273108131e+03 3.771500000000000000e+04 4.996300000000000000e+04
8.954302432552389834e-02 9.899999999999985478e-01 1.443289932012703503e-15 4.180194000000000233e+04 2.566754818131252705e+03 3.516100000000000000e+04 5.068900000000000000e+04
9.849732675807629234e-02 9.899999999999985478e-01 1.443289932012703503e-15 4.136598000000000320e+04 2.534915556700064371e+03 3.598800000000000000e+04 4.735500000000000000e+04
1.083470594338839244e-01 9.899999999999985478e-01 1.443289932012703503e-15 4.082783000000000175e+04 2.482742226067780848e+03 3.666200000000000000e+04 5.088400000000000000e+04
1.191817653772723196e-01 9.899999999999985478e-01 1.443289932012703503e-15 4.005062999999999738e+04 2.471598910240090390e+03 3.465500000000000000e+04 4.840500000000000000e+04
1.310999419149995737e-01 9.899999999999985478e-01 1.443289932012703503e-15 3.924930999999999767e+04 2.734444414117792803e+03 3.419100000000000000e+04 4.997600000000000000e+04
1.442099361064995422e-01 9.899999999999985478e-01 1.443289932012703503e-15 3.893615000000000146e+04 2.070497289904046283e+03 3.344000000000000000e+04 4.474900000000000000e+04
1.586309297171495103e-01 9.899999999999985478e-01 1.443289932012703503e-15 3.838791000000000349e+04 2.254771855842626337e+03 3.477800000000000000e+04 4.714100000000000000e+04
1.744940226888644641e-01 9.899999999999985478e-01 1.443289932012703503e-15 3.768063999999999942e+04 2.344406724610727906e+03 3.295300000000000000e+04 4.390900000000000000e+04
1.919434249577509355e-01 9.899999999999985478e-01 1.443289932012703503e-15 3.717870999999999913e+04 1.900293463099844075e+03 3.330200000000000000e+04 4.194500000000000000e+04
2.111377674535260540e-01 9.899999999999985478e-01 1.443289932012703503e-15 3.691094000000000233e+04 2.062096209297713813e+03 3.330700000000000000e+04 4.443700000000000000e+04
2.322515441988786677e-01 9.899999999999985478e-01 1.443289932012703503e-15 3.620138999999999942e+04 1.994548394474297766e+03 3.210200000000000000e+04 4.121400000000000000e+04
2.554766986187665401e-01 9.899999999999985478e-01 1.443289932012703503e-15 3.589306999999999971e+04 2.112958008361737484e+03 3.182200000000000000e+04 4.221800000000000000e+04
2.810243684806432163e-01 9.899999999999985478e-01 1.443289932012703503e-15 3.559461000000000058e+04 2.106950202994840765e+03 3.104900000000000000e+04 4.352200000000000000e+04
3.091268053287075657e-01 9.899999999999985478e-01 1.443289932012703503e-15 3.468819000000000233e+04 1.679691838969279615e+03 3.187100000000000000e+04 4.040300000000000000e+04
3.400394858615783389e-01 9.899999999999985478e-01 1.443289932012703503e-15 3.505545999999999913e+04 1.890617922373529836e+03 3.121800000000000000e+04 4.131600000000000000e+04
3.740434344477361894e-01 9.899999999999985478e-01 1.443289932012703503e-15 3.415761000000000058e+04 1.864951253491629359e+03 3.111800000000000000e+04 3.910300000000000000e+04
4.114477778925098583e-01 9.899999999999985478e-01 1.443289932012703503e-15 3.416838999999999942e+04 1.889644378686105938e+03 3.111300000000000000e+04 4.026600000000000000e+04
4.525925556817608775e-01 9.899999999999985478e-01 1.443289932012703503e-15 3.383848999999999796e+04 1.924342492879061865e+03 2.995500000000000000e+04 3.860200000000000000e+04
4.978518112499369930e-01 9.899999999999985478e-01 1.443289932012703503e-15 3.342612000000000262e+04 2.131796056286811108e+03 2.984200000000000000e+04 4.215800000000000000e+04
5.476369923749306867e-01 9.899999999999985478e-01 1.443289932012703503e-15 3.315191000000000349e+04 1.668001205605079804e+03 2.956600000000000000e+04 3.859400000000000000e+04
6.024006916124238220e-01 9.899999999999985478e-01 1.443289932012703503e-15 3.350469999999999709e+04 2.160795661324781577e+03 3.028000000000000000e+04 4.168800000000000000e+04
6.626407607736662930e-01 9.899999999999985478e-01 1.443289932012703503e-15 3.316154000000000087e+04 2.093418283191393584e+03 3.002400000000000000e+04 4.054200000000000000e+04
7.289048368510330222e-01 9.899999999999985478e-01 1.443289932012703503e-15 3.315613999999999942e+04 2.127788222638710067e+03 2.911900000000000000e+04 4.117700000000000000e+04
8.017953205361363356e-01 9.899999999999985478e-01 1.443289932012703503e-15 3.290762000000000262e+04 1.895798669584932441e+03 2.997900000000000000e+04 3.974900000000000000e+04
8.819748525897500580e-01 9.899999999999985478e-01 1.443289932012703503e-15 3.272156999999999971e+04 1.620811742646258153e+03 2.903100000000000000e+04 3.925200000000000000e+04
9.701723378487251415e-01 9.899999999999985478e-01 1.443289932012703503e-15 3.324504000000000087e+04 2.664368232508411893e+03 2.968700000000000000e+04 4.754200000000000000e+04
9.801723378487251503e-01 9.899999999999985478e-01 1.443289932012703503e-15 3.292562999999999738e+04 1.814066209679239364e+03 2.993200000000000000e+04 3.856900000000000000e+04
9.901723378487251592e-01 9.899999999999985478e-01 1.443289932012703503e-15 3.292073000000000320e+04 1.963401552688598713e+03 2.936800000000000000e+04 3.972400000000000000e+04
1.000172337848725057e+00 9.899999999999985478e-01 1.443289932012703503e-15 3.290558999999999651e+04 1.863625198879861045e+03 2.911000000000000000e+04 3.836100000000000000e+04
