1.000000000000000021e-02 9.899999999999985478e-01 1.443289932012703503e-15 6.754305999999999767e+04 3.934679869620907539e+03 5.902200000000000000e+04 7.568300000000000000e+04
1.100000000000000110e-02 9.899999999999985478e-01 1.443289932012703503e-15 6.647955000000000291e+04 3.722117231831905428e+03 5.926500000000000000e+04 7.653800000000000000e+04
1.210000000000000138e-02 9.899999999999985478e-01 1.443289932012703503e-15 6.576417999999999302e+04 3.212780578813311877e+03 5.887500000000000000e+04 7.367900000000000000e+04
1.331000000000000238e-02 9.899999999999985478e-01 1.443289932012703503e-15 6.468263999999999942e+04 3.674078732199407568e+03 5.694900000000000000e+04 7.746000000000000000e+04
1.464100000000000297e-02 9.899999999999985478e-01 1.443289932012703503e-15 6.361751999999999680e+04 3.854717562883173741e+03 5.599000000000000000e+04 7.360700000000000000e+04
1.610510000000000413e-02 9.899999999999985478e-01 1.443289932012703503e-15 6.346480999999999767e+04 3.513159096013159342e+03 5.470800000000000000e+04 7.339700000000000000e+04
1.771561000000000663e-02 9.899999999999985478e-01 1.443289932012703503e-15 6.207933000000000175e+04 3.195676742272283718e+03 5.375100000000000000e+04 7.190000000000000000e+04
1.948717100000000799e-02 9.899999999999985478e-01 1.443289932012703503e-15 6.086980999999999767e+04 3.467880876544060357e+03 5.500800000000000000e+04 7.110800000000000000e+04
2.143588810000001191e-02 9.899999999999985478e-01 1.443289932012703503e-15 6.086730000000000291e+04 3.406490083649150620e+03 5.409700000000000000e+04 6.971000000000000000e+04
2.357947691000001483e-02 9.899999999999985478e-01 1.443289932012703503e-15 5.951408000000000175e+04 3.504208605890923081e+03 5.304300000000000000e+04 7.199700000000000000e+04
2.593742460100001770e-02 9.899999999999985478e-01 1.443289932012703503e-15 5.846802999999999884e+04 2.990333079959487804e+03 4.949400000000000000e+04 6.461700000000000000e+04
2.853116706110002052e-02 9.899999999999985478e-01 1.443289932012703503e-15 5.732905999999999767e+04 2.943175556503552798e+03 5.038600000000000000e+04 6.635200000000000000e+04
3.138428376721002361e-02 9.899999999999985478e-01 1.443289932012703503e-15 5.738912999999999738e+04 3.057343538613219152e+03 5.020600000000000000e+04 6.614600000000000000e+04
3.452271214393103083e-02 9.899999999999985478e-01 1.443289932012703503e-15 5.651194999999999709e+04 2.678339501911585558e+03 5.042400000000000000e+04 6.540100000000000000e+04
3.797498335832413807e-02 9.899999999999985478e-01 1.443289932012703503e-15 5.569572000000000116e+04 2.785959806170936190e+03 4.974300000000000000e+04 6.283200000000000000e+04
4.177248169415655188e-02 9.899999999999985478e-01 1.443289932012703503e-15 5.480225000000000000e+04 3.357023453522479940e+03 4.881100000000000000e+04 6.563200000000000000e+04
4.594972986357220845e-02 9.899999999999985478e-01 1.443289932012703503e-15 5.464773999999999796e+04 3.230781699898648640e+03 4.806400000000000000e+04 6.570000000000000000e+04
5.054470284992943624e-02 9.899999999999985478e-01 1.443289932012703503e-15 5.336883999999999651e+04 3.155207824280360001e+03 4.738200000000000000e+04 6.278100000000000000e+04
5.559917313492238750e-02 9.899999999999985478e-01 1.443289932012703503e-15 5.262116999999999825e+04 3.203451638639171961e+03 4.623900000000000000e+04 6.586400000000000000e+04
6.115909044841463110e-02 9.899999999999985478e-01 1.443289932012703503e-15 5.200134999999999854e+04 2.610203522237298330e+03 4.665600000000000000e+04 6.134800000000000000e+04
6.727499949325610462e-02 9.899999999999985478e-01 1.443289932012703503e-15 5.149893000000000029e+04 2.599555328339829884e+03 4.632300000000000000e+04 5.915800000000000000e+04
7.400249944258172063e-02 9.899999999999985478e-01 1.443289932012703503e-15 5.030848999999999796e+04 2.398187592724973001e+03 4.543900000000000000e+04 5.762700000000000000e+04
8.140274938683990380e-02 9.899999999999985478e-01 1.443289932012703503e-15 4.959505999999999767e+04 2.590344509211081913e+03 4.377400000000000000e+04 5.966500000000000000e+04
8.954302432552389834e-02 9.899999999999985478e-01 1.443289932012703503e-15 4.892733000000000175e+04 2.684129829404681004e+03 4.517100000000000000e+04 5.777400000000000000e+04
9.849732675807629234e-02 9.899999999999985478e-01 1.443289932012703503e-15 4.833383000000000175e+04 2.905622962653619652e+03 4.297300000000000000e+04 6.083900000000000000e+04
1.083470594338839244e-01 9.899999999999985478e-01 1.443289932012703503e-15 4.766772000000000116e+04 2.371087822414006951e+03 4.273500000000000000e+04 5.511400000000000000e+04
1.191817653772723196e-01 9.899999999999985478e-01 1.443289932012703503e-15 4.701280999999999767e+04 2.169935200391937542e+03 4.221400000000000000e+04 5.394400000000000000e+04
1.310999419149995737e-01 9.899999999999985478e-01 1.443289932012703503e-15 4.611081999999999971e+04 2.037270739887067293e+03 4.070600000000000000e+04 5.141500000000000000e+04
1.442099361064995422e-01 9.899999999999985478e-01 1.443289932012703503e-15 4.575468000000000029e+04 2.117902957550227711e+03 4.025300000000000000e+04 5.291500000000000000e+04
1.586309297171495103e-01 9.899999999999985478e-01 1.443289932012703503e-15 4.516555999999999767e+04 2.478582051577071070e+03 4.032100000000000000e+04 5.404300000000000000e+04
1.744940226888644641e-01 9.899999999999985478e-01 1.443289932012703503e-15 4.449161000000000058e+04 1.847382379990672007e+03 4.031000000000000000e+04 5.036900000000000000e+04
1.919434249577509355e-01 9.899999999999985478e-01 1.443289932012703503e-15 4.393701999999999680e+04 2.253629206324766983e+03 4.005100000000000000e+04 4.988600000000000000e+04
2.111377674535260540e-01 9.899999999999985478e-01 1.443289932012703503e-15 4.352608000000000175e+04 2.301720120605457396e+03 3.899900000000000000e+04 4.925500000000000000e+04
2.322515441988786677e-01 9.899999999999985478e-01 1.443289932012703503e-15 4.258023000000000320e+04 1.968178365164092838e+03 3.857900000000000000e+04 4.772900000000000000e+04
2.554766986187665401e-01 9.899999999999985478e-01 1.443289932012703503e-15 4.250326999999999680e+04 2.120613075763704728e+03 3.828500000000000000e+04 5.217500000000000000e+04
2.810243684806432163e-01 9.899999999999985478e-01 1.443289932012703503e-15 4.220920999999999913e+04 2.012716926420602476e+03 3.820100000000000000e+04 4.968200000000000000e+04
3.091268053287075657e-01 9.899999999999985478e-01 1.443289932012703503e-15 4.150008000000000175e+04 2.174027532852333024e+03 3.684100000000000000e+04 4.928200000000000000e+04
3.400394858615783389e-01 9.899999999999985478e-01 1.443289932012703503e-15 4.116669999999999709e+04 1.727468103902355324e+03 3.789700000000000000e+04 4.513800000000000000e+04
3.740434344477361894e-01 9.899999999999985478e-01 1.443289932012703503e-15 4.064556999999999971e+04 1.825850581263428694e+03 3.650100000000000000e+04 4.600900000000000000e+04
4.114477778925098583e-01 9.899999999999985478e-01 1.443289932012703503e-15 4.049147000000000116e+04 1.963842246490282832e+03 3.632000000000000000e+04 4.609200000000000000e+04
4.525925556817608775e-01 9.899999999999985478e-01 1.443289932012703503e-15 4.019070999999999913e+04 2.140718889975982165e+03 3.683100000000000000e+04 4.793000000000000000e+04
4.978518112499369930e-01 9.899999999999985478e-01 1.443289932012703503e-15 4.033922000000000116e+04 1.920002299894455973e+03 3.728700000000000000e+04 4.539200000000000000e+04
5.476369923749306867e-01 9.899999999999985478e-01 1.443289932012703503e-15 3.964958000000000175e+04 1.790395823163134992e+03 3.609000000000000000e+04 4.554700000000000000e+04
6.024006916124238220e-01 9.899999999999985478e-01 1.443289932012703503e-15 3.965813999999999942e+04 1.801749677507948945e+03 3.689200000000000000e+04 4.563700000000000000e+04
6.626407607736662930e-01 9.899999999999985478e-01 1.443289932012703503e-15 3.949025000000000000e+04 1.998498828496028864e+03 3.580800000000000000e+04 4.580200000000000000e+04
7.289048368510330222e-01 9.899999999999985478e-01 1.443289932012703503e-15 3.926879000000000087e+04 1.652920816584993190e+03 3.618000000000000000e+04 4.392200000000000000e+04
8.017953205361363356e-01 9.899909999999987331e-01 6.647555941848353139e-05 6.386531400000000140e+05 4.194478444740713574e+06 3.572500000000000000e+04 3.000000000000000000e+07
8.819748525897500580e-01 9.899399999999987099e-01 2.244994432064334065e-04 3.335148250000000000e+06 9.374336169623533264e+06 3.578700000000000000e+04 3.000000000000000000e+07
9.701723378487251415e-01 9.898489999999989797e-01 3.953466833046677094e-04 6.031429780000000261e+06 1.198428520485374704e+07 3.599100000000000000e+04 3.000000000000000000e+07
9.801723378487251503e-01 9.898819999999990404e-01 2.916779045454038631e-04 6.630958500000000000e+06 1.241094766956037655e+07 3.607900000000000000e+04 3.000000000000000000e+07
9.901723378487251592e-01 9.899089999999989287e-01 2.306924359401522559e-04 5.132826269999999553e+06 1.125412802300344035e+07 3.583900000000000000e+04 3.000000000000000000e+07
1.000172337848725057e+00 9.899179999999985213e-01 2.463249885821585934e-04 3.634752740000000224e+06 9.736012963029311970e+06 3.552200000000000000e+04 3.000000000000000000e+07
