1.000000000000000021e-02 9.899999999999985478e-01 1.443289932012703503e-15 9.891000000000000000e+03 2.449489742783177992e-01 9.890000000000000000e+03 9.892000000000000000e+03
1.100000000000000110e-02 9.899999999999985478e-01 1.443289932012703503e-15 9.890969999999999345e+03 2.984962311319863670e-01 9.889000000000000000e+03 9.892000000000000000e+03
1.210000000000000138e-02 9.899999999999985478e-01 1.443289932012703503e-15 9.890989999999999782e+03 2.998332870112990767e-01 9.890000000000000000e+03 9.892000000000000000e+03
1.331000000000000238e-02 9.899999999999985478e-01 1.443289932012703503e-15 9.891049999999999272e+03 3.570714214271421549e-01 9.890000000000000000e+03 9.892000000000000000e+03
1.464100000000000297e-02 9.899999999999985478e-01 1.443289932012703503e-15 9.890950000000000728e+03 3.840572873934300357e-01 9.890000000000000000e+03 9.892000000000000000e+03
1.610510000000000413e-02 9.899999999999985478e-01 1.443289932012703503e-15 9.891020000000000437e+03 4.237924020083413956e-01 9.890000000000000000e+03 9.892000000000000000e+03
1.771561000000000663e-02 9.899999999999985478e-01 1.443289932012703503e-15 9.890930000000000291e+03 4.528796749689700807e-01 9.889000000000000000e+03 9.892000000000000000e+03
1.948717100000000799e-02 9.899999999999985478e-01 1.443289932012703503e-15 9.890969999999999345e+03 3.593048844644332607e-01 9.890000000000000000e+03 9.892000000000000000e+03
2.143588810000001191e-02 9.899999999999985478e-01 1.443289932012703503e-15 9.890959999999999127e+03 4.454211490264015638e-01 9.889000000000000000e+03 9.892000000000000000e+03
2.357947691000001483e-02 9.899999999999985478e-01 1.443289932012703503e-15 9.891010000000000218e+03 4.998999899979995054e-01 9.889000000000000000e+03 9.893000000000000000e+03
2.593742460100001770e-02 9.899999999999985478e-01 1.443289932012703503e-15 9.891040000000000873e+03 3.979949748426476752e-01 9.890000000000000000e+03 9.892000000000000000e+03
2.853116706110002052e-02 9.899999999999985478e-01 1.443289932012703503e-15 9.890979999999999563e+03 3.994996871087631574e-01 9.890000000000000000e+03 9.892000000000000000e+03
3.138428376721002361e-02 9.899999999999985478e-01 1.443289932012703503e-15 9.890979999999999563e+03 5.095095681142794986e-01 9.889000000000000000e+03 9.892000000000000000e+03
3.452271214393103083e-02 9.899999999999985478e-01 1.443289932012703503e-15 9.891000000000000000e+03 5.477225575051660744e-01 9.889000000000000000e+03 9.893000000000000000e+03
3.797498335832413807e-02 9.899999999999985478e-01 1.443289932012703503e-15 9.890959999999999127e+03 5.817215828899596763e-01 9.890000000000000000e+03 9.893000000000000000e+03
4.177248169415655188e-02 9.899999999999985478e-01 1.443289932012703503e-15 9.891010000000000218e+03 5.195190083144212156e-01 9.890000000000000000e+03 9.893000000000000000e+03
4.594972986357220845e-02 9.899999999999985478e-01 1.443289932012703503e-15 9.890909999999999854e+03 6.647555941848106720e-01 9.889000000000000000e+03 9.894000000000000000e+03
5.054470284992943624e-02 9.899999999999985478e-01 1.443289932012703503e-15 9.890979999999999563e+03 6.477653896280660684e-01 9.888000000000000000e+03 9.892000000000000000e+03
5.559917313492238750e-02 9.899999999999985478e-01 1.443289932012703503e-15 9.890899999999999636e+03 6.557438524302003913e-01 9.889000000000000000e+03 9.892000000000000000e+03
6.115909044841463110e-02 9.899999999999985478e-01 1.443289932012703503e-15 9.890950000000000728e+03 7.262919523166971869e-01 9.888000000000000000e+03 9.893000000000000000e+03
6.727499949325610462e-02 9.899999999999985478e-01 1.443289932012703503e-15 9.891020000000000437e+03 6.477653896280661794e-01 9.889000000000000000e+03 9.893000000000000000e+03
7.400249944258172063e-02 9.899999999999985478e-01 1.443289932012703503e-15 9.891010000000000218e+03 8.543418519538881206e-01 9.889000000000000000e+03 9.894000000000000000e+03
8.140274938683990380e-02 9.899999999999985478e-01 1.443289932012703503e-15 9.890909999999999854e+03 8.613361713059546343e-01 9.888000000000000000e+03 9.893000000000000000e+03
8.954302432552389834e-02 9.899999999999985478e-01 1.443289932012703503e-15 9.891010000000000218e+03 8.659676668328900595e-01 9.889000000000000000e+03 9.893000000000000000e+03
9.849732675807629234e-02 9.899999999999985478e-01 1.443289932012703503e-15 9.891280000000000655e+03 7.884161337770803080e-01 9.890000000000000000e+03 9.893000000000000000e+03
1.083470594338839244e-01 9.899999999999985478e-01 1.443289932012703503e-15 9.891079999999999927e+03 8.681013765684272299e-01 9.889000000000000000e+03 9.894000000000000000e+03
1.191817653772723196e-01 9.899999999999985478e-01 1.443289932012703503e-15 9.891069999999999709e+03 9.925220400575497370e-01 9.888000000000000000e+03 9.893000000000000000e+03
1.310999419149995737e-01 9.899999999999985478e-01 1.443289932012703503e-15 9.890979999999999563e+03 9.795917517006764719e-01 9.888000000000000000e+03 9.893000000000000000e+03
1.442099361064995422e-01 9.899999999999985478e-01 1.443289932012703503e-15 9.890889999999999418e+03 1.094486180817282328e+00 9.888000000000000000e+03 9.894000000000000000e+03
1.586309297171495103e-01 9.899999999999985478e-01 1.443289932012703503e-15 9.890870000000000800e+03 1.026206606877972494e+00 9.888000000000000000e+03 9.893000000000000000e+03
1.744940226888644641e-01 9.899999999999985478e-01 1.443289932012703503e-15 9.891229999999999563e+03 1.028153685010173568e+00 9.889000000000000000e+03 9.894000000000000000e+03
1.919434249577509355e-01 9.899999999999985478e-01 1.443289932012703503e-15 9.890979999999999563e+03 1.326499151903233864e+00 9.887000000000000000e+03 9.893000000000000000e+03
2.111377674535260540e-01 9.899999999999985478e-01 1.443289932012703503e-15 9.891040000000000873e+03 1.413647763765785159e+00 9.887000000000000000e+03 9.895000000000000000e+03
2.322515441988786677e-01 9.899999999999985478e-01 1.443289932012703503e-15 9.890979999999999563e+03 1.131194059390341344e+00 9.888000000000000000e+03 9.894000000000000000e+03
2.554766986187665401e-01 9.899999999999985478e-01 1.443289932012703503e-15 9.891000000000000000e+03 1.216552506059643823e+00 9.888000000000000000e+03 9.893000000000000000e+03
2.810243684806432163e-01 9.899999999999985478e-01 1.443289932012703503e-15 9.891030000000000655e+03 1.352442235365340251e+00 9.888000000000000000e+03 9.894000000000000000e+03
3.091268053287075657e-01 9.899999999999985478e-01 1.443289932012703503e-15 9.890959999999999127e+03 1.280000000000001137e+00 9.886000000000000000e+03 9.894000000000000000e+03
3.400394858615783389e-01 9.899999999999985478e-01 1.443289932012703503e-15 9.890899999999999636e+03 1.403566884761821010e+00 9.886000000000000000e+03 9.894000000000000000e+03
3.740434344477361894e-01 9.899999999999985478e-01 1.443289932012703503e-15 9.890889999999999418e+03 1.690532460498762157e+00 9.887000000000000000e+03 9.895000000000000000e+03
4.114477778925098583e-01 9.899999999999985478e-01 1.443289932012703503e-15 9.891059999999999491e+03 1.672244001334735053e+00 9.886000000000000000e+03 9.895000000000000000e+03
4.525925556817608775e-01 9.899999999999985478e-01 1.443289932012703503e-15 9.891129999999999200e+03 1.695022123749422072e+00 9.887000000000000000e+03 9.895000000000000000e+03
4.978518112499369930e-01 9.899999999999985478e-01 1.443289932012703503e-15 9.891049999999999272e+03 1.734214519602464755e+00 9.886000000000000000e+03 9.895000000000000000e+03
5.476369923749306867e-01 9.899999999999985478e-01 1.443289932012703503e-15 9.890639999999999418e+03 1.688312767232422074e+00 9.886000000000000000e+03 9.895000000000000000e+03
6.024006916124238220e-01 9.899999999999985478e-01 1.443289932012703503e-15 9.891350000000000364e+03 1.774119499921016585e+00 9.888000000000000000e+03 9.895000000000000000e+03
6.626407607736662930e-01 9.899999999999985478e-01 1.443289932012703503e-15 9.890760000000000218e+03 1.817250670656088696e+00 9.886000000000000000e+03 9.895000000000000000e+03
7.289048368510330222e-01 9.899999999999985478e-01 1.443289932012703503e-15 9.891030000000000655e+03 1.851782924643167627e+00 9.887000000000000000e+03 9.894000000000000000e+03
8.017953205361363356e-01 9.899999999999985478e-01 1.443289932012703503e-15 9.890540000000000873e+03 1.663850954863447251e+00 9.885000000000000000e+03 9.894000000000000000e+03
8.819748525897500580e-01 9.899999999999985478e-01 1.443289932012703503e-15 9.891110000000000582e+03 2.029260949212792653e+00 9.886000000000000000e+03 9.895000000000000000e+03
9.701723378487251415e-01 9.899999999999985478e-01 1.443289932012703503e-15 9.891090000000000146e+03 1.749828563031245121e+00 9.886000000000000000e+03 9.895000000000000000e+03
9.801723378487251503e-01 9.899999999999985478e-01 1.443289932012703503e-15 9.890870000000000800e+03 1.911308452343577491e+00 9.886000000000000000e+03 9.895000000000000000e+03
9.901723378487251592e-01 9.899999999999985478e-01 1.443289932012703503e-15 9.890909999999999854e+03 2.005467526538385670e+00 9.885000000000000000e+03 9.895000000000000000e+03
1.000172337848725057e+00 9.899999999999985478e-01 1.443289932012703503e-15 9.890809999999999491e+03 2.023338824814076009e+00 9.884000000000000000e+03 9.895000000000000000e+03
