1.000000000000000021e-02 9.899999999999985478e-01 1.443289932012703503e-15 6.060934999999999854e+04 3.833239458669390388e+03 5.253800000000000000e+04 7.101900000000000000e+04
1.100000000000000110e-02 9.899999999999985478e-01 1.443289932012703503e-15 6.007138999999999942e+04 4.278351539775570927e+03 5.188700000000000000e+04 7.474400000000000000e+04
1.210000000000000138e-02 9.899999999999985478e-01 1.443289932012703503e-15 5.935698000000000320e+04 3.610132277299544967e+03 4.922800000000000000e+04 7.079300000000000000e+04
1.331000000000000238e-02 9.899999999999985478e-01 1.443289932012703503e-15 5.766619000000000233e+04 3.536809994034172178e+03 5.084600000000000000e+04 7.090200000000000000e+04
1.464100000000000297e-02 9.899999999999985478e-01 1.443289932012703503e-15 5.743091999999999825e+04 3.396613730408566880e+03 5.053400000000000000e+04 6.527300000000000000e+04
1.610510000000000413e-02 9.899999999999985478e-01 1.443289932012703503e-15 5.568059999999999854e+04 3.486518177207743065e+03 4.907100000000000000e+04 6.803600000000000000e+04
1.771561000000000663e-02 9.899999999999985478e-01 1.443289932012703503e-15 5.536748000000000320e+04 3.696017203639614763e+03 4.852100000000000000e+04 6.555300000000000000e+04
1.948717100000000799e-02 9.899999999999985478e-01 1.443289932012703503e-15 5.413520999999999913e+04 3.693749055620860872e+03 4.524700000000000000e+04 6.352700000000000000e+04
2.143588810000001191e-02 9.899999999999985478e-01 1.443289932012703503e-15 5.323783999999999651e+04 3.219105163613018703e+03 4.609200000000000000e+04 6.012500000000000000e+04
2.357947691000001483e-02 9.899999999999985478e-01 1.443289932012703503e-15 5.325622000000000116e+04 3.137529086972740970e+03 4.622400000000000000e+04 6.140000000000000000e+04
2.593742460100001770e-02 9.899999999999985478e-01 1.443289932012703503e-15 5.237591000000000349e+04 3.227283381096243374e+03 4.614400000000000000e+04 5.970600000000000000e+04
2.853116706110002052e-02 9.899999999999985478e-01 1.443289932012703503e-15 5.124369000000000233e+04 3.006200980290572716e+03 4.560100000000000000e+04 6.214400000000000000e+04
3.138428376721002361e-02 9.899999999999985478e-01 1.443289932012703503e-15 5.085756999999999971e+04 3.224224307504054195e+03 4.403400000000000000e+04 6.056100000000000000e+04
3.452271214393103083e-02 9.899999999999985478e-01 1.443289932012703503e-15 4.911065000000000146e+04 2.830302218403539882e+03 4.335600000000000000e+04 5.688900000000000000e+04
3.797498335832413807e-02 9.899999999999985478e-01 1.443289932012703503e-15 4.910675000000000000e+04 2.839107269459891540e+03 4.342400000000000000e+04 5.618900000000000000e+04
4.177248169415655188e-02 9.899999999999985478e-01 1.443289932012703503e-15 4.829933999999999651e+04 2.991928011232890640e+03 4.205500000000000000e+04 5.608900000000000000e+04
4.594972986357220845e-02 9.899999999999985478e-01 1.443289932012703503e-15 4.769837999999999738e+04 2.828180555693006681e+03 4.212000000000000000e+04 5.547300000000000000e+04
5.054470284992943624e-02 9.899999999999985478e-01 1.443289932012703503e-15 4.641316000000000349e+04 2.808211355008735154e+03 4.064100000000000000e+04 5.561300000000000000e+04
5.559917313492238750e-02 9.899999999999985478e-01 1.443289932012703503e-15 4.588058000000000175e+04 2.587979459655736719e+03 4.022900000000000000e+04 5.287200000000000000e+04
6.115909044841463110e-02 9.899999999999985478e-01 1.443289932012703503e-15 4.514979000000000087e+04 2.852079365287719611e+03 3.917600000000000000e+04 5.133800000000000000e+04
6.727499949325610462e-02 9.899999999999985478e-01 1.443289932012703503e-15 4.430059999999999854e+04 2.690190729297831695e+03 3.885500000000000000e+04 5.427500000000000000e+04
7.400249944258172063e-02 9.899999999999985478e-01 1.443289932012703503e-15 4.465919999999999709e+04 3.083824674004669760e+03 3.942000000000000000e+04 5.538600000000000000e+04
8.140274938683990380e-02 9.899999999999985478e-01 1.443289932012703503e-15 4.295815000000000146e+04 2.433935390987197025e+03 3.757400000000000000e+04 5.042300000000000000e+04
8.954302432552389834e-02 9.899999999999985478e-01 1.443289932012703503e-15 4.232558999999999651e+04 2.442308371582099426e+03 3.732100000000000000e+04 4.802300000000000000e+04
9.849732675807629234e-02 9.899999999999985478e-01 1.443289932012703503e-15 4.163291000000000349e+04 2.427109351038803197e+03 3.730200000000000000e+04 4.811300000000000000e+04
1.083470594338839244e-01 9.899999999999985478e-01 1.443289932012703503e-15 4.140187000000000262e+04 2.493390441366935192e+03 3.721000000000000000e+04 4.817300000000000000e+04
1.191817653772723196e-01 9.899999999999985478e-01 1.443289932012703503e-15 4.043712999999999738e+04 2.470963486800239025e+03 3.596700000000000000e+04 4.826200000000000000e+04
1.310999419149995737e-01 9.899999999999985478e-01 1.443289932012703503e-15 4.046348000000000320e+04 2.472906902736130178e+03 3.558900000000000000e+04 4.858300000000000000e+04
1.442099361064995422e-01 9.899999999999985478e-01 1.443289932012703503e-15 3.975833999999999651e+04 2.407247840252432525e+03 3.468500000000000000e+04 4.774900000000000000e+04
1.586309297171495103e-01 9.899999999999985478e-01 1.443289932012703503e-15 3.890690000000000146e+04 2.311355656319468380e+03 3.524900000000000000e+04 4.772000000000000000e+04
1.744940226888644641e-01 9.899999999999985478e-01 1.443289932012703503e-15 3.866001999999999680e+04 2.192232724780833450e+03 3.454800000000000000e+04 4.565300000000000000e+04
1.919434249577509355e-01 9.899999999999985478e-01 1.443289932012703503e-15 3.786626999999999680e+04 2.008286826402045563e+03 3.402600000000000000e+04 4.324500000000000000e+04
2.111377674535260540e-01 9.899999999999985478e-01 1.443289932012703503e-15 3.757643000000000029e+04 2.232539174370743694e+03 3.328300000000000000e+04 4.456100000000000000e+04
2.322515441988786677e-01 9.899999999999985478e-01 1.443289932012703503e-15 3.716227999999999884e+04 2.044416968624551373e+03 3.321000000000000000e+04 4.339800000000000000e+04
2.554766986187665401e-01 9.899999999999985478e-01 1.443289932012703503e-15 3.634712000000000262e+04 1.865901188594937139e+03 3.264800000000000000e+04 4.194900000000000000e+04
2.810243684806432163e-01 9.899989999999985191e-01 9.949874371065108575e-06 3.358615100000000093e+05 2.981358707179788500e+06 3.196600000000000000e+04 3.000000000000000000e+07
3.091268053287075657e-01 9.899999999999985478e-01 1.443289932012703503e-15 3.592572000000000116e+04 2.072191743444606800e+03 3.166800000000000000e+04 4.345400000000000000e+04
3.400394858615783389e-01 9.899949999999987371e-01 3.570714214271032401e-05 6.346668599999999860e+05 4.195047984811944887e+06 3.187100000000000000e+04 3.000000000000000000e+07
3.740434344477361894e-01 9.898649999999987736e-01 3.389321466016421351e-04 5.128906780000000261e+06 1.125590176782978885e+07 3.112500000000000000e+04 3.000000000000000000e+07
4.114477778925098583e-01 9.898639999999990780e-01 3.413268228545762836e-04 6.927119870000000112e+06 1.261015341552560963e+07 3.179800000000000000e+04 3.000000000000000000e+07
4.525925556817608775e-01 9.897849999999991377e-01 4.600815145167153541e-04 8.724788890000000596e+06 1.359701906457113475e+07 3.187100000000000000e+04 3.000000000000000000e+07
4.978518112499369930e-01 9.895079999999996101e-01 6.949359682733355749e-04 1.531676592999999970e+07 1.497989507035089843e+07 3.176500000000000000e+04 3.000000000000000000e+07
5.476369923749306867e-01 9.891539999999997557e-01 8.414772724203574113e-04 2.160976298000000045e+07 1.345431102346050926e+07 3.280000000000000000e+04 3.000000000000000000e+07
6.024006916124238220e-01 9.886589999999999545e-01 9.928841825711570614e-04 2.610454210999999940e+07 1.007735288154906780e+07 3.114200000000000000e+04 3.000000000000000000e+07
6.626407607736662930e-01 9.881189999999996365e-01 1.143389260051006200e-03 2.880131819999999925e+07 5.872317550395233557e+06 3.187900000000000000e+04 3.000000000000000000e+07
7.289048368510330222e-01 9.879569999999998631e-01 1.221577259120354680e-03 2.880139760999999940e+07 5.871928544406057335e+06 3.041500000000000000e+04 3.000000000000000000e+07
8.017953205361363356e-01 9.872950000000001447e-01 1.390278749028407441e-03 2.910110110000000149e+07 5.111355554538231343e+06 3.301400000000000000e+04 3.000000000000000000e+07
8.819748525897500580e-01 9.872600000000001375e-01 1.410319112825183380e-03 2.910105030000000075e+07 5.111644392930322327e+06 3.303400000000000000e+04 3.000000000000000000e+07
9.701723378487251415e-01 9.869359999999997024e-01 1.119599928545906599e-03 2.970032771999999881e+07 2.981701538490972016e+06 3.277200000000000000e+04 3.000000000000000000e+07
9.801723378487251503e-01 9.870560000000000445e-01 1.099119647718114134e-03 2.970031533999999985e+07 2.981824717935697176e+06 3.153400000000000000e+04 3.000000000000000000e+07
9.901723378487251592e-01 9.869500000000003270e-01 1.258451429336867331e-03 3.000000000000000000e+07 0.000000000000000000e+00 3.000000000000000000e+07 3.000000000000000000e+07
1.000172337848725057e+00 9.868120000000000225e-01 1.182901517456121663e-03 3.000000000000000000e+07 0.000000000000000000e+00 3.000000000000000000e+07 3.000000000000000000e+07
