1.000000000000000021e-02 9.899999999999985478e-01 1.443289932012703503e-15 5.585151000000000204e+04 3.655537948086437154e+03 4.892700000000000000e+04 6.679500000000000000e+04
1.100000000000000110e-02 9.899999999999985478e-01 1.443289932012703503e-15 5.500479000000000087e+04 4.143635884811792494e+03 4.524200000000000000e+04 6.733900000000000000e+04
1.210000000000000138e-02 9.899999999999985478e-01 1.443289932012703503e-15 5.356991000000000349e+04 3.591970473417062749e+03 4.530000000000000000e+04 6.554500000000000000e+04
1.331000000000000238e-02 9.899999999999985478e-01 1.443289932012703503e-15 5.292940000000000146e+04 3.972549601955902745e+03 4.329200000000000000e+04 6.701400000000000000e+04
1.464100000000000297e-02 9.899999999999985478e-01 1.443289932012703503e-15 5.178398999999999796e+04 3.297786792668683574e+03 4.461400000000000000e+04 6.139700000000000000e+04
1.610510000000000413e-02 9.899999999999985478e-01 1.443289932012703503e-15 5.092473000000000320e+04 3.782921508186496794e+03 4.146600000000000000e+04 6.048900000000000000e+04
1.771561000000000663e-02 9.899999999999985478e-01 1.443289932012703503e-15 5.069020999999999913e+04 3.885686696827215656e+03 4.253700000000000000e+04 6.008600000000000000e+04
1.948717100000000799e-02 9.899999999999985478e-01 1.443289932012703503e-15 4.921591000000000349e+04 3.274506531051664297e+03 4.403100000000000000e+04 5.846300000000000000e+04
2.143588810000001191e-02 9.899999999999985478e-01 1.443289932012703503e-15 4.831593000000000029e+04 3.224319845347232331e+03 4.245800000000000000e+04 6.253600000000000000e+04
2.357947691000001483e-02 9.899999999999985478e-01 1.443289932012703503e-15 4.799300000000000000e+04 3.386821447906576395e+03 4.253100000000000000e+04 6.207500000000000000e+04
2.593742460100001770e-02 9.899999999999985478e-01 1.443289932012703503e-15 4.646573000000000320e+04 3.134205573522579016e+03 4.022100000000000000e+04 5.474800000000000000e+04
2.853116706110002052e-02 9.899999999999985478e-01 1.443289932012703503e-15 4.625365000000000146e+04 3.175470337997192928e+03 3.910100000000000000e+04 5.562100000000000000e+04
3.138428376721002361e-02 9.899999999999985478e-01 1.443289932012703503e-15 4.531751000000000204e+04 3.073906730839438296e+03 3.768600000000000000e+04 5.252800000000000000e+04
3.452271214393103083e-02 9.899999999999985478e-01 1.443289932012703503e-15 4.433580000000000291e+04 3.094523404338704040e+03 3.782000000000000000e+04 5.743200000000000000e+04
3.797498335832413807e-02 9.899999999999985478e-01 1.443289932012703503e-15 4.312534999999999854e+04 2.728547145918501428e+03 3.692600000000000000e+04 5.082900000000000000e+04
4.177248169415655188e-02 9.899999999999985478e-01 1.443289932012703503e-15 4.254395999999999913e+04 2.781913521013907939e+03 3.588800000000000000e+04 5.025100000000000000e+04
4.594972986357220845e-02 9.899999999999985478e-01 1.443289932012703503e-15 4.227769000000000233e+04 3.141395631546590721e+03 3.724700000000000000e+04 5.531600000000000000e+04
5.054470284992943624e-02 9.899999999999985478e-01 1.443289932012703503e-15 4.136516000000000349e+04 2.847769406816500123e+03 3.562000000000000000e+04 4.947200000000000000e+04
5.559917313492238750e-02 9.899999999999985478e-01 1.443289932012703503e-15 4.052577999999999884e+04 2.776316655498791533e+03 3.490700000000000000e+04 5.243100000000000000e+04
6.115909044841463110e-02 9.899999999999985478e-01 1.443289932012703503e-15 3.999334999999999854e+04 2.633188859064233384e+03 3.376900000000000000e+04 4.763300000000000000e+04
6.727499949325610462e-02 9.899999999999985478e-01 1.443289932012703503e-15 3.905598999999999796e+04 2.658739150405695455e+03 3.362900000000000000e+04 4.520100000000000000e+04
7.400249944258172063e-02 9.899999999999985478e-01 1.443289932012703503e-15 3.873276000000000204e+04 3.110316376576505718e+03 3.308500000000000000e+04 4.660200000000000000e+04
8.140274938683990380e-02 9.899999999999985478e-01 1.443289932012703503e-15 3.775183999999999651e+04 2.383597015940403708e+03 3.399700000000000000e+04 4.450800000000000000e+04
8.954302432552389834e-02 9.899999999999985478e-01 1.443289932012703503e-15 3.772669000000000233e+04 2.770886748660074318e+03 3.281800000000000000e+04 4.750100000000000000e+04
9.849732675807629234e-02 9.899999999999985478e-01 1.443289932012703503e-15 3.607736000000000058e+04 2.272790810963472723e+03 3.187500000000000000e+04 4.293600000000000000e+04
1.083470594338839244e-01 9.899999999999985478e-01 1.443289932012703503e-15 3.637059999999999854e+04 2.374389344652641284e+03 3.203500000000000000e+04 4.145000000000000000e+04
1.191817653772723196e-01 9.899999999999985478e-01 1.443289932012703503e-15 3.522630999999999767e+04 2.265397879821555762e+03 3.113200000000000000e+04 4.230100000000000000e+04
1.310999419149995737e-01 9.899999999999985478e-01 1.443289932012703503e-15 3.497869999999999709e+04 2.352569240213771081e+03 3.010200000000000000e+04 4.407600000000000000e+04
1.442099361064995422e-01 9.899999999999985478e-01 1.443289932012703503e-15 3.446676000000000204e+04 2.317995682135754123e+03 3.042000000000000000e+04 4.238300000000000000e+04
1.586309297171495103e-01 9.899999999999985478e-01 1.443289932012703503e-15 3.363431999999999971e+04 2.082059273315724113e+03 2.981900000000000000e+04 4.016300000000000000e+04
1.744940226888644641e-01 9.899999999999985478e-01 1.443289932012703503e-15 3.364691000000000349e+04 2.468827090320422030e+03 2.869100000000000000e+04 4.272200000000000000e+04
1.919434249577509355e-01 9.899999999999985478e-01 1.443289932012703503e-15 3.289148999999999796e+04 2.571865107251933750e+03 2.878800000000000000e+04 4.477400000000000000e+04
2.111377674535260540e-01 9.899999999999985478e-01 1.443289932012703503e-15 3.213711999999999898e+04 2.098021350129688017e+03 2.876900000000000000e+04 4.079600000000000000e+04
2.322515441988786677e-01 9.899999999999985478e-01 1.443289932012703503e-15 3.162261999999999898e+04 1.777511579596600313e+03 2.799500000000000000e+04 3.714400000000000000e+04
2.554766986187665401e-01 9.899999999999985478e-01 1.443289932012703503e-15 3.146422999999999956e+04 2.054759196864683872e+03 2.752200000000000000e+04 3.653800000000000000e+04
2.810243684806432163e-01 9.899999999999985478e-01 1.443289932012703503e-15 3.066274000000000160e+04 1.815747634557181300e+03 2.684000000000000000e+04 3.779400000000000000e+04
3.091268053287075657e-01 9.899999999999985478e-01 1.443289932012703503e-15 3.042159000000000015e+04 1.733387487522625179e+03 2.683200000000000000e+04 3.492900000000000000e+04
3.400394858615783389e-01 9.899999999999985478e-01 1.443289932012703503e-15 2.989811000000000058e+04 1.577139707793827711e+03 2.716600000000000000e+04 3.448900000000000000e+04
3.740434344477361894e-01 9.899999999999985478e-01 1.443289932012703503e-15 2.948381999999999971e+04 1.856130207609369336e+03 2.576100000000000000e+04 3.771600000000000000e+04
4.114477778925098583e-01 9.899999999999985478e-01 1.443289932012703503e-15 2.945861999999999898e+04 1.818101904624710187e+03 2.605600000000000000e+04 3.759500000000000000e+04
4.525925556817608775e-01 9.899999999999985478e-01 1.443289932012703503e-15 2.913502999999999884e+04 2.011612768178806164e+03 2.571000000000000000e+04 3.456100000000000000e+04
4.978518112499369930e-01 9.899999999999985478e-01 1.443289932012703503e-15 2.895881999999999971e+04 2.096014123902794836e+03 2.596700000000000000e+04 3.549600000000000000e+04
5.476369923749306867e-01 9.899999999999985478e-01 1.443289932012703503e-15 2.863188999999999942e+04 1.731488821188285783e+03 2.547100000000000000e+04 3.438700000000000000e+04
6.024006916124238220e-01 9.899999999999985478e-01 1.443289932012703503e-15 2.841011000000000058e+04 1.604360345402490566e+03 2.498800000000000000e+04 3.265100000000000000e+04
6.626407607736662930e-01 9.899999999999985478e-01 1.443289932012703503e-15 2.808725000000000000e+04 1.649278596083754564e+03 2.545800000000000000e+04 3.297400000000000000e+04
7.289048368510330222e-01 9.899999999999985478e-01 1.443289932012703503e-15 2.815045999999999913e+04 1.723559029566437857e+03 2.538600000000000000e+04 3.586300000000000000e+04
8.017953205361363356e-01 9.899999999999985478e-01 1.443289932012703503e-15 2.819059999999999854e+04 1.976607052501837416e+03 2.454600000000000000e+04 3.419600000000000000e+04
8.819748525897500580e-01 9.899999999999985478e-01 1.443289932012703503e-15 2.820240000000000146e+04 1.578509765570045829e+03 2.579000000000000000e+04 3.426500000000000000e+04
9.701723378487251415e-01 9.899999999999985478e-01 1.443289932012703503e-15 2.808077000000000044e+04 1.521129822566108260e+03 2.508900000000000000e+04 3.162100000000000000e+04
9.801723378487251503e-01 9.899999999999985478e-01 1.443289932012703503e-15 2.831195000000000073e+04 1.954672214848310432e+03 2.444400000000000000e+04 3.511700000000000000e+04
9.901723378487251592e-01 9.899999999999985478e-01 1.443289932012703503e-15 2.841302999999999884e+04 2.173412254750580360e+03 2.499600000000000000e+04 3.485700000000000000e+04
1.000172337848725057e+00 9.899999999999985478e-01 1.443289932012703503e-15 2.776440000000000146e+04 1.725026701242621584e+03 2.488900000000000000e+04 3.595600000000000000e+04
