1.000000000000000021e-02 9.899999999999985478e-01 1.443289932012703503e-15 5.334718000000000029e+04 3.961870215895518413e+03 4.529500000000000000e+04 6.270400000000000000e+04
1.100000000000000110e-02 9.899999999999985478e-01 1.443289932012703503e-15 5.266656999999999971e+04 4.415121145008367421e+03 4.508000000000000000e+04 6.614900000000000000e+04
1.210000000000000138e-02 9.899999999999985478e-01 1.443289932012703503e-15 5.266448999999999796e+04 3.593713701715816114e+03 4.505600000000000000e+04 6.374200000000000000e+04
1.331000000000000238e-02 9.899999999999985478e-01 1.443289932012703503e-15 5.129606999999999971e+04 3.313930350067726067e+03 4.405700000000000000e+04 6.019100000000000000e+04
1.464100000000000297e-02 9.899999999999985478e-01 1.443289932012703503e-15 5.099890000000000146e+04 3.719543131891333815e+03 4.131500000000000000e+04 6.045100000000000000e+04
1.610510000000000413e-02 9.899999999999985478e-01 1.443289932012703503e-15 4.975973000000000320e+04 3.516860241337434672e+03 4.122200000000000000e+04 6.082000000000000000e+04
1.771561000000000663e-02 9.899999999999985478e-01 1.443289932012703503e-15 4.884181999999999971e+04 3.442066519926655474e+03 4.159900000000000000e+04 6.006400000000000000e+04
1.948717100000000799e-02 9.899999999999985478e-01 1.443289932012703503e-15 4.747869000000000233e+04 3.441681823454923688e+03 3.992800000000000000e+04 5.698500000000000000e+04
2.143588810000001191e-02 9.899999999999985478e-01 1.443289932012703503e-15 4.759643000000000029e+04 2.963102449308832092e+03 3.945300000000000000e+04 5.483200000000000000e+04
2.357947691000001483e-02 9.899999999999985478e-01 1.443289932012703503e-15 4.673812000000000262e+04 3.221732904137150399e+03 3.907700000000000000e+04 5.514700000000000000e+04
2.593742460100001770e-02 9.899999999999985478e-01 1.443289932012703503e-15 4.478683999999999651e+04 3.304254374953599381e+03 3.741000000000000000e+04 5.381700000000000000e+04
2.853116706110002052e-02 9.899999999999985478e-01 1.443289932012703503e-15 4.456055000000000291e+04 3.257212385998186619e+03 3.847000000000000000e+04 5.478500000000000000e+04
3.138428376721002361e-02 9.899999999999985478e-01 1.443289932012703503e-15 4.324247000000000116e+04 2.655096854937687567e+03 3.656400000000000000e+04 4.974000000000000000e+04
3.452271214393103083e-02 9.899999999999985478e-01 1.443289932012703503e-15 4.327100000000000000e+04 2.942702322695926341e+03 3.534100000000000000e+04 5.159800000000000000e+04
3.797498335832413807e-02 9.899999999999985478e-01 1.443289932012703503e-15 4.229380000000000291e+04 3.034700581606034120e+03 3.727400000000000000e+04 5.193900000000000000e+04
4.177248169415655188e-02 9.899999999999985478e-01 1.443289932012703503e-15 4.140479000000000087e+04 2.799867955082881963e+03 3.554600000000000000e+04 5.037400000000000000e+04
4.594972986357220845e-02 9.899999999999985478e-01 1.443289932012703503e-15 4.008262000000000262e+04 2.454475002032002976e+03 3.488100000000000000e+04 4.674700000000000000e+04
5.054470284992943624e-02 9.899999999999985478e-01 1.443289932012703503e-15 4.011037000000000262e+04 2.900792249213996456e+03 3.472000000000000000e+04 5.041700000000000000e+04
5.559917313492238750e-02 9.899999999999985478e-01 1.443289932012703503e-15 3.939127999999999884e+04 2.851084962185448603e+03 3.397200000000000000e+04 4.768600000000000000e+04
6.115909044841463110e-02 9.899999999999985478e-01 1.443289932012703503e-15 3.907550000000000000e+04 3.368422050456266788e+03 3.243600000000000000e+04 5.153600000000000000e+04
6.727499949325610462e-02 9.899999999999985478e-01 1.443289932012703503e-15 3.807555999999999767e+04 2.434255616487307179e+03 3.343500000000000000e+04 4.348000000000000000e+04
7.400249944258172063e-02 9.899999999999985478e-01 1.443289932012703503e-15 3.676658000000000175e+04 2.433239376551349324e+03 3.267800000000000000e+04 4.360200000000000000e+04
8.140274938683990380e-02 9.899999999999985478e-01 1.443289932012703503e-15 3.628905000000000291e+04 2.715954297756131382e+03 3.129100000000000000e+04 4.616900000000000000e+04
8.954302432552389834e-02 9.899999999999985478e-01 1.443289932012703503e-15 3.623773999999999796e+04 2.521360658930015234e+03 3.096300000000000000e+04 4.392800000000000000e+04
9.849732675807629234e-02 9.899999999999985478e-01 1.443289932012703503e-15 3.529433000000000175e+04 2.719183686531676813e+03 3.107300000000000000e+04 4.515200000000000000e+04
1.083470594338839244e-01 9.899999999999985478e-01 1.443289932012703503e-15 3.466408999999999651e+04 2.281016151170350440e+03 2.909900000000000000e+04 4.280300000000000000e+04
1.191817653772723196e-01 9.899999999999985478e-01 1.443289932012703503e-15 3.414359999999999854e+04 2.550935616592468705e+03 2.904900000000000000e+04 4.096500000000000000e+04
1.310999419149995737e-01 9.899999999999985478e-01 1.443289932012703503e-15 3.333687999999999738e+04 2.114575211620528080e+03 2.846100000000000000e+04 3.921600000000000000e+04
1.442099361064995422e-01 9.899999999999985478e-01 1.443289932012703503e-15 3.296226000000000204e+04 2.387588761156326655e+03 2.738100000000000000e+04 4.190700000000000000e+04
1.586309297171495103e-01 9.899999999999985478e-01 1.443289932012703503e-15 3.257152000000000044e+04 2.376604298068990374e+03 2.753900000000000000e+04 3.950200000000000000e+04
1.744940226888644641e-01 9.899999999999985478e-01 1.443289932012703503e-15 3.204620999999999913e+04 2.326706587840417797e+03 2.727000000000000000e+04 3.850900000000000000e+04
1.919434249577509355e-01 9.899999999999985478e-01 1.443289932012703503e-15 3.144943000000000029e+04 2.046118863873748296e+03 2.859400000000000000e+04 4.076000000000000000e+04
2.111377674535260540e-01 9.899999999999985478e-01 1.443289932012703503e-15 3.097425999999999840e+04 1.976191117377062483e+03 2.675800000000000000e+04 3.523800000000000000e+04
2.322515441988786677e-01 9.899999999999985478e-01 1.443289932012703503e-15 3.087056999999999971e+04 2.167674192562156804e+03 2.711200000000000000e+04 3.834700000000000000e+04
2.554766986187665401e-01 9.899999999999985478e-01 1.443289932012703503e-15 3.025965000000000146e+04 2.152096927998365118e+03 2.559900000000000000e+04 3.699200000000000000e+04
2.810243684806432163e-01 9.899999999999985478e-01 1.443289932012703503e-15 2.955552000000000044e+04 1.887302341862585990e+03 2.641800000000000000e+04 3.569100000000000000e+04
3.091268053287075657e-01 9.899999999999985478e-01 1.443289932012703503e-15 2.933336999999999898e+04 2.014309110613363828e+03 2.623100000000000000e+04 3.490600000000000000e+04
3.400394858615783389e-01 9.899999999999985478e-01 1.443289932012703503e-15 2.907950000000000000e+04 1.893569388747082485e+03 2.570400000000000000e+04 3.482700000000000000e+04
3.740434344477361894e-01 9.899999999999985478e-01 1.443289932012703503e-15 2.883915999999999985e+04 2.158711373574522440e+03 2.471800000000000000e+04 3.719300000000000000e+04
4.114477778925098583e-01 9.899999999999985478e-01 1.443289932012703503e-15 2.813674000000000160e+04 1.993068270882861725e+03 2.477800000000000000e+04 3.402900000000000000e+04
4.525925556817608775e-01 9.899999999999985478e-01 1.443289932012703503e-15 2.823431000000000131e+04 2.269017473246956342e+03 2.443300000000000000e+04 4.005300000000000000e+04
4.978518112499369930e-01 9.899999999999985478e-01 1.443289932012703503e-15 2.792141999999999825e+04 1.786406998306936885e+03 2.490800000000000000e+04 3.411600000000000000e+04
5.476369923749306867e-01 9.899999999999985478e-01 1.443289932012703503e-15 2.707591999999999825e+04 1.582884302025893248e+03 2.420400000000000000e+04 3.165800000000000000e+04
6.024006916124238220e-01 9.899999999999985478e-01 1.443289932012703503e-15 2.719840999999999985e+04 1.852561330131880140e+03 2.363700000000000000e+04 3.377200000000000000e+04
6.626407607736662930e-01 9.899999999999985478e-01 1.443289932012703503e-15 2.716243999999999869e+04 1.878570820171547439e+03 2.416200000000000000e+04 3.285500000000000000e+04
7.289048368510330222e-01 9.899999999999985478e-01 1.443289932012703503e-15 2.702540999999999985e+04 1.977502283664926381e+03 2.375900000000000000e+04 3.410800000000000000e+04
8.017953205361363356e-01 9.899999999999985478e-01 1.443289932012703503e-15 2.728929999999999927e+04 1.894477191733909649e+03 2.383200000000000000e+04 3.356000000000000000e+04
8.819748525897500580e-01 9.899999999999985478e-01 1.443289932012703503e-15 2.700975000000000000e+04 1.898045591523027724e+03 2.370200000000000000e+04 3.367500000000000000e+04
9.701723378487251415e-01 9.899999999999985478e-01 1.443289932012703503e-15 2.697925000000000000e+04 1.805381335757075021e+03 2.394700000000000000e+04 3.156500000000000000e+04
9.801723378487251503e-01 9.899999999999985478e-01 1.443289932012703503e-15 2.681786000000000058e+04 1.654840512073595164e+03 2.420800000000000000e+04 3.215400000000000000e+04
9.901723378487251592e-01 9.899999999999985478e-01 1.443289932012703503e-15 2.699834000000000015e+04 2.176208194176283087e+03 2.343900000000000000e+04 3.504100000000000000e+04
1.000172337848725057e+00 9.899999999999985478e-01 1.443289932012703503e-15 2.699186999999999898e+04 1.990480879862953770e+03 2.418200000000000000e+04 3.655700000000000000e+04
