1.000000000000000021e-02 9.899999999999985478e-01 1.443289932012703503e-15 5.979880000000000291e+04 4.088396049797524029e+03 5.250000000000000000e+04 7.169000000000000000e+04
1.100000000000000110e-02 9.899999999999985478e-01 1.443289932012703503e-15 5.860512000000000262e+04 3.751380408009828898e+03 5.159700000000000000e+04 6.708700000000000000e+04
1.210000000000000138e-02 9.899999999999985478e-01 1.443289932012703503e-15 5.894591999999999825e+04 4.268602194348871308e+03 5.159600000000000000e+04 7.148700000000000000e+04
1.331000000000000238e-02 9.899999999999985478e-01 1.443289932012703503e-15 5.741172000000000116e+04 4.187950279265502104e+03 4.737300000000000000e+04 6.900500000000000000e+04
1.464100000000000297e-02 9.899999999999985478e-01 1.443289932012703503e-15 5.673830000000000291e+04 3.142227383560903490e+03 4.895900000000000000e+04 6.452800000000000000e+04
1.610510000000000413e-02 9.899999999999985478e-01 1.443289932012703503e-15 5.500994999999999709e+04 3.480336588248326279e+03 4.568300000000000000e+04 6.372300000000000000e+04
1.771561000000000663e-02 9.899999999999985478e-01 1.443289932012703503e-15 5.499562000000000262e+04 3.777083286823312847e+03 4.820300000000000000e+04 6.503800000000000000e+04
1.948717100000000799e-02 9.899999999999985478e-01 1.443289932012703503e-15 5.466004000000000087e+04 3.711781633986568522e+03 4.658000000000000000e+04 6.508400000000000000e+04
2.143588810000001191e-02 9.899999999999985478e-01 1.443289932012703503e-15 5.375200000000000000e+04 3.199111129673366122e+03 4.465600000000000000e+04 6.117500000000000000e+04
2.357947691000001483e-02 9.899999999999985478e-01 1.443289932012703503e-15 5.222402999999999884e+04 3.166572271257992270e+03 4.474000000000000000e+04 6.113800000000000000e+04
2.593742460100001770e-02 9.899999999999985478e-01 1.443289932012703503e-15 5.199977999999999884e+04 3.332341649891259749e+03 4.562300000000000000e+04 6.241900000000000000e+04
2.853116706110002052e-02 9.899999999999985478e-01 1.443289932012703503e-15 5.074973999999999796e+04 3.474433463516032134e+03 4.386900000000000000e+04 6.169400000000000000e+04
3.138428376721002361e-02 9.899999999999985478e-01 1.443289932012703503e-15 4.951998000000000320e+04 3.255173936919500193e+03 4.257000000000000000e+04 6.022900000000000000e+04
3.452271214393103083e-02 9.899999999999985478e-01 1.443289932012703503e-15 4.929577999999999884e+04 3.080483950875251594e+03 4.170200000000000000e+04 5.821300000000000000e+04
3.797498335832413807e-02 9.899999999999985478e-01 1.443289932012703503e-15 4.803338999999999942e+04 2.561467750704662649e+03 4.327000000000000000e+04 5.446300000000000000e+04
4.177248169415655188e-02 9.899999999999985478e-01 1.443289932012703503e-15 4.765037999999999738e+04 2.804160237147656517e+03 4.274300000000000000e+04 5.547000000000000000e+04
4.594972986357220845e-02 9.899999999999985478e-01 1.443289932012703503e-15 4.731379000000000087e+04 2.970724316711329720e+03 3.844700000000000000e+04 5.338400000000000000e+04
5.054470284992943624e-02 9.899999999999985478e-01 1.443289932012703503e-15 4.629558000000000175e+04 2.893574340430878237e+03 4.126400000000000000e+04 5.505700000000000000e+04
5.559917313492238750e-02 9.899999999999985478e-01 1.443289932012703503e-15 4.544016999999999825e+04 3.034667065939853728e+03 4.025600000000000000e+04 5.810300000000000000e+04
6.115909044841463110e-02 9.899999999999985478e-01 1.443289932012703503e-15 4.384833000000000175e+04 2.490969530343556471e+03 3.926900000000000000e+04 5.051700000000000000e+04
6.727499949325610462e-02 9.899999999999985478e-01 1.443289932012703503e-15 4.379427999999999884e+04 2.648200744203504655e+03 3.871700000000000000e+04 5.338300000000000000e+04
7.400249944258172063e-02 9.899999999999985478e-01 1.443289932012703503e-15 4.283483000000000175e+04 2.377291488459082757e+03 3.809200000000000000e+04 4.892900000000000000e+04
8.140274938683990380e-02 9.899999999999985478e-01 1.443289932012703503e-15 4.265773000000000320e+04 2.521513636112246331e+03 3.718200000000000000e+04 4.973800000000000000e+04
8.954302432552389834e-02 9.899999999999985478e-01 1.443289932012703503e-15 4.170969999999999709e+04 2.371670050829161937e+03 3.606700000000000000e+04 4.933000000000000000e+04
9.849732675807629234e-02 9.899999999999985478e-01 1.443289932012703503e-15 4.082205000000000291e+04 2.317347066690701922e+03 3.660600000000000000e+04 4.714100000000000000e+04
1.083470594338839244e-01 9.899999999999985478e-01 1.443289932012703503e-15 4.027643000000000029e+04 2.205285842039530962e+03 3.543200000000000000e+04 4.646300000000000000e+04
1.191817653772723196e-01 9.899999999999985478e-01 1.443289932012703503e-15 4.001108999999999651e+04 2.545805346427727272e+03 3.562100000000000000e+04 4.943600000000000000e+04
1.310999419149995737e-01 9.899999999999985478e-01 1.443289932012703503e-15 3.945383000000000175e+04 2.665413041369010443e+03 3.504700000000000000e+04 5.330000000000000000e+04
1.442099361064995422e-01 9.899999999999985478e-01 1.443289932012703503e-15 3.900202999999999884e+04 2.275200670072862067e+03 3.422900000000000000e+04 4.461000000000000000e+04
1.586309297171495103e-01 9.899999999999985478e-01 1.443289932012703503e-15 3.844148000000000320e+04 2.045483656644560142e+03 3.453500000000000000e+04 4.670800000000000000e+04
1.744940226888644641e-01 9.899999999999985478e-01 1.443289932012703503e-15 3.783148000000000320e+04 2.211318862036860992e+03 3.311800000000000000e+04 4.365500000000000000e+04
1.919434249577509355e-01 9.899999999999985478e-01 1.443289932012703503e-15 3.702131999999999971e+04 2.239259408286588041e+03 3.311400000000000000e+04 4.645500000000000000e+04
2.111377674535260540e-01 9.899999999999985478e-01 1.443289932012703503e-15 3.631670999999999913e+04 2.098314291496867554e+03 3.274600000000000000e+04 4.357900000000000000e+04
2.322515441988786677e-01 9.899999999999985478e-01 1.443289932012703503e-15 3.579961000000000058e+04 2.047567282874973444e+03 3.197100000000000000e+04 4.406900000000000000e+04
2.554766986187665401e-01 9.899999999999985478e-01 1.443289932012703503e-15 3.565362999999999738e+04 2.283480613690425344e+03 3.079100000000000000e+04 4.273600000000000000e+04
2.810243684806432163e-01 9.899999999999985478e-01 1.443289932012703503e-15 3.541480999999999767e+04 2.171859298826698705e+03 3.178200000000000000e+04 4.297700000000000000e+04
3.091268053287075657e-01 9.899999999999985478e-01 1.443289932012703503e-15 3.456887000000000262e+04 2.049113060106737976e+03 3.042900000000000000e+04 4.232400000000000000e+04
3.400394858615783389e-01 9.899999999999985478e-01 1.443289932012703503e-15 3.439416999999999825e+04 1.929001902824359377e+03 3.131600000000000000e+04 4.228100000000000000e+04
3.740434344477361894e-01 9.899999999999985478e-01 1.443289932012703503e-15 3.404559999999999854e+04 2.091467374835189730e+03 3.099100000000000000e+04 4.146300000000000000e+04
4.114477778925098583e-01 9.899999999999985478e-01 1.443289932012703503e-15 3.390225000000000000e+04 2.242042628385999251e+03 2.929100000000000000e+04 4.059200000000000000e+04
4.525925556817608775e-01 9.899999999999985478e-01 1.443289932012703503e-15 3.363677999999999884e+04 2.343354649130174039e+03 3.016300000000000000e+04 4.586800000000000000e+04
4.978518112499369930e-01 9.899999999999985478e-01 1.443289932012703503e-15 3.263034000000000015e+04 1.638084437506198810e+03 2.951100000000000000e+04 3.959800000000000000e+04
5.476369923749306867e-01 9.899999999999985478e-01 1.443289932012703503e-15 3.291883999999999651e+04 1.970312334225210861e+03 2.965000000000000000e+04 3.823800000000000000e+04
6.024006916124238220e-01 9.899999999999985478e-01 1.443289932012703503e-15 3.259315000000000146e+04 1.853636665449839256e+03 2.956200000000000000e+04 3.882900000000000000e+04
6.626407607736662930e-01 9.899999999999985478e-01 1.443289932012703503e-15 3.224070999999999913e+04 1.938963368890706988e+03 2.860100000000000000e+04 3.998200000000000000e+04
7.289048368510330222e-01 9.899999999999985478e-01 1.443289932012703503e-15 3.261329999999999927e+04 2.208414591964108240e+03 2.881200000000000000e+04 4.225100000000000000e+04
8.017953205361363356e-01 9.899999999999985478e-01 1.443289932012703503e-15 3.262491999999999825e+04 1.927279287908216247e+03 2.938200000000000000e+04 3.914700000000000000e+04
8.819748525897500580e-01 9.899999999999985478e-01 1.443289932012703503e-15 3.215938000000000102e+04 1.749754747271742644e+03 2.857500000000000000e+04 3.718500000000000000e+04
9.701723378487251415e-01 9.899999999999985478e-01 1.443289932012703503e-15 3.214790000000000146e+04 1.978490922395146754e+03 2.928900000000000000e+04 4.186300000000000000e+04
9.801723378487251503e-01 9.899999999999985478e-01 1.443289932012703503e-15 3.211399000000000160e+04 1.906538216218075377e+03 2.875000000000000000e+04 3.934200000000000000e+04
9.901723378487251592e-01 9.899999999999985478e-01 1.443289932012703503e-15 3.241477999999999884e+04 1.866352649313628490e+03 2.903600000000000000e+04 3.772600000000000000e+04
1.000172337848725057e+00 9.899999999999985478e-01 1.443289932012703503e-15 3.204029999999999927e+04 1.665843819209952699e+03 2.899300000000000000e+04 3.761300000000000000e+04
