1.000000000000000021e-02 3.391599999999999476e-02 2.423993399330942600e-03 3.000000000000000000e+07 0.000000000000000000e+00 3.000000000000000000e+07 3.000000000000000000e+07
1.100000000000000110e-02 3.380600000000000965e-02 2.596567734529563621e-03 3.000000000000000000e+07 0.000000000000000000e+00 3.000000000000000000e+07 3.000000000000000000e+07
1.210000000000000138e-02 3.342399999999998844e-02 2.669723581197126598e-03 3.000000000000000000e+07 0.000000000000000000e+00 3.000000000000000000e+07 3.000000000000000000e+07
1.331000000000000238e-02 3.387100000000001221e-02 2.552226283071312371e-03 3.000000000000000000e+07 0.000000000000000000e+00 3.000000000000000000e+07 3.000000000000000000e+07
1.464100000000000297e-02 3.370800000000001573e-02 2.834878480640752769e-03 3.000000000000000000e+07 0.000000000000000000e+00 3.000000000000000000e+07 3.000000000000000000e+07
1.610510000000000413e-02 3.408500000000000418e-02 2.822707034036650055e-03 3.000000000000000000e+07 0.000000000000000000e+00 3.000000000000000000e+07 3.000000000000000000e+07
1.771561000000000663e-02 3.358300000000000174e-02 2.617978418551232707e-03 3.000000000000000000e+07 0.000000000000000000e+00 3.000000000000000000e+07 3.000000000000000000e+07
1.948717100000000799e-02 3.348699999999998206e-02 2.352515887300231888e-03 3.000000000000000000e+07 0.000000000000000000e+00 3.000000000000000000e+07 3.000000000000000000e+07
2.143588810000001191e-02 3.338800000000000795e-02 2.693929471979544712e-03 3.000000000000000000e+07 0.000000000000000000e+00 3.000000000000000000e+07 3.000000000000000000e+07
2.357947691000001483e-02 3.374999999999999528e-02 2.531936018148960889e-03 3.000000000000000000e+07 0.000000000000000000e+00 3.000000000000000000e+07 3.000000000000000000e+07
2.593742460100001770e-02 3.377000000000000834e-02 2.518590875866896610e-03 3.000000000000000000e+07 0.000000000000000000e+00 3.000000000000000000e+07 3.000000000000000000e+07
2.853116706110002052e-02 3.341200000000001114e-02 2.423562666819244118e-03 3.000000000000000000e+07 0.000000000000000000e+00 3.000000000000000000e+07 3.000000000000000000e+07
3.138428376721002361e-02 3.392200000000000076e-02 2.587530869381076890e-03 3.000000000000000000e+07 0.000000000000000000e+00 3.000000000000000000e+07 3.000000000000000000e+07
3.452271214393103083e-02 3.359000000000000874e-02 2.660056390379721657e-03 3.000000000000000000e+07 0.000000000000000000e+00 3.000000000000000000e+07 3.000000000000000000e+07
3.797498335832413807e-02 3.333400000000000252e-02 2.598354094422082334e-03 3.000000000000000000e+07 0.000000000000000000e+00 3.000000000000000000e+07 3.000000000000000000e+07
4.177248169415655188e-02 3.377100000000000241e-02 2.540326553811537730e-03 3.000000000000000000e+07 0.000000000000000000e+00 3.000000000000000000e+07 3.000000000000000000e+07
4.594972986357220845e-02 3.365900000000000142e-02 2.688274353558435179e-03 3.000000000000000000e+07 0.000000000000000000e+00 3.000000000000000000e+07 3.000000000000000000e+07
5.054470284992943624e-02 3.387300000000000727e-02 2.836577338977382470e-03 3.000000000000000000e+07 0.000000000000000000e+00 3.000000000000000000e+07 3.000000000000000000e+07
5.559917313492238750e-02 3.346900000000001263e-02 2.660026127691238456e-03 3.000000000000000000e+07 0.000000000000000000e+00 3.000000000000000000e+07 3.000000000000000000e+07
6.115909044841463110e-02 3.373800000000000410e-02 2.804417230014102837e-03 3.000000000000000000e+07 0.000000000000000000e+00 3.000000000000000000e+07 3.000000000000000000e+07
6.727499949325610462e-02 3.352200000000000318e-02 2.576842253611972763e-03 3.000000000000000000e+07 0.000000000000000000e+00 3.000000000000000000e+07 3.000000000000000000e+07
7.400249944258172063e-02 3.317499999999998922e-02 2.446523043014309489e-03 3.000000000000000000e+07 0.000000000000000000e+00 3.000000000000000000e+07 3.000000000000000000e+07
8.140274938683990380e-02 3.366199999999999748e-02 2.560030468568687354e-03 3.000000000000000000e+07 0.000000000000000000e+00 3.000000000000000000e+07 3.000000000000000000e+07
8.954302432552389834e-02 3.349800000000000694e-02 2.347849228549392028e-03 3.000000000000000000e+07 0.000000000000000000e+00 3.000000000000000000e+07 3.000000000000000000e+07
9.849732675807629234e-02 3.351599999999999718e-02 2.597642007667726096e-03 3.000000000000000000e+07 0.000000000000000000e+00 3.000000000000000000e+07 3.000000000000000000e+07
1.083470594338839244e-01 3.272899999999999421e-02 2.437756960814598146e-03 3.000000000000000000e+07 0.000000000000000000e+00 3.000000000000000000e+07 3.000000000000000000e+07
1.191817653772723196e-01 3.359000000000000180e-02 2.894563870430225463e-03 3.000000000000000000e+07 0.000000000000000000e+00 3.000000000000000000e+07 3.000000000000000000e+07
1.310999419149995737e-01 3.355599999999998861e-02 2.461313470486850563e-03 3.000000000000000000e+07 0.000000000000000000e+00 3.000000000000000000e+07 3.000000000000000000e+07
1.442099361064995422e-01 3.329400000000000415e-02 2.691238376658599152e-03 3.000000000000000000e+07 0.000000000000000000e+00 3.000000000000000000e+07 3.000000000000000000e+07
1.586309297171495103e-01 3.329900000000000915e-02 2.697758143347912287e-03 3.000000000000000000e+07 0.000000000000000000e+00 3.000000000000000000e+07 3.000000000000000000e+07
1.744940226888644641e-01 3.289599999999998081e-02 2.343711586351871195e-03 3.000000000000000000e+07 0.000000000000000000e+00 3.000000000000000000e+07 3.000000000000000000e+07
1.919434249577509355e-01 3.289699999999998875e-02 2.592043788210371576e-03 3.000000000000000000e+07 0.000000000000000000e+00 3.000000000000000000e+07 3.000000000000000000e+07
2.111377674535260540e-01 3.320199999999998847e-02 2.729980952314499734e-03 3.000000000000000000e+07 0.000000000000000000e+00 3.000000000000000000e+07 3.000000000000000000e+07
2.322515441988786677e-01 3.327600000000000002e-02 2.715404942177131273e-03 3.000000000000000000e+07 0.000000000000000000e+00 3.000000000000000000e+07 3.000000000000000000e+07
2.554766986187665401e-01 3.275299999999999739e-02 2.371179242486743527e-03 3.000000000000000000e+07 0.000000000000000000e+00 3.000000000000000000e+07 3.000000000000000000e+07
2.810243684806432163e-01 3.275699999999998752e-02 2.341079024723435355e-03 3.000000000000000000e+07 0.000000000000000000e+00 3.000000000000000000e+07 3.000000000000000000e+07
3.091268053287075657e-01 3.320000000000001422e-02 2.744594687745353662e-03 3.000000000000000000e+07 0.000000000000000000e+00 3.000000000000000000e+07 3.000000000000000000e+07
3.400394858615783389e-01 3.316699999999998816e-02 2.707473176229084448e-03 3.000000000000000000e+07 0.000000000000000000e+00 3.000000000000000000e+07 3.000000000000000000e+07
3.740434344477361894e-01 3.277799999999998076e-02 2.478853767369107539e-03 3.000000000000000000e+07 0.000000000000000000e+00 3.000000000000000000e+07 3.000000000000000000e+07
4.114477778925098583e-01 3.298300000000000537e-02 2.253266739647131166e-03 3.000000000000000000e+07 0.000000000000000000e+00 3.000000000000000000e+07 3.000000000000000000e+07
4.525925556817608775e-01 3.308200000000000029e-02 2.499015005957349028e-03 3.000000000000000000e+07 0.000000000000000000e+00 3.000000000000000000e+07 3.000000000000000000e+07
4.978518112499369930e-01 3.267199999999999965e-02 2.474270801670671021e-03 3.000000000000000000e+07 0.000000000000000000e+00 3.000000000000000000e+07 3.000000000000000000e+07
5.476369923749306867e-01 3.265399999999999553e-02 2.497895914564904254e-03 3.000000000000000000e+07 0.000000000000000000e+00 3.000000000000000000e+07 3.000000000000000000e+07
6.024006916124238220e-01 3.222100000000000658e-02 2.575317262008705674e-03 3.000000000000000000e+07 0.000000000000000000e+00 3.000000000000000000e+07 3.000000000000000000e+07
6.626407607736662930e-01 3.240099999999999231e-02 2.582498596321016783e-03 3.000000000000000000e+07 0.000000000000000000e+00 3.000000000000000000e+07 3.000000000000000000e+07
7.289048368510330222e-01 3.231799999999999951e-02 2.390204175379167725e-03 3.000000000000000000e+07 0.000000000000000000e+00 3.000000000000000000e+07 3.000000000000000000e+07
8.017953205361363356e-01 3.284900000000001014e-02 2.523548889956364269e-03 3.000000000000000000e+07 0.000000000000000000e+00 3.000000000000000000e+07 3.000000000000000000e+07
8.819748525897500580e-01 3.271199999999999802e-02 2.546695113279168893e-03 3.000000000000000000e+07 0.000000000000000000e+00 3.000000000000000000e+07 3.000000000000000000e+07
9.701723378487251415e-01 3.226400000000000101e-02 2.217995491429142988e-03 3.000000000000000000e+07 0.000000000000000000e+00 3.000000000000000000e+07 3.000000000000000000e+07
9.801723378487251503e-01 3.172000000000000514e-02 2.479677398372622226e-03 3.000000000000000000e+07 0.000000000000000000e+00 3.000000000000000000e+07 3.000000000000000000e+07
9.901723378487251592e-01 3.266199999999999659e-02 2.651519564325335344e-03 3.000000000000000000e+07 0.000000000000000000e+00 3.000000000000000000e+07 3.000000000000000000e+07
1.000172337848725057e+00 3.251300000000000717e-02 2.515816169754858753e-03 3.000000000000000000e+07 0.000000000000000000e+00 3.000000000000000000e+07 3.000000000000000000e+07
