1.000000000000000021e-02 9.899999999999985478e-01 1.443289932012703503e-15 5.429962000000000262e+04 3.883342209437638758e+03 4.339600000000000000e+04 6.584100000000000000e+04
1.100000000000000110e-02 9.899999999999985478e-01 1.443289932012703503e-15 5.377773000000000320e+04 4.168816045006064087e+03 4.438900000000000000e+04 6.809000000000000000e+04
1.210000000000000138e-02 9.899999999999985478e-01 1.443289932012703503e-15 5.286068000000000029e+04 3.902699083659922508e+03 4.490600000000000000e+04 6.480800000000000000e+04
1.331000000000000238e-02 9.899999999999985478e-01 1.443289932012703503e-15 5.186776999999999680e+04 3.593792823341379062e+03 4.431200000000000000e+04 6.390300000000000000e+04
1.464100000000000297e-02 9.899999999999985478e-01 1.443289932012703503e-15 5.129776000000000204e+04 3.703610455001982700e+03 4.430300000000000000e+04 5.997200000000000000e+04
1.610510000000000413e-02 9.899999999999985478e-01 1.443289932012703503e-15 4.986201999999999680e+04 3.859503662337942387e+03 4.292400000000000000e+04 6.298400000000000000e+04
1.771561000000000663e-02 9.899999999999985478e-01 1.443289932012703503e-15 4.888786000000000058e+04 3.547028615672560136e+03 4.203600000000000000e+04 5.919500000000000000e+04
1.948717100000000799e-02 9.899999999999985478e-01 1.443289932012703503e-15 4.810115000000000146e+04 3.445891328451899426e+03 4.120300000000000000e+04 5.862300000000000000e+04
2.143588810000001191e-02 9.899999999999985478e-01 1.443289932012703503e-15 4.729194000000000233e+04 3.480265153174396346e+03 3.864200000000000000e+04 6.087200000000000000e+04
2.357947691000001483e-02 9.899999999999985478e-01 1.443289932012703503e-15 4.655245999999999913e+04 3.355406379024751004e+03 3.882000000000000000e+04 5.795000000000000000e+04
2.593742460100001770e-02 9.899999999999985478e-01 1.443289932012703503e-15 4.595872000000000116e+04 3.298334419309236637e+03 4.019400000000000000e+04 5.387400000000000000e+04
2.853116706110002052e-02 9.899999999999985478e-01 1.443289932012703503e-15 4.491016000000000349e+04 3.304113365851722847e+03 3.879900000000000000e+04 5.419300000000000000e+04
3.138428376721002361e-02 9.899999999999985478e-01 1.443289932012703503e-15 4.436481999999999971e+04 2.928616671331364614e+03 3.793300000000000000e+04 5.243500000000000000e+04
3.452271214393103083e-02 9.899999999999985478e-01 1.443289932012703503e-15 4.323926999999999680e+04 3.267712092137249329e+03 3.795500000000000000e+04 5.073800000000000000e+04
3.797498335832413807e-02 9.899999999999985478e-01 1.443289932012703503e-15 4.316483000000000175e+04 2.990936124543618462e+03 3.613000000000000000e+04 5.250900000000000000e+04
4.177248169415655188e-02 9.899999999999985478e-01 1.443289932012703503e-15 4.181286000000000058e+04 2.696693664545529373e+03 3.594000000000000000e+04 4.826600000000000000e+04
4.594972986357220845e-02 9.899999999999985478e-01 1.443289932012703503e-15 4.077868000000000029e+04 3.207594743355213723e+03 3.395300000000000000e+04 5.008500000000000000e+04
5.054470284992943624e-02 9.899999999999985478e-01 1.443289932012703503e-15 4.073155000000000291e+04 3.420296643202164887e+03 3.334900000000000000e+04 4.956400000000000000e+04
5.559917313492238750e-02 9.899999999999985478e-01 1.443289932012703503e-15 3.956623999999999796e+04 2.891198993912386868e+03 3.321200000000000000e+04 4.812600000000000000e+04
6.115909044841463110e-02 9.899999999999985478e-01 1.443289932012703503e-15 3.884802999999999884e+04 2.637025932580110293e+03 3.393900000000000000e+04 4.542900000000000000e+04
6.727499949325610462e-02 9.899999999999985478e-01 1.443289932012703503e-15 3.812186000000000058e+04 2.615896496499813566e+03 3.209800000000000000e+04 4.574100000000000000e+04
7.400249944258172063e-02 9.899999999999985478e-01 1.443289932012703503e-15 3.789497000000000116e+04 2.729628730999877916e+03 3.173900000000000000e+04 4.750200000000000000e+04
8.140274938683990380e-02 9.899999999999985478e-01 1.443289932012703503e-15 3.676183000000000175e+04 2.057436035725047532e+03 3.188100000000000000e+04 4.328900000000000000e+04
8.954302432552389834e-02 9.899999999999985478e-01 1.443289932012703503e-15 3.657509999999999854e+04 2.672274422659469110e+03 3.170100000000000000e+04 4.634400000000000000e+04
9.849732675807629234e-02 9.899999999999985478e-01 1.443289932012703503e-15 3.532508999999999651e+04 2.310174565243934012e+03 3.029200000000000000e+04 4.150200000000000000e+04
1.083470594338839244e-01 9.899999999999985478e-01 1.443289932012703503e-15 3.528369000000000233e+04 2.201611154109644303e+03 3.104700000000000000e+04 4.354300000000000000e+04
1.191817653772723196e-01 9.899999999999985478e-01 1.443289932012703503e-15 3.436293000000000029e+04 2.292494289000519984e+03 2.830200000000000000e+04 4.048100000000000000e+04
1.310999419149995737e-01 9.899999999999985478e-01 1.443289932012703503e-15 3.357119000000000233e+04 2.300872381054629386e+03 2.745100000000000000e+04 4.127600000000000000e+04
1.442099361064995422e-01 9.899999999999985478e-01 1.443289932012703503e-15 3.324408999999999651e+04 2.167847656524783815e+03 2.877400000000000000e+04 4.002200000000000000e+04
1.586309297171495103e-01 9.899999999999985478e-01 1.443289932012703503e-15 3.287419999999999709e+04 2.355524204927641222e+03 2.813400000000000000e+04 4.057200000000000000e+04
1.744940226888644641e-01 9.899999999999985478e-01 1.443289932012703503e-15 3.197997999999999956e+04 2.147076789404607553e+03 2.823100000000000000e+04 3.996800000000000000e+04
1.919434249577509355e-01 9.899999999999985478e-01 1.443289932012703503e-15 3.204775999999999840e+04 2.075580242341884968e+03 2.779200000000000000e+04 3.843500000000000000e+04
2.111377674535260540e-01 9.899999999999985478e-01 1.443289932012703503e-15 3.108343000000000029e+04 2.009594502654702410e+03 2.732500000000000000e+04 3.917100000000000000e+04
2.322515441988786677e-01 9.899999999999985478e-01 1.443289932012703503e-15 3.054899000000000160e+04 2.084141705810811800e+03 2.723200000000000000e+04 3.755600000000000000e+04
2.554766986187665401e-01 9.899999999999985478e-01 1.443289932012703503e-15 3.047449000000000160e+04 2.272788333721378422e+03 2.673000000000000000e+04 4.297000000000000000e+04
2.810243684806432163e-01 9.899999999999985478e-01 1.443289932012703503e-15 2.973870000000000073e+04 1.664540876638360260e+03 2.680000000000000000e+04 3.450100000000000000e+04
3.091268053287075657e-01 9.899999999999985478e-01 1.443289932012703503e-15 2.937025999999999840e+04 2.056352910470378902e+03 2.617800000000000000e+04 3.672700000000000000e+04
3.400394858615783389e-01 9.899999999999985478e-01 1.443289932012703503e-15 2.921491999999999825e+04 2.017809389808660853e+03 2.486600000000000000e+04 3.507300000000000000e+04
3.740434344477361894e-01 9.899999999999985478e-01 1.443289932012703503e-15 2.865986000000000058e+04 1.926801323541168813e+03 2.525400000000000000e+04 3.592300000000000000e+04
4.114477778925098583e-01 9.899999999999985478e-01 1.443289932012703503e-15 2.854627000000000044e+04 1.883746887747926621e+03 2.492800000000000000e+04 3.572600000000000000e+04
4.525925556817608775e-01 9.899999999999985478e-01 1.443289932012703503e-15 2.810579999999999927e+04 1.928817959269355015e+03 2.516100000000000000e+04 3.419500000000000000e+04
4.978518112499369930e-01 9.899999999999985478e-01 1.443289932012703503e-15 2.823750999999999840e+04 1.939830376579354152e+03 2.471400000000000000e+04 3.668600000000000000e+04
5.476369923749306867e-01 9.899999999999985478e-01 1.443289932012703503e-15 2.770259999999999854e+04 1.804010038774729310e+03 2.465900000000000000e+04 3.257000000000000000e+04
6.024006916124238220e-01 9.899999999999985478e-01 1.443289932012703503e-15 2.730929999999999927e+04 1.480227418338141888e+03 2.407900000000000000e+04 3.324700000000000000e+04
6.626407607736662930e-01 9.899999999999985478e-01 1.443289932012703503e-15 2.738827999999999884e+04 1.741805896648648286e+03 2.415500000000000000e+04 3.301400000000000000e+04
7.289048368510330222e-01 9.899999999999985478e-01 1.443289932012703503e-15 2.699847999999999956e+04 1.572192364057274062e+03 2.368500000000000000e+04 3.245700000000000000e+04
8.017953205361363356e-01 9.899999999999985478e-01 1.443289932012703503e-15 2.724070000000000073e+04 1.837988952632740620e+03 2.409000000000000000e+04 3.364900000000000000e+04
8.819748525897500580e-01 9.899999999999985478e-01 1.443289932012703503e-15 2.723059999999999854e+04 2.091511692532460984e+03 2.360800000000000000e+04 3.464000000000000000e+04
9.701723378487251415e-01 9.899999999999985478e-01 1.443289932012703503e-15 2.703384000000000015e+04 1.926362451461302726e+03 2.391800000000000000e+04 3.358600000000000000e+04
9.801723378487251503e-01 9.899999999999985478e-01 1.443289932012703503e-15 2.709295999999999913e+04 1.879084712938722078e+03 2.398300000000000000e+04 3.525200000000000000e+04
9.901723378487251592e-01 9.899999999999985478e-01 1.443289932012703503e-15 2.725395999999999913e+04 1.986461829082049235e+03 2.420200000000000000e+04 3.572700000000000000e+04
1.000172337848725057e+00 9.899999999999985478e-01 1.443289932012703503e-15 2.723522999999999956e+04 1.852448875704806142e+03 2.335000000000000000e+04 3.332300000000000000e+04
