1.000000000000000021e-02 9.899999999999985478e-01 1.443289932012703503e-15 5.341933999999999651e+04 4.155318664603233628e+03 4.029200000000000000e+04 6.479900000000000000e+04
1.100000000000000110e-02 9.899999999999985478e-01 1.443289932012703503e-15 5.191408999999999651e+04 3.843767849636603387e+03 4.376000000000000000e+04 6.112200000000000000e+04
1.210000000000000138e-02 9.899999999999985478e-01 1.443289932012703503e-15 5.064355000000000291e+04 3.793103081581095466e+03 4.265800000000000000e+04 6.411000000000000000e+04
1.331000000000000238e-02 9.899999999999985478e-01 1.443289932012703503e-15 5.035598000000000320e+04 3.764024869684046280e+03 4.303300000000000000e+04 6.116000000000000000e+04
1.464100000000000297e-02 9.899999999999985478e-01 1.443289932012703503e-15 4.947723000000000320e+04 3.724915856378504486e+03 4.113800000000000000e+04 5.990800000000000000e+04
1.610510000000000413e-02 9.899999999999985478e-01 1.443289932012703503e-15 4.828387000000000262e+04 3.820898047985578614e+03 3.988700000000000000e+04 6.243400000000000000e+04
1.771561000000000663e-02 9.899999999999985478e-01 1.443289932012703503e-15 4.775875000000000000e+04 3.642592802867210594e+03 4.072200000000000000e+04 5.689900000000000000e+04
1.948717100000000799e-02 9.899999999999985478e-01 1.443289932012703503e-15 4.682213999999999942e+04 3.542130759924031736e+03 3.946300000000000000e+04 5.764600000000000000e+04
2.143588810000001191e-02 9.899999999999985478e-01 1.443289932012703503e-15 4.641140000000000146e+04 3.152289513988205272e+03 3.949400000000000000e+04 5.361100000000000000e+04
2.357947691000001483e-02 9.899999999999985478e-01 1.443289932012703503e-15 4.523018000000000029e+04 3.490196009911191140e+03 3.834400000000000000e+04 5.689500000000000000e+04
2.593742460100001770e-02 9.899999999999985478e-01 1.443289932012703503e-15 4.457109999999999854e+04 3.378039844347605595e+03 3.747900000000000000e+04 5.595600000000000000e+04
2.853116706110002052e-02 9.899999999999985478e-01 1.443289932012703503e-15 4.271412000000000262e+04 2.806552712065105879e+03 3.572000000000000000e+04 5.073800000000000000e+04
3.138428376721002361e-02 9.899999999999985478e-01 1.443289932012703503e-15 4.260263999999999942e+04 3.076201009427049485e+03 3.730600000000000000e+04 5.089300000000000000e+04
3.452271214393103083e-02 9.899999999999985478e-01 1.443289932012703503e-15 4.186579000000000087e+04 2.893163038250696445e+03 3.565100000000000000e+04 4.923900000000000000e+04
3.797498335832413807e-02 9.899999999999985478e-01 1.443289932012703503e-15 4.126676999999999680e+04 3.470618506419280493e+03 3.434500000000000000e+04 5.410400000000000000e+04
4.177248169415655188e-02 9.899999999999985478e-01 1.443289932012703503e-15 4.056161000000000058e+04 3.452140883263601609e+03 3.490300000000000000e+04 5.284600000000000000e+04
4.594972986357220845e-02 9.899999999999985478e-01 1.443289932012703503e-15 3.931401999999999680e+04 2.968830436316630767e+03 3.225300000000000000e+04 4.834600000000000000e+04
5.054470284992943624e-02 9.899999999999985478e-01 1.443289932012703503e-15 3.856825000000000000e+04 2.565984759794960155e+03 3.277300000000000000e+04 4.677600000000000000e+04
5.559917313492238750e-02 9.899999999999985478e-01 1.443289932012703503e-15 3.835001000000000204e+04 2.862568093495769062e+03 3.147200000000000000e+04 4.797000000000000000e+04
6.115909044841463110e-02 9.899999999999985478e-01 1.443289932012703503e-15 3.738044000000000233e+04 3.088821226034293886e+03 3.151500000000000000e+04 4.490500000000000000e+04
6.727499949325610462e-02 9.899999999999985478e-01 1.443289932012703503e-15 3.674919000000000233e+04 2.975378522793360389e+03 3.065400000000000000e+04 4.604800000000000000e+04
7.400249944258172063e-02 9.899999999999985478e-01 1.443289932012703503e-15 3.599409999999999854e+04 2.627093228265795005e+03 3.084000000000000000e+04 4.401600000000000000e+04
8.140274938683990380e-02 9.899999999999985478e-01 1.443289932012703503e-15 3.515498999999999796e+04 2.480403376449080952e+03 3.019200000000000000e+04 4.432800000000000000e+04
8.954302432552389834e-02 9.899999999999985478e-01 1.443289932012703503e-15 3.500826999999999680e+04 2.534751529657296032e+03 3.034400000000000000e+04 4.284200000000000000e+04
9.849732675807629234e-02 9.899999999999985478e-01 1.443289932012703503e-15 3.423404000000000087e+04 2.228575769050717554e+03 2.946100000000000000e+04 3.929800000000000000e+04
1.083470594338839244e-01 9.899999999999985478e-01 1.443289932012703503e-15 3.330551000000000204e+04 2.100780271684785021e+03 2.915900000000000000e+04 3.885300000000000000e+04
1.191817653772723196e-01 9.899999999999985478e-01 1.443289932012703503e-15 3.251959999999999854e+04 2.152739380417424854e+03 2.816400000000000000e+04 3.903100000000000000e+04
1.310999419149995737e-01 9.899999999999985478e-01 1.443289932012703503e-15 3.225268000000000029e+04 2.388359980739921866e+03 2.775000000000000000e+04 3.916900000000000000e+04
1.442099361064995422e-01 9.899999999999985478e-01 1.443289932012703503e-15 3.187445000000000073e+04 2.373335342403175218e+03 2.828500000000000000e+04 3.986100000000000000e+04
1.586309297171495103e-01 9.899999999999985478e-01 1.443289932012703503e-15 3.129483000000000175e+04 2.118268562080832908e+03 2.631600000000000000e+04 3.688200000000000000e+04
1.744940226888644641e-01 9.899999999999985478e-01 1.443289932012703503e-15 3.047600999999999840e+04 2.205415332743472845e+03 2.628800000000000000e+04 3.756800000000000000e+04
1.919434249577509355e-01 9.899999999999985478e-01 1.443289932012703503e-15 3.015868000000000029e+04 2.488408559220129064e+03 2.550000000000000000e+04 4.006300000000000000e+04
2.111377674535260540e-01 9.899999999999985478e-01 1.443289932012703503e-15 2.976345999999999913e+04 2.081487758407433375e+03 2.613700000000000000e+04 3.718300000000000000e+04
2.322515441988786677e-01 9.899999999999985478e-01 1.443289932012703503e-15 2.910568999999999869e+04 2.199270441282744741e+03 2.479400000000000000e+04 3.630800000000000000e+04
2.554766986187665401e-01 9.899999999999985478e-01 1.443289932012703503e-15 2.908495000000000073e+04 2.015912232092459362e+03 2.490200000000000000e+04 3.429000000000000000e+04
2.810243684806432163e-01 9.899999999999985478e-01 1.443289932012703503e-15 2.813902000000000044e+04 1.917007720276577174e+03 2.497200000000000000e+04 3.537800000000000000e+04
3.091268053287075657e-01 9.899999999999985478e-01 1.443289932012703503e-15 2.772904000000000087e+04 1.961991192233033644e+03 2.397100000000000000e+04 3.425400000000000000e+04
3.400394858615783389e-01 9.899999999999985478e-01 1.443289932012703503e-15 2.748631999999999971e+04 2.045075200964501846e+03 2.403900000000000000e+04 3.366900000000000000e+04
3.740434344477361894e-01 9.899999999999985478e-01 1.443289932012703503e-15 2.739415999999999985e+04 1.909739232041903279e+03 2.393500000000000000e+04 3.233400000000000000e+04
4.114477778925098583e-01 9.899999999999985478e-01 1.443289932012703503e-15 2.670450999999999840e+04 1.684906985533622901e+03 2.359400000000000000e+04 3.217800000000000000e+04
4.525925556817608775e-01 9.899999999999985478e-01 1.443289932012703503e-15 2.676222000000000116e+04 2.015199779575216326e+03 2.333100000000000000e+04 3.272800000000000000e+04
4.978518112499369930e-01 9.899999999999985478e-01 1.443289932012703503e-15 2.638490999999999985e+04 1.783634346467907790e+03 2.301500000000000000e+04 3.562900000000000000e+04
5.476369923749306867e-01 9.899999999999985478e-01 1.443289932012703503e-15 2.587236999999999898e+04 1.899866540865436491e+03 2.300400000000000000e+04 3.593800000000000000e+04
6.024006916124238220e-01 9.899999999999985478e-01 1.443289932012703503e-15 2.555965000000000146e+04 1.866523385200410758e+03 2.287000000000000000e+04 3.269600000000000000e+04
6.626407607736662930e-01 9.899999999999985478e-01 1.443289932012703503e-15 2.577929999999999927e+04 2.089893372878147602e+03 2.235000000000000000e+04 3.320300000000000000e+04
7.289048368510330222e-01 9.899999999999985478e-01 1.443289932012703503e-15 2.570516999999999825e+04 2.099702703027263851e+03 2.210700000000000000e+04 3.535100000000000000e+04
8.017953205361363356e-01 9.899999999999985478e-01 1.443289932012703503e-15 2.559745000000000073e+04 2.232458319319758175e+03 2.227000000000000000e+04 3.664900000000000000e+04
8.819748525897500580e-01 9.899999999999985478e-01 1.443289932012703503e-15 2.556236999999999898e+04 1.805847278454077696e+03 2.192500000000000000e+04 3.169000000000000000e+04
9.701723378487251415e-01 9.899999999999985478e-01 1.443289932012703503e-15 2.538752999999999884e+04 1.706411512238475325e+03 2.238800000000000000e+04 3.063200000000000000e+04
9.801723378487251503e-01 9.899999999999985478e-01 1.443289932012703503e-15 2.610325000000000000e+04 2.725107878139872810e+03 2.211500000000000000e+04 3.824300000000000000e+04
9.901723378487251592e-01 9.899999999999985478e-01 1.443289932012703503e-15 2.562213000000000102e+04 1.751861790524583284e+03 2.212800000000000000e+04 3.323000000000000000e+04
1.000172337848725057e+00 9.899999999999985478e-01 1.443289932012703503e-15 2.563759000000000015e+04 1.974006601280755376e+03 2.213100000000000000e+04 3.595300000000000000e+04
