1.000000000000000021e-02 9.899999999999985478e-01 1.443289932012703503e-15 5.350681999999999971e+04 3.927584345065043181e+03 4.593300000000000000e+04 6.491300000000000000e+04
1.100000000000000110e-02 9.899999999999985478e-01 1.443289932012703503e-15 5.324206999999999971e+04 4.310892369927600157e+03 4.514900000000000000e+04 6.479800000000000000e+04
1.210000000000000138e-02 9.899999999999985478e-01 1.443289932012703503e-15 5.204295999999999913e+04 3.433030780287296238e+03 4.224300000000000000e+04 5.947000000000000000e+04
1.331000000000000238e-02 9.899999999999985478e-01 1.443289932012703503e-15 5.140633999999999651e+04 4.297407391020778050e+03 4.226600000000000000e+04 6.299100000000000000e+04
1.464100000000000297e-02 9.899999999999985478e-01 1.443289932012703503e-15 5.021938999999999942e+04 3.855804100041909351e+03 4.350700000000000000e+04 5.825400000000000000e+04
1.610510000000000413e-02 9.899999999999985478e-01 1.443289932012703503e-15 4.997012999999999738e+04 3.629817498594110475e+03 4.124800000000000000e+04 5.784300000000000000e+04
1.771561000000000663e-02 9.899999999999985478e-01 1.443289932012703503e-15 4.837775000000000000e+04 3.609965092282749538e+03 4.165000000000000000e+04 6.340700000000000000e+04
1.948717100000000799e-02 9.899999999999985478e-01 1.443289932012703503e-15 4.826655000000000291e+04 3.673188065904058476e+03 4.108400000000000000e+04 5.687900000000000000e+04
2.143588810000001191e-02 9.899999999999985478e-01 1.443289932012703503e-15 4.695472000000000116e+04 3.766905871083056354e+03 3.732600000000000000e+04 5.955900000000000000e+04
2.357947691000001483e-02 9.899999999999985478e-01 1.443289932012703503e-15 4.555730000000000291e+04 2.943697876820921010e+03 3.820200000000000000e+04 5.259400000000000000e+04
2.593742460100001770e-02 9.899999999999985478e-01 1.443289932012703503e-15 4.465269999999999709e+04 3.016897908448345333e+03 3.562600000000000000e+04 5.231100000000000000e+04
2.853116706110002052e-02 9.899999999999985478e-01 1.443289932012703503e-15 4.461198000000000320e+04 3.009417046472622587e+03 3.976500000000000000e+04 5.221700000000000000e+04
3.138428376721002361e-02 9.899999999999985478e-01 1.443289932012703503e-15 4.357041000000000349e+04 3.320881232730252577e+03 3.784100000000000000e+04 5.178400000000000000e+04
3.452271214393103083e-02 9.899999999999985478e-01 1.443289932012703503e-15 4.299922000000000116e+04 2.865261574725770515e+03 3.596400000000000000e+04 4.973000000000000000e+04
3.797498335832413807e-02 9.899999999999985478e-01 1.443289932012703503e-15 4.176001999999999680e+04 3.137130854714224370e+03 3.596900000000000000e+04 4.963100000000000000e+04
4.177248169415655188e-02 9.899999999999985478e-01 1.443289932012703503e-15 4.155959999999999854e+04 2.866354726826391925e+03 3.518800000000000000e+04 5.092000000000000000e+04
4.594972986357220845e-02 9.899999999999985478e-01 1.443289932012703503e-15 4.090695999999999913e+04 2.919365776739873127e+03 3.547700000000000000e+04 5.005900000000000000e+04
5.054470284992943624e-02 9.899999999999985478e-01 1.443289932012703503e-15 3.998411000000000058e+04 3.046297614794063520e+03 3.430300000000000000e+04 4.859300000000000000e+04
5.559917313492238750e-02 9.899999999999985478e-01 1.443289932012703503e-15 3.880659999999999854e+04 2.565471149711101589e+03 3.405000000000000000e+04 4.936900000000000000e+04
6.115909044841463110e-02 9.899999999999985478e-01 1.443289932012703503e-15 3.834448999999999796e+04 2.576130305302897341e+03 3.296500000000000000e+04 4.557100000000000000e+04
6.727499949325610462e-02 9.899999999999985478e-01 1.443289932012703503e-15 3.706516999999999825e+04 2.679146733775512985e+03 3.119900000000000000e+04 4.484200000000000000e+04
7.400249944258172063e-02 9.899999999999985478e-01 1.443289932012703503e-15 3.706923999999999796e+04 2.556023681893421326e+03 3.100400000000000000e+04 4.495900000000000000e+04
8.140274938683990380e-02 9.899999999999985478e-01 1.443289932012703503e-15 3.625402999999999884e+04 2.366824794761961584e+03 3.002300000000000000e+04 4.408800000000000000e+04
8.954302432552389834e-02 9.899999999999985478e-01 1.443289932012703503e-15 3.601286000000000058e+04 2.747835974071232158e+03 3.120100000000000000e+04 4.325600000000000000e+04
9.849732675807629234e-02 9.899999999999985478e-01 1.443289932012703503e-15 3.510002999999999884e+04 2.319085679551318208e+03 2.988000000000000000e+04 4.114600000000000000e+04
1.083470594338839244e-01 9.899999999999985478e-01 1.443289932012703503e-15 3.471397000000000116e+04 2.589063133471255696e+03 2.996100000000000000e+04 4.213900000000000000e+04
1.191817653772723196e-01 9.899999999999985478e-01 1.443289932012703503e-15 3.377420999999999913e+04 2.422749418718328798e+03 2.909900000000000000e+04 4.403600000000000000e+04
1.310999419149995737e-01 9.899999999999985478e-01 1.443289932012703503e-15 3.359598000000000320e+04 2.551147522116273194e+03 2.877000000000000000e+04 4.410300000000000000e+04
1.442099361064995422e-01 9.899999999999985478e-01 1.443289932012703503e-15 3.264206000000000131e+04 2.626000692383762726e+03 2.914800000000000000e+04 4.441400000000000000e+04
1.586309297171495103e-01 9.899999999999985478e-01 1.443289932012703503e-15 3.167856999999999971e+04 2.322237702109755446e+03 2.812600000000000000e+04 4.031200000000000000e+04
1.744940226888644641e-01 9.899999999999985478e-01 1.443289932012703503e-15 3.149241999999999825e+04 2.018394263666046072e+03 2.733100000000000000e+04 3.800500000000000000e+04
1.919434249577509355e-01 9.899999999999985478e-01 1.443289932012703503e-15 3.088838000000000102e+04 2.017674259041830965e+03 2.685200000000000000e+04 3.596300000000000000e+04
2.111377674535260540e-01 9.899999999999985478e-01 1.443289932012703503e-15 3.102404999999999927e+04 2.315380290038765452e+03 2.672200000000000000e+04 3.915800000000000000e+04
2.322515441988786677e-01 9.899999999999985478e-01 1.443289932012703503e-15 3.029688000000000102e+04 2.203069364681919978e+03 2.629000000000000000e+04 3.671600000000000000e+04
2.554766986187665401e-01 9.899999999999985478e-01 1.443289932012703503e-15 2.997604000000000087e+04 1.982096334288522939e+03 2.626200000000000000e+04 3.635300000000000000e+04
2.810243684806432163e-01 9.899999999999985478e-01 1.443289932012703503e-15 2.892116999999999825e+04 1.915201592809488147e+03 2.463700000000000000e+04 3.536600000000000000e+04
3.091268053287075657e-01 9.899999999999985478e-01 1.443289932012703503e-15 2.882706000000000131e+04 2.224520518314002857e+03 2.458600000000000000e+04 3.774500000000000000e+04
3.400394858615783389e-01 9.899999999999985478e-01 1.443289932012703503e-15 2.848849000000000160e+04 1.703612752329589739e+03 2.514100000000000000e+04 3.385600000000000000e+04
3.740434344477361894e-01 9.899999999999985478e-01 1.443289932012703503e-15 2.845804999999999927e+04 2.368507607650859882e+03 2.500400000000000000e+04 3.731700000000000000e+04
4.114477778925098583e-01 9.899999999999985478e-01 1.443289932012703503e-15 2.816158000000000175e+04 2.114355193339094512e+03 2.452700000000000000e+04 3.666300000000000000e+04
4.525925556817608775e-01 9.899999999999985478e-01 1.443289932012703503e-15 2.753840000000000146e+04 1.865861334611980055e+03 2.415600000000000000e+04 3.320100000000000000e+04
4.978518112499369930e-01 9.899999999999985478e-01 1.443289932012703503e-15 2.751641999999999825e+04 2.055963020970951220e+03 2.396600000000000000e+04 3.642600000000000000e+04
5.476369923749306867e-01 9.899999999999985478e-01 1.443289932012703503e-15 2.713990000000000146e+04 1.779306738592308875e+03 2.447700000000000000e+04 3.654800000000000000e+04
6.024006916124238220e-01 9.899999999999985478e-01 1.443289932012703503e-15 2.659958000000000175e+04 1.399170162489180711e+03 2.396700000000000000e+04 3.094600000000000000e+04
6.626407607736662930e-01 9.899999999999985478e-01 1.443289932012703503e-15 2.692911999999999898e+04 2.160788385196477066e+03 2.364900000000000000e+04 3.631800000000000000e+04
7.289048368510330222e-01 9.899999999999985478e-01 1.443289932012703503e-15 2.685268999999999869e+04 2.268359176563535129e+03 2.364400000000000000e+04 4.055700000000000000e+04
8.017953205361363356e-01 9.899999999999985478e-01 1.443289932012703503e-15 2.693104000000000087e+04 1.968345172575176321e+03 2.345700000000000000e+04 3.564800000000000000e+04
8.819748525897500580e-01 9.899999999999985478e-01 1.443289932012703503e-15 2.692761000000000058e+04 1.933219154131263849e+03 2.391000000000000000e+04 3.563000000000000000e+04
9.701723378487251415e-01 9.899999999999985478e-01 1.443289932012703503e-15 2.647508000000000175e+04 1.971603741526171916e+03 2.352600000000000000e+04 3.513300000000000000e+04
9.801723378487251503e-01 9.899999999999985478e-01 1.443289932012703503e-15 2.675686999999999898e+04 1.924171222396800658e+03 2.374200000000000000e+04 3.420300000000000000e+04
9.901723378487251592e-01 9.899999999999985478e-01 1.443289932012703503e-15 2.648127999999999884e+04 1.637725197217164123e+03 2.285300000000000000e+04 3.053200000000000000e+04
1.000172337848725057e+00 9.899999999999985478e-01 1.443289932012703503e-15 2.649393999999999869e+04 2.087054138349074947e+03 2.330800000000000000e+04 3.619000000000000000e+04
