1.000000000000000021e-02 2.591369999999999507e-01 4.332230173144082097e-01 2.256540080999999866e+07 1.254277799189543165e+07 1.180320000000000000e+06 3.000000000000000000e+07
1.100000000000000110e-02 2.192570000000000352e-01 4.093317405857990754e-01 2.371804748999999836e+07 1.182881329449875839e+07 1.136439000000000000e+06 3.000000000000000000e+07
1.210000000000000138e-02 1.010620000000000129e-01 2.963226035185301255e-01 2.714657632000000030e+07 8.560315467446574941e+06 1.290455000000000000e+06 3.000000000000000000e+07
1.331000000000000238e-02 1.895510000000000528e-01 3.876765235334737048e-01 2.458954182999999821e+07 1.117147599938969687e+07 1.273222000000000000e+06 3.000000000000000000e+07
1.464100000000000297e-02 1.106459999999999527e-01 3.091518637886566112e-01 2.686307300000000000e+07 8.923083302878087386e+06 1.253081000000000000e+06 3.000000000000000000e+07
1.610510000000000413e-02 1.111759999999999970e-01 3.089741076918905982e-01 2.686317860999999940e+07 8.922673869631204754e+06 1.268962000000000000e+06 3.000000000000000000e+07
1.771561000000000663e-02 1.606849999999999945e-01 3.619591074624313731e-01 2.546396535999999940e+07 1.039352188385878131e+07 1.482579000000000000e+06 3.000000000000000000e+07
1.948717100000000799e-02 7.102500000000000480e-02 2.521254716901883963e-01 2.801353651999999955e+07 7.241002491788187996e+06 1.321463000000000000e+06 3.000000000000000000e+07
2.143588810000001191e-02 1.106659999999999866e-01 3.091456185101126297e-01 2.688135648999999836e+07 8.871152106691667810e+06 1.387327000000000000e+06 3.000000000000000000e+07
2.357947691000001483e-02 9.178000000000002823e-02 2.825039875824764679e-01 2.745175519999999925e+07 8.103203128116915002e+06 1.357800000000000000e+06 3.000000000000000000e+07
2.593742460100001770e-02 4.202899999999997610e-02 1.935555833836884732e-01 2.887575578999999911e+07 5.507800083481200039e+06 1.554820000000000000e+06 3.000000000000000000e+07
2.853116706110002052e-02 4.201199999999997992e-02 1.935276467484684793e-01 2.887046678000000119e+07 5.533660621173925698e+06 1.566916000000000000e+06 3.000000000000000000e+07
3.138428376721002361e-02 4.159300000000002578e-02 1.936014784318549065e-01 2.888090242000000179e+07 5.482684900987574831e+06 1.705972000000000000e+06 3.000000000000000000e+07
3.452271214393103083e-02 1.211700000000000450e-02 9.831557054200520951e-02 2.971783364999999851e+07 2.807519734242297243e+06 1.783365000000000000e+06 3.000000000000000000e+07
3.797498335832413807e-02 2.371999999999995206e-03 3.026617914438491184e-03 3.000000000000000000e+07 0.000000000000000000e+00 3.000000000000000000e+07 3.000000000000000000e+07
4.177248169415655188e-02 2.154299999999999965e-02 1.383587649952108811e-01 2.944631475000000000e+07 3.875797481379176956e+06 2.298901000000000000e+06 3.000000000000000000e+07
4.594972986357220845e-02 3.495999999999997807e-03 1.018716761420955692e-02 3.000000000000000000e+07 0.000000000000000000e+00 3.000000000000000000e+07 3.000000000000000000e+07
5.054470284992943624e-02 2.079999999999989843e-03 2.806706254669346767e-03 3.000000000000000000e+07 0.000000000000000000e+00 3.000000000000000000e+07 3.000000000000000000e+07
5.559917313492238750e-02 1.844999999999991178e-03 1.931702616864204016e-03 3.000000000000000000e+07 0.000000000000000000e+00 3.000000000000000000e+07 3.000000000000000000e+07
6.115909044841463110e-02 1.487999999999994969e-03 8.413417854831669066e-04 3.000000000000000000e+07 0.000000000000000000e+00 3.000000000000000000e+07 3.000000000000000000e+07
6.727499949325610462e-02 1.548999999999994825e-03 8.209135155422896775e-04 3.000000000000000000e+07 0.000000000000000000e+00 3.000000000000000000e+07 3.000000000000000000e+07
7.400249944258172063e-02 1.640999999999987954e-03 2.046562728088242942e-03 3.000000000000000000e+07 0.000000000000000000e+00 3.000000000000000000e+07 3.000000000000000000e+07
8.140274938683990380e-02 1.419000000000000339e-03 5.749252125276850143e-04 3.000000000000000000e+07 0.000000000000000000e+00 3.000000000000000000e+07 3.000000000000000000e+07
8.954302432552389834e-02 1.320999999999994488e-03 6.559413083500616843e-04 3.000000000000000000e+07 0.000000000000000000e+00 3.000000000000000000e+07 3.000000000000000000e+07
9.849732675807629234e-02 1.263999999999994078e-03 4.956853840895422301e-04 3.000000000000000000e+07 0.000000000000000000e+00 3.000000000000000000e+07 3.000000000000000000e+07
1.083470594338839244e-01 1.210999999999997669e-03 3.574618860801797139e-04 3.000000000000000000e+07 0.000000000000000000e+00 3.000000000000000000e+07 3.000000000000000000e+07
1.191817653772723196e-01 1.177999999999999143e-03 4.334927911741969062e-04 3.000000000000000000e+07 0.000000000000000000e+00 3.000000000000000000e+07 3.000000000000000000e+07
1.310999419149995737e-01 1.114999999999997070e-03 3.001249739691715644e-04 3.000000000000000000e+07 0.000000000000000000e+00 3.000000000000000000e+07 3.000000000000000000e+07
1.442099361064995422e-01 1.125999999999998096e-03 2.961823762481406936e-04 3.000000000000000000e+07 0.000000000000000000e+00 3.000000000000000000e+07 3.000000000000000000e+07
1.586309297171495103e-01 1.102999999999998513e-03 3.511281817228424792e-04 3.000000000000000000e+07 0.000000000000000000e+00 3.000000000000000000e+07 3.000000000000000000e+07
1.744940226888644641e-01 1.073999999999998350e-03 2.211877030939914156e-04 3.000000000000000000e+07 0.000000000000000000e+00 3.000000000000000000e+07 3.000000000000000000e+07
1.919434249577509355e-01 1.016000000000000193e-03 2.423716154998176858e-04 3.000000000000000000e+07 0.000000000000000000e+00 3.000000000000000000e+07 3.000000000000000000e+07
2.111377674535260540e-01 1.013000000000002830e-03 2.138480769144166925e-04 3.000000000000000000e+07 0.000000000000000000e+00 3.000000000000000000e+07 3.000000000000000000e+07
2.322515441988786677e-01 1.023000000000000471e-03 2.125347030486867675e-04 3.000000000000000000e+07 0.000000000000000000e+00 3.000000000000000000e+07 3.000000000000000000e+07
2.554766986187665401e-01 9.780000000000044734e-04 1.900421005987721994e-04 3.000000000000000000e+07 0.000000000000000000e+00 3.000000000000000000e+07 3.000000000000000000e+07
2.810243684806432163e-01 9.330000000000093427e-04 2.168202020107781421e-04 3.000000000000000000e+07 0.000000000000000000e+00 3.000000000000000000e+07 3.000000000000000000e+07
3.091268053287075657e-01 9.680000000000044472e-04 2.014348529922045758e-04 3.000000000000000000e+07 0.000000000000000000e+00 3.000000000000000000e+07 3.000000000000000000e+07
3.400394858615783389e-01 9.330000000000082585e-04 1.673648708660029603e-04 3.000000000000000000e+07 0.000000000000000000e+00 3.000000000000000000e+07 3.000000000000000000e+07
3.740434344477361894e-01 9.490000000000064790e-04 1.734906337529303641e-04 3.000000000000000000e+07 0.000000000000000000e+00 3.000000000000000000e+07 3.000000000000000000e+07
4.114477778925098583e-01 9.380000000000066453e-04 1.713359273474029140e-04 3.000000000000000000e+07 0.000000000000000000e+00 3.000000000000000000e+07 3.000000000000000000e+07
4.525925556817608775e-01 9.230000000000105091e-04 1.848539964404183366e-04 3.000000000000000000e+07 0.000000000000000000e+00 3.000000000000000000e+07 3.000000000000000000e+07
4.978518112499369930e-01 9.160000000000090379e-04 1.820549367635868824e-04 3.000000000000000000e+07 0.000000000000000000e+00 3.000000000000000000e+07 3.000000000000000000e+07
5.476369923749306867e-01 9.120000000000083986e-04 2.050755958177192834e-04 3.000000000000000000e+07 0.000000000000000000e+00 3.000000000000000000e+07 3.000000000000000000e+07
6.024006916124238220e-01 8.950000000000113464e-04 1.779747173055597990e-04 3.000000000000000000e+07 0.000000000000000000e+00 3.000000000000000000e+07 3.000000000000000000e+07
6.626407607736662930e-01 9.030000000000104566e-04 1.808065264308612136e-04 3.000000000000000000e+07 0.000000000000000000e+00 3.000000000000000000e+07 3.000000000000000000e+07
7.289048368510330222e-01 8.920000000000127913e-04 1.695169608033180993e-04 3.000000000000000000e+07 0.000000000000000000e+00 3.000000000000000000e+07 3.000000000000000000e+07
8.017953205361363356e-01 9.100000000000096510e-04 1.873499399519336004e-04 3.000000000000000000e+07 0.000000000000000000e+00 3.000000000000000000e+07 3.000000000000000000e+07
8.819748525897500580e-01 9.290000000000087034e-04 2.070241531802280118e-04 3.000000000000000000e+07 0.000000000000000000e+00 3.000000000000000000e+07 3.000000000000000000e+07
9.701723378487251415e-01 8.920000000000117071e-04 1.814827815523930698e-04 3.000000000000000000e+07 0.000000000000000000e+00 3.000000000000000000e+07 3.000000000000000000e+07
9.801723378487251503e-01 9.560000000000045892e-04 2.264155471693417570e-04 3.000000000000000000e+07 0.000000000000000000e+00 3.000000000000000000e+07 3.000000000000000000e+07
9.901723378487251592e-01 8.810000000000084040e-04 2.062498484847802760e-04 3.000000000000000000e+07 0.000000000000000000e+00 3.000000000000000000e+07 3.000000000000000000e+07
1.000172337848725057e+00 8.950000000000113464e-04 2.219797288042147016e-04 3.000000000000000000e+07 0.000000000000000000e+00 3.000000000000000000e+07 3.000000000000000000e+07
