1.000000000000000021e-02 9.899999999999985478e-01 1.443289932012703503e-15 5.410951999999999680e+04 4.006092299186328091e+03 4.401500000000000000e+04 6.786800000000000000e+04
1.100000000000000110e-02 9.899999999999985478e-01 1.443289932012703503e-15 5.269229000000000087e+04 4.070513422886601802e+03 4.418100000000000000e+04 7.054100000000000000e+04
1.210000000000000138e-02 9.899999999999985478e-01 1.443289932012703503e-15 5.183351999999999680e+04 3.885862268480445891e+03 4.383600000000000000e+04 6.086300000000000000e+04
1.331000000000000238e-02 9.899999999999985478e-01 1.443289932012703503e-15 5.111954000000000087e+04 4.125032754827530880e+03 4.208500000000000000e+04 6.520800000000000000e+04
1.464100000000000297e-02 9.899999999999985478e-01 1.443289932012703503e-15 4.949998000000000320e+04 3.619174679343343996e+03 4.187500000000000000e+04 5.857600000000000000e+04
1.610510000000000413e-02 9.899999999999985478e-01 1.443289932012703503e-15 4.902272000000000116e+04 3.062033762322028906e+03 4.052000000000000000e+04 5.703000000000000000e+04
1.771561000000000663e-02 9.899999999999985478e-01 1.443289932012703503e-15 4.852404000000000087e+04 3.985493432236465651e+03 3.956400000000000000e+04 5.966100000000000000e+04
1.948717100000000799e-02 9.899999999999985478e-01 1.443289932012703503e-15 4.817605000000000291e+04 3.459493747284419442e+03 3.942600000000000000e+04 5.838400000000000000e+04
2.143588810000001191e-02 9.899999999999985478e-01 1.443289932012703503e-15 4.685894999999999709e+04 3.212753353044705364e+03 3.823600000000000000e+04 5.615200000000000000e+04
2.357947691000001483e-02 9.899999999999985478e-01 1.443289932012703503e-15 4.594761000000000058e+04 3.052841895332937384e+03 3.814200000000000000e+04 5.407900000000000000e+04
2.593742460100001770e-02 9.899999999999985478e-01 1.443289932012703503e-15 4.538930000000000291e+04 3.229751518306013168e+03 3.823000000000000000e+04 5.324500000000000000e+04
2.853116706110002052e-02 9.899999999999985478e-01 1.443289932012703503e-15 4.472263999999999942e+04 3.127550957282710897e+03 3.729100000000000000e+04 5.454900000000000000e+04
3.138428376721002361e-02 9.899999999999985478e-01 1.443289932012703503e-15 4.325497000000000116e+04 3.001174504939690905e+03 3.537900000000000000e+04 5.157800000000000000e+04
3.452271214393103083e-02 9.899999999999985478e-01 1.443289932012703503e-15 4.304347000000000116e+04 3.579557666681736919e+03 3.520200000000000000e+04 5.687800000000000000e+04
3.797498335832413807e-02 9.899999999999985478e-01 1.443289932012703503e-15 4.216616000000000349e+04 2.920190427763231128e+03 3.571100000000000000e+04 5.004500000000000000e+04
4.177248169415655188e-02 9.899999999999985478e-01 1.443289932012703503e-15 4.138559999999999854e+04 3.580148304190764065e+03 3.452100000000000000e+04 5.130900000000000000e+04
4.594972986357220845e-02 9.899999999999985478e-01 1.443289932012703503e-15 4.038868000000000029e+04 2.552529247158591261e+03 3.370900000000000000e+04 4.782500000000000000e+04
5.054470284992943624e-02 9.899999999999985478e-01 1.443289932012703503e-15 3.966550000000000000e+04 2.806264397735893908e+03 3.487000000000000000e+04 4.685300000000000000e+04
5.559917313492238750e-02 9.899999999999985478e-01 1.443289932012703503e-15 3.879556999999999971e+04 2.530174781531899953e+03 3.319800000000000000e+04 4.652500000000000000e+04
6.115909044841463110e-02 9.899999999999985478e-01 1.443289932012703503e-15 3.792498999999999796e+04 2.576514818490280504e+03 3.255600000000000000e+04 4.461600000000000000e+04
6.727499949325610462e-02 9.899999999999985478e-01 1.443289932012703503e-15 3.747662999999999738e+04 2.579175207910467634e+03 3.253700000000000000e+04 4.535200000000000000e+04
7.400249944258172063e-02 9.899999999999985478e-01 1.443289932012703503e-15 3.642666999999999825e+04 2.478778719672250645e+03 3.080700000000000000e+04 4.598300000000000000e+04
8.140274938683990380e-02 9.899999999999985478e-01 1.443289932012703503e-15 3.566508999999999651e+04 2.490977358769043349e+03 3.008100000000000000e+04 4.629700000000000000e+04
8.954302432552389834e-02 9.899999999999985478e-01 1.443289932012703503e-15 3.531734999999999854e+04 2.329484669943118661e+03 3.017600000000000000e+04 4.157800000000000000e+04
9.849732675807629234e-02 9.899999999999985478e-01 1.443289932012703503e-15 3.483804000000000087e+04 2.425943226540966862e+03 2.976600000000000000e+04 4.145800000000000000e+04
1.083470594338839244e-01 9.899999999999985478e-01 1.443289932012703503e-15 3.447694000000000233e+04 2.467095607470452251e+03 2.999400000000000000e+04 4.263700000000000000e+04
1.191817653772723196e-01 9.899999999999985478e-01 1.443289932012703503e-15 3.327633999999999651e+04 2.203711166282913837e+03 2.789600000000000000e+04 3.991600000000000000e+04
1.310999419149995737e-01 9.899999999999985478e-01 1.443289932012703503e-15 3.317805000000000291e+04 2.613075063502769353e+03 2.841900000000000000e+04 4.337000000000000000e+04
1.442099361064995422e-01 9.899999999999985478e-01 1.443289932012703503e-15 3.217384000000000015e+04 2.384045380105001186e+03 2.873300000000000000e+04 3.961200000000000000e+04
1.586309297171495103e-01 9.899999999999985478e-01 1.443289932012703503e-15 3.251974000000000160e+04 2.175127801394667586e+03 2.815300000000000000e+04 4.002700000000000000e+04
1.744940226888644641e-01 9.899999999999985478e-01 1.443289932012703503e-15 3.180695000000000073e+04 2.299524143708867541e+03 2.731600000000000000e+04 4.179600000000000000e+04
1.919434249577509355e-01 9.899999999999985478e-01 1.443289932012703503e-15 3.130095000000000073e+04 2.255420077834725362e+03 2.680300000000000000e+04 3.651600000000000000e+04
2.111377674535260540e-01 9.899999999999985478e-01 1.443289932012703503e-15 3.028606999999999971e+04 1.802058879476472157e+03 2.671100000000000000e+04 3.807800000000000000e+04
2.322515441988786677e-01 9.899999999999985478e-01 1.443289932012703503e-15 3.011886999999999898e+04 2.254269347948465565e+03 2.587400000000000000e+04 3.920500000000000000e+04
2.554766986187665401e-01 9.899999999999985478e-01 1.443289932012703503e-15 2.966570000000000073e+04 2.226257431206014189e+03 2.573800000000000000e+04 3.918500000000000000e+04
2.810243684806432163e-01 9.899999999999985478e-01 1.443289932012703503e-15 2.958940999999999985e+04 2.149185734621371012e+03 2.615300000000000000e+04 3.744600000000000000e+04
3.091268053287075657e-01 9.899999999999985478e-01 1.443289932012703503e-15 2.888256000000000131e+04 1.879803959565996593e+03 2.494800000000000000e+04 3.369000000000000000e+04
3.400394858615783389e-01 9.899999999999985478e-01 1.443289932012703503e-15 2.823286999999999898e+04 2.176883651714073494e+03 2.485100000000000000e+04 3.830400000000000000e+04
3.740434344477361894e-01 9.899999999999985478e-01 1.443289932012703503e-15 2.797565999999999985e+04 1.925239929047805163e+03 2.418900000000000000e+04 3.556500000000000000e+04
4.114477778925098583e-01 9.899999999999985478e-01 1.443289932012703503e-15 2.751743000000000029e+04 1.716509622781066810e+03 2.417300000000000000e+04 3.307100000000000000e+04
4.525925556817608775e-01 9.899999999999985478e-01 1.443289932012703503e-15 2.778633000000000175e+04 1.988441837494876381e+03 2.385400000000000000e+04 3.377400000000000000e+04
4.978518112499369930e-01 9.899999999999985478e-01 1.443289932012703503e-15 2.731509000000000015e+04 1.927163698781190533e+03 2.388200000000000000e+04 3.487800000000000000e+04
5.476369923749306867e-01 9.899999999999985478e-01 1.443289932012703503e-15 2.715083000000000175e+04 2.015960198292614905e+03 2.342800000000000000e+04 3.642500000000000000e+04
6.024006916124238220e-01 9.899999999999985478e-01 1.443289932012703503e-15 2.691425999999999840e+04 1.657852355428552528e+03 2.329100000000000000e+04 3.147700000000000000e+04
6.626407607736662930e-01 9.899999999999985478e-01 1.443289932012703503e-15 2.699313999999999942e+04 2.046904663241548860e+03 2.401600000000000000e+04 3.514700000000000000e+04
7.289048368510330222e-01 9.899999999999985478e-01 1.443289932012703503e-15 2.687161999999999898e+04 2.145771608442986235e+03 2.348200000000000000e+04 3.472600000000000000e+04
8.017953205361363356e-01 9.899999999999985478e-01 1.443289932012703503e-15 2.648720999999999913e+04 1.798889981599764269e+03 2.394500000000000000e+04 3.135700000000000000e+04
8.819748525897500580e-01 9.899999999999985478e-01 1.443289932012703503e-15 2.674738000000000102e+04 2.106413068607389505e+03 2.335100000000000000e+04 3.532900000000000000e+04
9.701723378487251415e-01 9.899999999999985478e-01 1.443289932012703503e-15 2.678918000000000029e+04 1.919663894435689144e+03 2.371600000000000000e+04 3.213100000000000000e+04
9.801723378487251503e-01 9.899999999999985478e-01 1.443289932012703503e-15 2.648456000000000131e+04 1.656166159055304433e+03 2.343500000000000000e+04 3.130900000000000000e+04
9.901723378487251592e-01 9.899999999999985478e-01 1.443289932012703503e-15 2.649652000000000044e+04 1.937927183771361342e+03 2.334800000000000000e+04 3.692400000000000000e+04
1.000172337848725057e+00 9.899999999999985478e-01 1.443289932012703503e-15 2.663786000000000058e+04 1.827818016214962199e+03 2.348500000000000000e+04 3.229300000000000000e+04
