1.000000000000000021e-02 9.899999999999985478e-01 1.443289932012703503e-15 5.750097000000000116e+04 4.110290876458745515e+03 4.906200000000000000e+04 7.100100000000000000e+04
1.100000000000000110e-02 9.899999999999985478e-01 1.443289932012703503e-15 5.672737999999999738e+04 4.253320695127514227e+03 4.825800000000000000e+04 6.970400000000000000e+04
1.210000000000000138e-02 9.899999999999985478e-01 1.443289932012703503e-15 5.694306999999999971e+04 4.072054936404960245e+03 4.777100000000000000e+04 6.717600000000000000e+04
1.331000000000000238e-02 9.899999999999985478e-01 1.443289932012703503e-15 5.486419000000000233e+04 3.418381929202762421e+03 4.758300000000000000e+04 6.434800000000000000e+04
1.464100000000000297e-02 9.899999999999985478e-01 1.443289932012703503e-15 5.457087000000000262e+04 3.479916250874437537e+03 4.627700000000000000e+04 6.480900000000000000e+04
1.610510000000000413e-02 9.899999999999985478e-01 1.443289932012703503e-15 5.356022000000000116e+04 3.977568381762908302e+03 4.580600000000000000e+04 6.441900000000000000e+04
1.771561000000000663e-02 9.899999999999985478e-01 1.443289932012703503e-15 5.219037000000000262e+04 3.093708799014541910e+03 4.578900000000000000e+04 6.104900000000000000e+04
1.948717100000000799e-02 9.899999999999985478e-01 1.443289932012703503e-15 5.190240000000000146e+04 3.321006251123294533e+03 4.527200000000000000e+04 6.015900000000000000e+04
2.143588810000001191e-02 9.899999999999985478e-01 1.443289932012703503e-15 5.142536000000000058e+04 3.632530942800075081e+03 4.464600000000000000e+04 6.413800000000000000e+04
2.357947691000001483e-02 9.899999999999985478e-01 1.443289932012703503e-15 5.016379000000000087e+04 3.207530053779698392e+03 3.984700000000000000e+04 5.721400000000000000e+04
2.593742460100001770e-02 9.899999999999985478e-01 1.443289932012703503e-15 4.955115000000000146e+04 3.494289013161332150e+03 4.123500000000000000e+04 6.085800000000000000e+04
2.853116706110002052e-02 9.899999999999985478e-01 1.443289932012703503e-15 4.851091999999999825e+04 3.383139085760442413e+03 4.284600000000000000e+04 5.833800000000000000e+04
3.138428376721002361e-02 9.899999999999985478e-01 1.443289932012703503e-15 4.737973000000000320e+04 3.053930293425178661e+03 4.172900000000000000e+04 5.760900000000000000e+04
3.452271214393103083e-02 9.899999999999985478e-01 1.443289932012703503e-15 4.671022000000000116e+04 3.074391642520515688e+03 4.131600000000000000e+04 5.954200000000000000e+04
3.797498335832413807e-02 9.899999999999985478e-01 1.443289932012703503e-15 4.609872000000000116e+04 2.957056763337491248e+03 4.094400000000000000e+04 5.497200000000000000e+04
4.177248169415655188e-02 9.899999999999985478e-01 1.443289932012703503e-15 4.573219000000000233e+04 2.593775320628215013e+03 3.882800000000000000e+04 5.219200000000000000e+04
4.594972986357220845e-02 9.899999999999985478e-01 1.443289932012703503e-15 4.505825000000000000e+04 3.283769837777916109e+03 3.934300000000000000e+04 5.808300000000000000e+04
5.054470284992943624e-02 9.899999999999985478e-01 1.443289932012703503e-15 4.399469999999999709e+04 2.941627795966036501e+03 3.883600000000000000e+04 5.544900000000000000e+04
5.559917313492238750e-02 9.899999999999985478e-01 1.443289932012703503e-15 4.345894000000000233e+04 2.669314555536683201e+03 3.892400000000000000e+04 5.146200000000000000e+04
6.115909044841463110e-02 9.899999999999985478e-01 1.443289932012703503e-15 4.266637999999999738e+04 2.262063309370451861e+03 3.753600000000000000e+04 4.823100000000000000e+04
6.727499949325610462e-02 9.899999999999985478e-01 1.443289932012703503e-15 4.199743000000000029e+04 2.326509459490762310e+03 3.758000000000000000e+04 4.812600000000000000e+04
7.400249944258172063e-02 9.899999999999985478e-01 1.443289932012703503e-15 4.113904000000000087e+04 2.158072412686840380e+03 3.641500000000000000e+04 4.605500000000000000e+04
8.140274938683990380e-02 9.899999999999985478e-01 1.443289932012703503e-15 4.079484999999999854e+04 2.442069975963014713e+03 3.470200000000000000e+04 4.842300000000000000e+04
8.954302432552389834e-02 9.899999999999985478e-01 1.443289932012703503e-15 4.040519000000000233e+04 2.614356841347409045e+03 3.587000000000000000e+04 5.376900000000000000e+04
9.849732675807629234e-02 9.899999999999985478e-01 1.443289932012703503e-15 3.957269000000000233e+04 2.817793227669481894e+03 3.419500000000000000e+04 4.884900000000000000e+04
1.083470594338839244e-01 9.899999999999985478e-01 1.443289932012703503e-15 3.825140000000000146e+04 2.160716774591246576e+03 3.393700000000000000e+04 4.548800000000000000e+04
1.191817653772723196e-01 9.899999999999985478e-01 1.443289932012703503e-15 3.816020999999999913e+04 2.214128358045215009e+03 3.233600000000000000e+04 4.508800000000000000e+04
1.310999419149995737e-01 9.899999999999985478e-01 1.443289932012703503e-15 3.726762999999999738e+04 2.072498466368551817e+03 3.292600000000000000e+04 4.157100000000000000e+04
1.442099361064995422e-01 9.899999999999985478e-01 1.443289932012703503e-15 3.697037999999999738e+04 2.436491033351036549e+03 3.311000000000000000e+04 4.590600000000000000e+04
1.586309297171495103e-01 9.899999999999985478e-01 1.443289932012703503e-15 3.636415000000000146e+04 2.230380462499615987e+03 3.189300000000000000e+04 4.083000000000000000e+04
1.744940226888644641e-01 9.899999999999985478e-01 1.443289932012703503e-15 3.600613999999999942e+04 2.393790145438818854e+03 3.221400000000000000e+04 4.482800000000000000e+04
1.919434249577509355e-01 9.899999999999985478e-01 1.443289932012703503e-15 3.510806999999999971e+04 2.258507282498774657e+03 3.068500000000000000e+04 4.103500000000000000e+04
2.111377674535260540e-01 9.899999999999985478e-01 1.443289932012703503e-15 3.491088999999999942e+04 2.333085467337190948e+03 3.114000000000000000e+04 4.454500000000000000e+04
2.322515441988786677e-01 9.899999999999985478e-01 1.443289932012703503e-15 3.441880000000000291e+04 2.236578037985707851e+03 3.069700000000000000e+04 4.302700000000000000e+04
2.554766986187665401e-01 9.899999999999985478e-01 1.443289932012703503e-15 3.376905999999999767e+04 2.001997171926074543e+03 3.046100000000000000e+04 4.002600000000000000e+04
2.810243684806432163e-01 9.899999999999985478e-01 1.443289932012703503e-15 3.401926999999999680e+04 2.533243469763614939e+03 3.015200000000000000e+04 4.320600000000000000e+04
3.091268053287075657e-01 9.899999999999985478e-01 1.443289932012703503e-15 3.318533999999999651e+04 2.803930499209991922e+03 2.840900000000000000e+04 5.177300000000000000e+04
3.400394858615783389e-01 9.899999999999985478e-01 1.443289932012703503e-15 3.300670999999999913e+04 1.843030278074671287e+03 2.936300000000000000e+04 3.770200000000000000e+04
3.740434344477361894e-01 9.899999999999985478e-01 1.443289932012703503e-15 3.244600999999999840e+04 1.839343575817198825e+03 2.891300000000000000e+04 3.855900000000000000e+04
4.114477778925098583e-01 9.899999999999985478e-01 1.443289932012703503e-15 3.215815999999999985e+04 1.997022191764528316e+03 2.866600000000000000e+04 3.938000000000000000e+04
4.525925556817608775e-01 9.899999999999985478e-01 1.443289932012703503e-15 3.190229000000000087e+04 2.027281244894254996e+03 2.855600000000000000e+04 3.864300000000000000e+04
4.978518112499369930e-01 9.899999999999985478e-01 1.443289932012703503e-15 3.168688999999999942e+04 1.652997077402135119e+03 2.850800000000000000e+04 3.599700000000000000e+04
5.476369923749306867e-01 9.899999999999985478e-01 1.443289932012703503e-15 3.128127000000000044e+04 2.091419483771727300e+03 2.778600000000000000e+04 3.848100000000000000e+04
6.024006916124238220e-01 9.899999999999985478e-01 1.443289932012703503e-15 3.097863000000000102e+04 1.679478744462102668e+03 2.766100000000000000e+04 3.568600000000000000e+04
6.626407607736662930e-01 9.899999999999985478e-01 1.443289932012703503e-15 3.133572000000000116e+04 2.299170642122937352e+03 2.701500000000000000e+04 3.807700000000000000e+04
7.289048368510330222e-01 9.899999999999985478e-01 1.443289932012703503e-15 3.098861999999999898e+04 1.682873844231943849e+03 2.777500000000000000e+04 3.538200000000000000e+04
8.017953205361363356e-01 9.899999999999985478e-01 1.443289932012703503e-15 3.084579000000000087e+04 1.735162806741776649e+03 2.755000000000000000e+04 3.611200000000000000e+04
8.819748525897500580e-01 9.899999999999985478e-01 1.443289932012703503e-15 3.081836999999999898e+04 2.060162030787869753e+03 2.737600000000000000e+04 3.899200000000000000e+04
9.701723378487251415e-01 9.899999999999985478e-01 1.443289932012703503e-15 3.087672999999999956e+04 1.721354872505957019e+03 2.760500000000000000e+04 3.605700000000000000e+04
9.801723378487251503e-01 9.899999999999985478e-01 1.443289932012703503e-15 3.058445999999999913e+04 2.049010128915911082e+03 2.768100000000000000e+04 3.953600000000000000e+04
9.901723378487251592e-01 9.899999999999985478e-01 1.443289932012703503e-15 3.060161000000000058e+04 1.657705039474755040e+03 2.711400000000000000e+04 3.574000000000000000e+04
1.000172337848725057e+00 9.899999999999985478e-01 1.443289932012703503e-15 3.058904000000000087e+04 1.810624698384510566e+03 2.738800000000000000e+04 3.697700000000000000e+04
