1.000000000000000021e-02 9.899999999999985478e-01 1.443289932012703503e-15 4.346890000000000146e+04 2.989677786986416777e+03 3.592600000000000000e+04 5.051800000000000000e+04
1.100000000000000110e-02 9.899999999999985478e-01 1.443289932012703503e-15 4.233733000000000175e+04 2.924474725672971090e+03 3.505000000000000000e+04 5.037500000000000000e+04
1.210000000000000138e-02 9.899999999999985478e-01 1.443289932012703503e-15 4.139648000000000320e+04 3.093106491797526360e+03 3.538500000000000000e+04 5.082900000000000000e+04
1.331000000000000238e-02 9.899999999999985478e-01 1.443289932012703503e-15 4.098298999999999796e+04 2.803423458898066656e+03 3.457800000000000000e+04 5.035800000000000000e+04
1.464100000000000297e-02 9.899999999999985478e-01 1.443289932012703503e-15 4.009406999999999971e+04 2.755503708054119670e+03 3.449100000000000000e+04 4.773400000000000000e+04
1.610510000000000413e-02 9.899999999999985478e-01 1.443289932012703503e-15 3.934170999999999913e+04 2.467770541582016904e+03 3.377200000000000000e+04 4.493700000000000000e+04
1.771561000000000663e-02 9.899999999999985478e-01 1.443289932012703503e-15 3.803683999999999651e+04 2.459132012397869858e+03 3.366500000000000000e+04 4.459700000000000000e+04
1.948717100000000799e-02 9.899999999999985478e-01 1.443289932012703503e-15 3.737793000000000029e+04 2.179537520920435782e+03 3.186900000000000000e+04 4.313000000000000000e+04
2.143588810000001191e-02 9.899999999999985478e-01 1.443289932012703503e-15 3.623469000000000233e+04 2.410712943073065617e+03 3.147500000000000000e+04 4.133100000000000000e+04
2.357947691000001483e-02 9.899999999999985478e-01 1.443289932012703503e-15 3.609629000000000087e+04 2.110290621194152209e+03 3.207500000000000000e+04 4.203700000000000000e+04
2.593742460100001770e-02 9.899999999999985478e-01 1.443289932012703503e-15 3.529969000000000233e+04 2.273760900776508151e+03 3.009900000000000000e+04 4.200600000000000000e+04
2.853116706110002052e-02 9.899999999999985478e-01 1.443289932012703503e-15 3.412173000000000320e+04 2.156608953217991257e+03 2.835400000000000000e+04 3.916300000000000000e+04
3.138428376721002361e-02 9.899999999999985478e-01 1.443289932012703503e-15 3.322980000000000291e+04 2.258025216865391485e+03 2.851300000000000000e+04 3.971100000000000000e+04
3.452271214393103083e-02 9.899999999999985478e-01 1.443289932012703503e-15 3.306916999999999825e+04 2.021866385570520379e+03 2.937700000000000000e+04 4.016200000000000000e+04
3.797498335832413807e-02 9.899999999999985478e-01 1.443289932012703503e-15 3.169566999999999825e+04 1.691578612154930170e+03 2.677000000000000000e+04 3.567100000000000000e+04
4.177248169415655188e-02 9.899999999999985478e-01 1.443289932012703503e-15 3.116720000000000073e+04 2.140691808738474265e+03 2.680100000000000000e+04 3.685400000000000000e+04
4.594972986357220845e-02 9.899999999999985478e-01 1.443289932012703503e-15 3.053424000000000160e+04 1.833736753844455279e+03 2.661300000000000000e+04 3.478700000000000000e+04
5.054470284992943624e-02 9.899999999999985478e-01 1.443289932012703503e-15 2.951211000000000058e+04 1.590835012784166565e+03 2.544100000000000000e+04 3.333100000000000000e+04
5.559917313492238750e-02 9.899999999999985478e-01 1.443289932012703503e-15 2.918729999999999927e+04 1.701185348514382213e+03 2.573300000000000000e+04 3.442900000000000000e+04
6.115909044841463110e-02 9.899999999999985478e-01 1.443289932012703503e-15 2.837572999999999956e+04 1.622230167732064047e+03 2.481200000000000000e+04 3.282600000000000000e+04
6.727499949325610462e-02 9.899999999999985478e-01 1.443289932012703503e-15 2.791704000000000087e+04 1.626180266268164814e+03 2.345800000000000000e+04 3.231600000000000000e+04
7.400249944258172063e-02 9.899999999999985478e-01 1.443289932012703503e-15 2.704631000000000131e+04 1.339430436379582943e+03 2.407800000000000000e+04 3.166400000000000000e+04
8.140274938683990380e-02 9.899999999999985478e-01 1.443289932012703503e-15 2.652695999999999913e+04 1.583211482525313158e+03 2.365700000000000000e+04 3.433100000000000000e+04
8.954302432552389834e-02 9.899999999999985478e-01 1.443289932012703503e-15 2.576834000000000015e+04 1.535158605617022431e+03 2.253900000000000000e+04 3.003500000000000000e+04
9.849732675807629234e-02 9.899999999999985478e-01 1.443289932012703503e-15 2.531027999999999884e+04 1.334274275252281313e+03 2.265100000000000000e+04 2.872800000000000000e+04
1.083470594338839244e-01 9.899999999999985478e-01 1.443289932012703503e-15 2.447784999999999854e+04 1.168798163713478971e+03 2.200500000000000000e+04 2.797400000000000000e+04
1.191817653772723196e-01 9.899999999999985478e-01 1.443289932012703503e-15 2.422145000000000073e+04 1.134843129027091209e+03 2.187600000000000000e+04 2.810900000000000000e+04
1.310999419149995737e-01 9.899999999999985478e-01 1.443289932012703503e-15 2.364970999999999913e+04 1.081368210139358553e+03 2.110000000000000000e+04 2.637500000000000000e+04
1.442099361064995422e-01 9.899999999999985478e-01 1.443289932012703503e-15 2.291354000000000087e+04 1.189042189495393814e+03 2.056700000000000000e+04 2.671500000000000000e+04
1.586309297171495103e-01 9.899999999999985478e-01 1.443289932012703503e-15 2.259670000000000073e+04 9.292472491215671653e+02 1.926200000000000000e+04 2.454600000000000000e+04
1.744940226888644641e-01 9.899999999999985478e-01 1.443289932012703503e-15 2.221336999999999898e+04 1.004313543222434078e+03 2.038000000000000000e+04 2.471800000000000000e+04
1.919434249577509355e-01 9.899999999999985478e-01 1.443289932012703503e-15 2.162925999999999840e+04 9.942346767237601171e+02 1.959600000000000000e+04 2.458800000000000000e+04
2.111377674535260540e-01 9.899999999999985478e-01 1.443289932012703503e-15 2.127388000000000102e+04 9.275236199687855105e+02 1.907200000000000000e+04 2.391100000000000000e+04
2.322515441988786677e-01 9.899999999999985478e-01 1.443289932012703503e-15 2.066086999999999898e+04 8.146712055179070830e+02 1.899800000000000000e+04 2.230200000000000000e+04
2.554766986187665401e-01 9.899999999999985478e-01 1.443289932012703503e-15 2.033475999999999840e+04 8.150904749780848988e+02 1.868300000000000000e+04 2.254300000000000000e+04
2.810243684806432163e-01 9.899999999999985478e-01 1.443289932012703503e-15 1.994434999999999854e+04 7.592684554885707939e+02 1.836100000000000000e+04 2.243900000000000000e+04
3.091268053287075657e-01 9.899999999999985478e-01 1.443289932012703503e-15 1.959502999999999884e+04 8.040042966924992243e+02 1.798400000000000000e+04 2.229200000000000000e+04
3.400394858615783389e-01 9.899999999999985478e-01 1.443289932012703503e-15 1.933781000000000131e+04 8.903554761442195513e+02 1.766400000000000000e+04 2.260300000000000000e+04
3.740434344477361894e-01 9.899999999999985478e-01 1.443289932012703503e-15 1.893590000000000146e+04 7.784759405402327275e+02 1.709100000000000000e+04 2.169800000000000000e+04
4.114477778925098583e-01 9.899999999999985478e-01 1.443289932012703503e-15 1.861304999999999927e+04 7.368500305353866224e+02 1.693800000000000000e+04 2.056100000000000000e+04
4.525925556817608775e-01 9.899999999999985478e-01 1.443289932012703503e-15 1.842740000000000146e+04 6.006538437403028183e+02 1.724700000000000000e+04 1.989500000000000000e+04
4.978518112499369930e-01 9.899999999999985478e-01 1.443289932012703503e-15 1.808836000000000058e+04 6.423656983370144644e+02 1.697200000000000000e+04 1.970800000000000000e+04
5.476369923749306867e-01 9.899999999999985478e-01 1.443289932012703503e-15 1.788631999999999971e+04 6.298824633215310769e+02 1.634800000000000000e+04 1.960700000000000000e+04
6.024006916124238220e-01 9.899999999999985478e-01 1.443289932012703503e-15 1.793434999999999854e+04 7.997087766806113223e+02 1.665200000000000000e+04 2.018700000000000000e+04
6.626407607736662930e-01 9.899999999999985478e-01 1.443289932012703503e-15 1.772438000000000102e+04 7.614625109616360987e+02 1.613100000000000000e+04 1.990500000000000000e+04
7.289048368510330222e-01 9.899999999999985478e-01 1.443289932012703503e-15 1.766270000000000073e+04 6.252446641115780039e+02 1.671300000000000000e+04 1.962300000000000000e+04
8.017953205361363356e-01 9.899999999999985478e-01 1.443289932012703503e-15 1.771579000000000087e+04 6.889275766726135544e+02 1.645100000000000000e+04 1.974100000000000000e+04
8.819748525897500580e-01 9.899999999999985478e-01 1.443289932012703503e-15 1.754218999999999869e+04 6.537786581863925903e+02 1.630100000000000000e+04 1.910100000000000000e+04
9.701723378487251415e-01 9.899999999999985478e-01 1.443289932012703503e-15 1.758749000000000160e+04 6.002199845889838343e+02 1.633100000000000000e+04 1.928000000000000000e+04
9.801723378487251503e-01 9.899999999999985478e-01 1.443289932012703503e-15 1.751272000000000116e+04 5.790673549769492183e+02 1.608600000000000000e+04 1.935800000000000000e+04
9.901723378487251592e-01 9.899999999999985478e-01 1.443289932012703503e-15 1.747588999999999942e+04 6.847107257083093828e+02 1.586900000000000000e+04 1.953600000000000000e+04
1.000172337848725057e+00 9.899999999999985478e-01 1.443289932012703503e-15 1.761068000000000029e+04 6.529648211044758455e+02 1.639100000000000000e+04 1.922300000000000000e+04
