1.000000000000000021e-02 9.899999999999985478e-01 1.443289932012703503e-15 4.287729000000000087e+04 3.168888105613703374e+03 3.651100000000000000e+04 5.221900000000000000e+04
1.100000000000000110e-02 9.899999999999985478e-01 1.443289932012703503e-15 4.244195999999999913e+04 3.215930888312122079e+03 3.556800000000000000e+04 5.204700000000000000e+04
1.210000000000000138e-02 9.899999999999985478e-01 1.443289932012703503e-15 4.166504000000000087e+04 2.905201707007622190e+03 3.600300000000000000e+04 5.046200000000000000e+04
1.331000000000000238e-02 9.899999999999985478e-01 1.443289932012703503e-15 4.087201999999999680e+04 2.931331509672694665e+03 3.494600000000000000e+04 4.887700000000000000e+04
1.464100000000000297e-02 9.899999999999985478e-01 1.443289932012703503e-15 3.944620999999999913e+04 2.780041486363108106e+03 3.263600000000000000e+04 4.799500000000000000e+04
1.610510000000000413e-02 9.899999999999985478e-01 1.443289932012703503e-15 3.865756999999999971e+04 2.647471141504662228e+03 3.267600000000000000e+04 4.514500000000000000e+04
1.771561000000000663e-02 9.899999999999985478e-01 1.443289932012703503e-15 3.840633000000000175e+04 2.404949550635106789e+03 3.365700000000000000e+04 4.434700000000000000e+04
1.948717100000000799e-02 9.899999999999985478e-01 1.443289932012703503e-15 3.742350000000000000e+04 2.524161553862985329e+03 3.234500000000000000e+04 4.640100000000000000e+04
2.143588810000001191e-02 9.899999999999985478e-01 1.443289932012703503e-15 3.640730000000000291e+04 2.486788955661496857e+03 3.056900000000000000e+04 4.379700000000000000e+04
2.357947691000001483e-02 9.899999999999985478e-01 1.443289932012703503e-15 3.566131999999999971e+04 2.157613718347192844e+03 2.863800000000000000e+04 3.971600000000000000e+04
2.593742460100001770e-02 9.899999999999985478e-01 1.443289932012703503e-15 3.523141999999999825e+04 2.160457794912920690e+03 3.037500000000000000e+04 4.032000000000000000e+04
2.853116706110002052e-02 9.899999999999985478e-01 1.443289932012703503e-15 3.434259999999999854e+04 2.367854835077522694e+03 2.955800000000000000e+04 4.080100000000000000e+04
3.138428376721002361e-02 9.899999999999985478e-01 1.443289932012703503e-15 3.338240000000000146e+04 2.168627008039879001e+03 2.877400000000000000e+04 3.941300000000000000e+04
3.452271214393103083e-02 9.899999999999985478e-01 1.443289932012703503e-15 3.236300999999999840e+04 2.000768289907654435e+03 2.823300000000000000e+04 3.817500000000000000e+04
3.797498335832413807e-02 9.899999999999985478e-01 1.443289932012703503e-15 3.239081999999999971e+04 1.947522730958485909e+03 2.893800000000000000e+04 3.857900000000000000e+04
4.177248169415655188e-02 9.899999999999985478e-01 1.443289932012703503e-15 3.128027000000000044e+04 2.009697757649144478e+03 2.745000000000000000e+04 3.720000000000000000e+04
4.594972986357220845e-02 9.899999999999985478e-01 1.443289932012703503e-15 3.034309999999999854e+04 1.523991453388108539e+03 2.660300000000000000e+04 3.572600000000000000e+04
5.054470284992943624e-02 9.899999999999985478e-01 1.443289932012703503e-15 2.958354000000000087e+04 1.534023385871284518e+03 2.600000000000000000e+04 3.341300000000000000e+04
5.559917313492238750e-02 9.899999999999985478e-01 1.443289932012703503e-15 2.913677999999999884e+04 1.925965158459519444e+03 2.464700000000000000e+04 3.475500000000000000e+04
6.115909044841463110e-02 9.899999999999985478e-01 1.443289932012703503e-15 2.831293000000000029e+04 1.749586638352041973e+03 2.514600000000000000e+04 3.578900000000000000e+04
6.727499949325610462e-02 9.899999999999985478e-01 1.443289932012703503e-15 2.782011999999999898e+04 1.418043992829559329e+03 2.509900000000000000e+04 3.110900000000000000e+04
7.400249944258172063e-02 9.899999999999985478e-01 1.443289932012703503e-15 2.711429999999999927e+04 1.550906512333996261e+03 2.372600000000000000e+04 3.088300000000000000e+04
8.140274938683990380e-02 9.899999999999985478e-01 1.443289932012703503e-15 2.657195000000000073e+04 1.322064373432700449e+03 2.318400000000000000e+04 2.986700000000000000e+04
8.954302432552389834e-02 9.899999999999985478e-01 1.443289932012703503e-15 2.577472000000000116e+04 1.321651482653426001e+03 2.354500000000000000e+04 2.938400000000000000e+04
9.849732675807629234e-02 9.899999999999985478e-01 1.443289932012703503e-15 2.542363000000000102e+04 1.302674492380963102e+03 2.190800000000000000e+04 2.933900000000000000e+04
1.083470594338839244e-01 9.899999999999985478e-01 1.443289932012703503e-15 2.474922999999999956e+04 1.248469333664227406e+03 2.235700000000000000e+04 2.937000000000000000e+04
1.191817653772723196e-01 9.899999999999985478e-01 1.443289932012703503e-15 2.406790000000000146e+04 1.098459853613230734e+03 2.175800000000000000e+04 2.732000000000000000e+04
1.310999419149995737e-01 9.899999999999985478e-01 1.443289932012703503e-15 2.356602999999999884e+04 1.312630941696865420e+03 2.084700000000000000e+04 2.747800000000000000e+04
1.442099361064995422e-01 9.899999999999985478e-01 1.443289932012703503e-15 2.307934999999999854e+04 1.190818746703292163e+03 2.032600000000000000e+04 2.704300000000000000e+04
1.586309297171495103e-01 9.899999999999985478e-01 1.443289932012703503e-15 2.253895999999999913e+04 1.038746522689727271e+03 2.053200000000000000e+04 2.571400000000000000e+04
1.744940226888644641e-01 9.899999999999985478e-01 1.443289932012703503e-15 2.215166999999999825e+04 8.631026133085219954e+02 2.034500000000000000e+04 2.435000000000000000e+04
1.919434249577509355e-01 9.899999999999985478e-01 1.443289932012703503e-15 2.158938999999999942e+04 1.056609415962208914e+03 1.931900000000000000e+04 2.513800000000000000e+04
2.111377674535260540e-01 9.899999999999985478e-01 1.443289932012703503e-15 2.113777000000000044e+04 8.874576818643241722e+02 1.958200000000000000e+04 2.453000000000000000e+04
2.322515441988786677e-01 9.899999999999985478e-01 1.443289932012703503e-15 2.092050000000000000e+04 9.066356324345520079e+02 1.902500000000000000e+04 2.379500000000000000e+04
2.554766986187665401e-01 9.899999999999985478e-01 1.443289932012703503e-15 2.021945999999999913e+04 7.244806611635675608e+02 1.839500000000000000e+04 2.212600000000000000e+04
2.810243684806432163e-01 9.899999999999985478e-01 1.443289932012703503e-15 1.996618999999999869e+04 8.387812431736892904e+02 1.824300000000000000e+04 2.234700000000000000e+04
3.091268053287075657e-01 9.899999999999985478e-01 1.443289932012703503e-15 1.961677000000000044e+04 8.280265557939550263e+02 1.793200000000000000e+04 2.248000000000000000e+04
3.400394858615783389e-01 9.899999999999985478e-01 1.443289932012703503e-15 1.918350999999999840e+04 8.651423639494255440e+02 1.752400000000000000e+04 2.303800000000000000e+04
3.740434344477361894e-01 9.899999999999985478e-01 1.443289932012703503e-15 1.894693000000000029e+04 7.768023848444338455e+02 1.745700000000000000e+04 2.100100000000000000e+04
4.114477778925098583e-01 9.899999999999985478e-01 1.443289932012703503e-15 1.876406999999999971e+04 7.332431282323755113e+02 1.712800000000000000e+04 2.044400000000000000e+04
4.525925556817608775e-01 9.899999999999985478e-01 1.443289932012703503e-15 1.851854999999999927e+04 7.220314588021770987e+02 1.710800000000000000e+04 2.021500000000000000e+04
4.978518112499369930e-01 9.899999999999985478e-01 1.443289932012703503e-15 1.814772999999999956e+04 6.981084851940993303e+02 1.668800000000000000e+04 2.102100000000000000e+04
5.476369923749306867e-01 9.899999999999985478e-01 1.443289932012703503e-15 1.809131999999999971e+04 6.835300414758668239e+02 1.661200000000000000e+04 1.990600000000000000e+04
6.024006916124238220e-01 9.899999999999985478e-01 1.443289932012703503e-15 1.793309999999999854e+04 6.989259688979942666e+02 1.625200000000000000e+04 2.052900000000000000e+04
6.626407607736662930e-01 9.899999999999985478e-01 1.443289932012703503e-15 1.783275999999999840e+04 6.483288535920640925e+02 1.625900000000000000e+04 1.975600000000000000e+04
7.289048368510330222e-01 9.899999999999985478e-01 1.443289932012703503e-15 1.776341999999999825e+04 7.442056326043227727e+02 1.601100000000000000e+04 2.003900000000000000e+04
8.017953205361363356e-01 9.899999999999985478e-01 1.443289932012703503e-15 1.758911999999999898e+04 5.779081636384797775e+02 1.638000000000000000e+04 1.958100000000000000e+04
8.819748525897500580e-01 9.899999999999985478e-01 1.443289932012703503e-15 1.744779000000000087e+04 6.473367793505943837e+02 1.634600000000000000e+04 1.995400000000000000e+04
9.701723378487251415e-01 9.899999999999985478e-01 1.443289932012703503e-15 1.758636000000000058e+04 6.630899263297550306e+02 1.607700000000000000e+04 1.989200000000000000e+04
9.801723378487251503e-01 9.899999999999985478e-01 1.443289932012703503e-15 1.755534999999999854e+04 7.516655024011678279e+02 1.602400000000000000e+04 1.957700000000000000e+04
9.901723378487251592e-01 9.899999999999985478e-01 1.443289932012703503e-15 1.765690999999999985e+04 6.530703958226861232e+02 1.591000000000000000e+04 1.928200000000000000e+04
1.000172337848725057e+00 9.899999999999985478e-01 1.443289932012703503e-15 1.772384999999999854e+04 6.391192905084309359e+02 1.661700000000000000e+04 2.079800000000000000e+04
