1.000000000000000021e-02 2.686889999999999556e-01 4.386764183073897372e-01 2.228538164000000060e+07 1.268540931247524731e+07 1.211482000000000000e+06 3.000000000000000000e+07
1.100000000000000110e-02 2.390729999999999245e-01 4.219862127735928281e-01 2.314782771999999881e+07 1.219379972653799504e+07 1.184657000000000000e+06 3.000000000000000000e+07
1.210000000000000138e-02 1.403559999999999808e-01 3.428118484883507788e-01 2.600907635999999940e+07 9.891673249396754429e+06 1.317961000000000000e+06 3.000000000000000000e+07
1.331000000000000238e-02 1.508390000000000286e-01 3.525301422275829988e-01 2.571908057000000030e+07 1.019078965984009765e+07 1.277883000000000000e+06 3.000000000000000000e+07
1.464100000000000297e-02 1.699479999999999880e-01 3.711337016440302006e-01 2.515324223000000045e+07 1.070954206973597966e+07 1.284773000000000000e+06 3.000000000000000000e+07
1.610510000000000413e-02 1.797589999999999466e-01 3.796188686287866876e-01 2.486853832999999821e+07 1.095267409773018397e+07 1.274983000000000000e+06 3.000000000000000000e+07
1.771561000000000663e-02 1.308549999999999991e-01 3.321257269092535158e-01 2.631132987000000104e+07 9.542857590929510072e+06 1.298911000000000000e+06 3.000000000000000000e+07
1.948717100000000799e-02 1.407460000000000100e-01 3.426593773472426663e-01 2.603070330999999866e+07 9.837998516197945923e+06 1.450482000000000000e+06 3.000000000000000000e+07
2.143588810000001191e-02 7.240499999999996938e-02 2.518394144588967376e-01 2.801955062000000104e+07 7.218978266981407069e+06 1.422215000000000000e+06 3.000000000000000000e+07
2.357947691000001483e-02 7.149099999999999899e-02 2.520091288406036689e-01 2.801495371000000089e+07 7.235802721696540713e+06 1.453032000000000000e+06 3.000000000000000000e+07
2.593742460100001770e-02 3.265200000000000047e-02 1.684486535891576431e-01 2.915119526000000164e+07 4.826528404164872132e+06 1.615067000000000000e+06 3.000000000000000000e+07
2.853116706110002052e-02 3.243100000000000149e-02 1.684909663424125348e-01 2.915852358999999985e+07 4.784880278156227432e+06 1.799323000000000000e+06 3.000000000000000000e+07
3.138428376721002361e-02 6.128900000000001014e-02 2.346427445692706726e-01 2.832453914000000060e+07 6.632144619362005033e+06 1.638999000000000000e+06 3.000000000000000000e+07
3.452271214393103083e-02 4.185600000000001125e-02 1.935543139896395981e-01 2.889311226000000164e+07 5.423019804254150018e+06 1.904081000000000000e+06 3.000000000000000000e+07
3.797498335832413807e-02 1.210399999999998977e-02 9.831003704607176041e-02 2.971884166000000015e+07 2.797490161377515178e+06 1.884166000000000000e+06 3.000000000000000000e+07
4.177248169415655188e-02 2.367999999999994675e-03 2.259552168019138708e-03 3.000000000000000000e+07 0.000000000000000000e+00 3.000000000000000000e+07 3.000000000000000000e+07
4.594972986357220845e-02 2.117999999999994453e-03 2.539069908450736646e-03 3.000000000000000000e+07 0.000000000000000000e+00 3.000000000000000000e+07 3.000000000000000000e+07
5.054470284992943624e-02 3.538999999999990070e-03 1.470937724718487417e-02 3.000000000000000000e+07 0.000000000000000000e+00 3.000000000000000000e+07 3.000000000000000000e+07
5.559917313492238750e-02 1.814999999999993268e-03 2.659149300058201784e-03 3.000000000000000000e+07 0.000000000000000000e+00 3.000000000000000000e+07 3.000000000000000000e+07
6.115909044841463110e-02 1.678999999999992781e-03 1.124392724985358088e-03 3.000000000000000000e+07 0.000000000000000000e+00 3.000000000000000000e+07 3.000000000000000000e+07
6.727499949325610462e-02 1.519999999999997915e-03 7.833262411026477084e-04 3.000000000000000000e+07 0.000000000000000000e+00 3.000000000000000000e+07 3.000000000000000000e+07
7.400249944258172063e-02 1.394999999999989564e-03 6.377107494781586710e-04 3.000000000000000000e+07 0.000000000000000000e+00 3.000000000000000000e+07 3.000000000000000000e+07
8.140274938683990380e-02 1.361999999999994292e-03 9.799775507632793158e-04 3.000000000000000000e+07 0.000000000000000000e+00 3.000000000000000000e+07 3.000000000000000000e+07
8.954302432552389834e-02 1.517999999999994831e-03 9.584758734574387292e-04 3.000000000000000000e+07 0.000000000000000000e+00 3.000000000000000000e+07 3.000000000000000000e+07
9.849732675807629234e-02 1.327999999999995850e-03 6.073022311831223355e-04 3.000000000000000000e+07 0.000000000000000000e+00 3.000000000000000000e+07 3.000000000000000000e+07
1.083470594338839244e-01 1.241999999999994194e-03 4.839793384019531563e-04 3.000000000000000000e+07 0.000000000000000000e+00 3.000000000000000000e+07 3.000000000000000000e+07
1.191817653772723196e-01 1.147999999999992343e-03 2.662630278502709532e-04 3.000000000000000000e+07 0.000000000000000000e+00 3.000000000000000000e+07 3.000000000000000000e+07
1.310999419149995737e-01 1.256000000000000389e-03 5.060276672277892263e-04 3.000000000000000000e+07 0.000000000000000000e+00 3.000000000000000000e+07 3.000000000000000000e+07
1.442099361064995422e-01 1.123000000000001818e-03 3.690135498867137581e-04 3.000000000000000000e+07 0.000000000000000000e+00 3.000000000000000000e+07 3.000000000000000000e+07
1.586309297171495103e-01 1.175999999999999312e-03 3.394466084673657146e-04 3.000000000000000000e+07 0.000000000000000000e+00 3.000000000000000000e+07 3.000000000000000000e+07
1.744940226888644641e-01 1.104000000000004934e-03 3.052605444534204596e-04 3.000000000000000000e+07 0.000000000000000000e+00 3.000000000000000000e+07 3.000000000000000000e+07
1.919434249577509355e-01 1.029000000000003219e-03 2.294754888871476781e-04 3.000000000000000000e+07 0.000000000000000000e+00 3.000000000000000000e+07 3.000000000000000000e+07
2.111377674535260540e-01 9.910000000000029462e-04 1.800527700425467255e-04 3.000000000000000000e+07 0.000000000000000000e+00 3.000000000000000000e+07 3.000000000000000000e+07
2.322515441988786677e-01 1.031000000000000883e-03 2.360910841179592208e-04 3.000000000000000000e+07 0.000000000000000000e+00 3.000000000000000000e+07 3.000000000000000000e+07
2.554766986187665401e-01 1.001000000000004057e-03 2.061528559103536877e-04 3.000000000000000000e+07 0.000000000000000000e+00 3.000000000000000000e+07 3.000000000000000000e+07
2.810243684806432163e-01 9.680000000000044472e-04 1.793766985982095255e-04 3.000000000000000000e+07 0.000000000000000000e+00 3.000000000000000000e+07 3.000000000000000000e+07
3.091268053287075657e-01 9.390000000000064528e-04 1.725659294298685837e-04 3.000000000000000000e+07 0.000000000000000000e+00 3.000000000000000000e+07 3.000000000000000000e+07
3.400394858615783389e-01 9.230000000000082323e-04 1.742727746952869524e-04 3.000000000000000000e+07 0.000000000000000000e+00 3.000000000000000000e+07 3.000000000000000000e+07
3.740434344477361894e-01 9.410000000000062845e-04 1.908376273170281465e-04 3.000000000000000000e+07 0.000000000000000000e+00 3.000000000000000000e+07 3.000000000000000000e+07
4.114477778925098583e-01 9.210000000000095931e-04 1.745250698323690813e-04 3.000000000000000000e+07 0.000000000000000000e+00 3.000000000000000000e+07 3.000000000000000000e+07
4.525925556817608775e-01 8.730000000000137390e-04 1.864698367028651477e-04 3.000000000000000000e+07 0.000000000000000000e+00 3.000000000000000000e+07 3.000000000000000000e+07
4.978518112499369930e-01 9.110000000000106511e-04 1.771411866280484546e-04 3.000000000000000000e+07 0.000000000000000000e+00 3.000000000000000000e+07 3.000000000000000000e+07
5.476369923749306867e-01 8.940000000000114305e-04 1.666253282067127819e-04 3.000000000000000000e+07 0.000000000000000000e+00 3.000000000000000000e+07 3.000000000000000000e+07
6.024006916124238220e-01 8.980000000000099014e-04 1.886690223645534929e-04 3.000000000000000000e+07 0.000000000000000000e+00 3.000000000000000000e+07 3.000000000000000000e+07
6.626407607736662930e-01 9.160000000000090379e-04 1.874673304871896432e-04 3.000000000000000000e+07 0.000000000000000000e+00 3.000000000000000000e+07 3.000000000000000000e+07
7.289048368510330222e-01 8.970000000000099855e-04 1.830054643992752475e-04 3.000000000000000000e+07 0.000000000000000000e+00 3.000000000000000000e+07 3.000000000000000000e+07
8.017953205361363356e-01 8.840000000000103201e-04 1.798443771709180275e-04 3.000000000000000000e+07 0.000000000000000000e+00 3.000000000000000000e+07 3.000000000000000000e+07
8.819748525897500580e-01 8.920000000000127913e-04 1.803773821741319790e-04 3.000000000000000000e+07 0.000000000000000000e+00 3.000000000000000000e+07 3.000000000000000000e+07
9.701723378487251415e-01 9.260000000000067873e-04 1.937111251322278242e-04 3.000000000000000000e+07 0.000000000000000000e+00 3.000000000000000000e+07 3.000000000000000000e+07
9.801723378487251503e-01 8.710000000000150998e-04 2.016407696870685027e-04 3.000000000000000000e+07 0.000000000000000000e+00 3.000000000000000000e+07 3.000000000000000000e+07
9.901723378487251592e-01 8.860000000000145971e-04 1.743674281510021527e-04 3.000000000000000000e+07 0.000000000000000000e+00 3.000000000000000000e+07 3.000000000000000000e+07
1.000172337848725057e+00 9.070000000000110960e-04 2.035951865835567559e-04 3.000000000000000000e+07 0.000000000000000000e+00 3.000000000000000000e+07 3.000000000000000000e+07
