1.000000000000000021e-02 9.899999999999985478e-01 1.443289932012703503e-15 6.188762000000000262e+04 3.720968655551937900e+03 5.325000000000000000e+04 7.298600000000000000e+04
1.100000000000000110e-02 9.899999999999985478e-01 1.443289932012703503e-15 6.035101000000000204e+04 3.781914381619446431e+03 5.182300000000000000e+04 6.914300000000000000e+04
1.210000000000000138e-02 9.899999999999985478e-01 1.443289932012703503e-15 5.938990000000000146e+04 3.655307506900069711e+03 5.141300000000000000e+04 6.992300000000000000e+04
1.331000000000000238e-02 9.899999999999985478e-01 1.443289932012703503e-15 5.808869999999999709e+04 3.645924314902875722e+03 5.003400000000000000e+04 6.853400000000000000e+04
1.464100000000000297e-02 9.899999999999985478e-01 1.443289932012703503e-15 5.762636000000000058e+04 3.657039921904052335e+03 4.993100000000000000e+04 6.820500000000000000e+04
1.610510000000000413e-02 9.899999999999985478e-01 1.443289932012703503e-15 5.739100000000000000e+04 3.383730030602323495e+03 5.008900000000000000e+04 6.577600000000000000e+04
1.771561000000000663e-02 9.899999999999985478e-01 1.443289932012703503e-15 5.598266000000000349e+04 3.495604194470534821e+03 4.874700000000000000e+04 6.860200000000000000e+04
1.948717100000000799e-02 9.899999999999985478e-01 1.443289932012703503e-15 5.550708999999999651e+04 3.657736551735239118e+03 4.804700000000000000e+04 6.495800000000000000e+04
2.143588810000001191e-02 9.899999999999985478e-01 1.443289932012703503e-15 5.468036000000000058e+04 3.637435383673502201e+03 4.569400000000000000e+04 6.656100000000000000e+04
2.357947691000001483e-02 9.899999999999985478e-01 1.443289932012703503e-15 5.344116999999999825e+04 3.846196700781174968e+03 4.464100000000000000e+04 6.435200000000000000e+04
2.593742460100001770e-02 9.899999999999985478e-01 1.443289932012703503e-15 5.317356999999999971e+04 3.435370609570384659e+03 4.695900000000000000e+04 6.167400000000000000e+04
2.853116706110002052e-02 9.899999999999985478e-01 1.443289932012703503e-15 5.230494000000000233e+04 3.042814670071117689e+03 4.522100000000000000e+04 5.842600000000000000e+04
3.138428376721002361e-02 9.899999999999985478e-01 1.443289932012703503e-15 5.168956999999999971e+04 3.377856593329563111e+03 4.453700000000000000e+04 6.210500000000000000e+04
3.452271214393103083e-02 9.899999999999985478e-01 1.443289932012703503e-15 5.059250000000000000e+04 3.499601587323905733e+03 4.510500000000000000e+04 6.263300000000000000e+04
3.797498335832413807e-02 9.899999999999985478e-01 1.443289932012703503e-15 5.031208000000000175e+04 3.412391233958967860e+03 4.227200000000000000e+04 5.960000000000000000e+04
4.177248169415655188e-02 9.899999999999985478e-01 1.443289932012703503e-15 4.879672000000000116e+04 3.286205858067933605e+03 4.224200000000000000e+04 5.695000000000000000e+04
4.594972986357220845e-02 9.899999999999985478e-01 1.443289932012703503e-15 4.853244000000000233e+04 2.662289906527837502e+03 4.237800000000000000e+04 5.676500000000000000e+04
5.054470284992943624e-02 9.899999999999985478e-01 1.443289932012703503e-15 4.774494999999999709e+04 2.884919684757272535e+03 4.233400000000000000e+04 5.539000000000000000e+04
5.559917313492238750e-02 9.899999999999985478e-01 1.443289932012703503e-15 4.658220999999999913e+04 2.612005988871388581e+03 4.137900000000000000e+04 5.225100000000000000e+04
6.115909044841463110e-02 9.899999999999985478e-01 1.443289932012703503e-15 4.591423999999999796e+04 2.487882557999874280e+03 4.084500000000000000e+04 5.174000000000000000e+04
6.727499949325610462e-02 9.899999999999985478e-01 1.443289932012703503e-15 4.544583000000000175e+04 2.401135814796821705e+03 4.013400000000000000e+04 5.135600000000000000e+04
7.400249944258172063e-02 9.899999999999985478e-01 1.443289932012703503e-15 4.443879000000000087e+04 2.513595784110882505e+03 3.963800000000000000e+04 5.164500000000000000e+04
8.140274938683990380e-02 9.899999999999985478e-01 1.443289932012703503e-15 4.362647000000000116e+04 2.477967701383535314e+03 3.817900000000000000e+04 4.968400000000000000e+04
8.954302432552389834e-02 9.899999999999985478e-01 1.443289932012703503e-15 4.322198000000000320e+04 2.375125929208807065e+03 3.914700000000000000e+04 5.011100000000000000e+04
9.849732675807629234e-02 9.899999999999985478e-01 1.443289932012703503e-15 4.272866000000000349e+04 2.385350008782778332e+03 3.855600000000000000e+04 4.931100000000000000e+04
1.083470594338839244e-01 9.899999999999985478e-01 1.443289932012703503e-15 4.234727999999999884e+04 2.257423739930100055e+03 3.860500000000000000e+04 5.173200000000000000e+04
1.191817653772723196e-01 9.899999999999985478e-01 1.443289932012703503e-15 4.133884999999999854e+04 2.124687117554017732e+03 3.647000000000000000e+04 4.827600000000000000e+04
1.310999419149995737e-01 9.899999999999985478e-01 1.443289932012703503e-15 4.084183000000000175e+04 2.696180328001078124e+03 3.642800000000000000e+04 4.881600000000000000e+04
1.442099361064995422e-01 9.899999999999985478e-01 1.443289932012703503e-15 4.033427999999999884e+04 2.256981577594287955e+03 3.601300000000000000e+04 4.601200000000000000e+04
1.586309297171495103e-01 9.899999999999985478e-01 1.443289932012703503e-15 4.019665000000000146e+04 2.127679789700508081e+03 3.569900000000000000e+04 4.459800000000000000e+04
1.744940226888644641e-01 9.899999999999985478e-01 1.443289932012703503e-15 3.982522000000000116e+04 2.552328699756361402e+03 3.535500000000000000e+04 5.027900000000000000e+04
1.919434249577509355e-01 9.899999999999985478e-01 1.443289932012703503e-15 3.888430000000000291e+04 2.335836409083478884e+03 3.419100000000000000e+04 4.548500000000000000e+04
2.111377674535260540e-01 9.899999999999985478e-01 1.443289932012703503e-15 3.819523999999999796e+04 2.231307151066388087e+03 3.438400000000000000e+04 4.580300000000000000e+04
2.322515441988786677e-01 9.899999999999985478e-01 1.443289932012703503e-15 3.769808000000000175e+04 2.143677366956137575e+03 3.399800000000000000e+04 4.591900000000000000e+04
2.554766986187665401e-01 9.899999999999985478e-01 1.443289932012703503e-15 3.731004000000000087e+04 1.918840404619415040e+03 3.394000000000000000e+04 4.291100000000000000e+04
2.810243684806432163e-01 9.899999999999985478e-01 1.443289932012703503e-15 3.675031999999999971e+04 2.164177584580341318e+03 3.316100000000000000e+04 4.674700000000000000e+04
3.091268053287075657e-01 9.899999999999985478e-01 1.443289932012703503e-15 3.656362000000000262e+04 2.135286982023727887e+03 3.260500000000000000e+04 4.495700000000000000e+04
3.400394858615783389e-01 9.899999999999985478e-01 1.443289932012703503e-15 3.626345999999999913e+04 2.192662506725556341e+03 3.229200000000000000e+04 4.753700000000000000e+04
3.740434344477361894e-01 9.899999999999985478e-01 1.443289932012703503e-15 3.541326000000000204e+04 1.481436469241931263e+03 3.245000000000000000e+04 3.961900000000000000e+04
4.114477778925098583e-01 9.899999999999985478e-01 1.443289932012703503e-15 3.541570999999999913e+04 1.664857893605336812e+03 3.147800000000000000e+04 4.219100000000000000e+04
4.525925556817608775e-01 9.899999999999985478e-01 1.443289932012703503e-15 3.510618000000000029e+04 1.673326903984992441e+03 3.129900000000000000e+04 3.919500000000000000e+04
4.978518112499369930e-01 9.899999999999985478e-01 1.443289932012703503e-15 3.502147000000000116e+04 2.061721166671186438e+03 3.116200000000000000e+04 4.340700000000000000e+04
5.476369923749306867e-01 9.899999999999985478e-01 1.443289932012703503e-15 3.532918000000000029e+04 2.104386197350666862e+03 3.148600000000000000e+04 4.242500000000000000e+04
6.024006916124238220e-01 9.899999999999985478e-01 1.443289932012703503e-15 3.492073999999999796e+04 2.044503370601281176e+03 3.163600000000000000e+04 4.111300000000000000e+04
6.626407607736662930e-01 9.899999999999985478e-01 1.443289932012703503e-15 3.422641000000000349e+04 1.911792510158986943e+03 3.053300000000000000e+04 4.108900000000000000e+04
7.289048368510330222e-01 9.899999999999985478e-01 1.443289932012703503e-15 3.448977999999999884e+04 2.281217699300090771e+03 3.099200000000000000e+04 4.281600000000000000e+04
8.017953205361363356e-01 9.899999999999985478e-01 1.443289932012703503e-15 3.445844000000000233e+04 2.228948044796019985e+03 3.104000000000000000e+04 4.778700000000000000e+04
8.819748525897500580e-01 9.899999999999985478e-01 1.443289932012703503e-15 3.454020999999999913e+04 1.868336657537928659e+03 3.097700000000000000e+04 4.292400000000000000e+04
9.701723378487251415e-01 9.899999999999985478e-01 1.443289932012703503e-15 3.449831999999999971e+04 2.065653992710299008e+03 3.067800000000000000e+04 4.230300000000000000e+04
9.801723378487251503e-01 9.899999999999985478e-01 1.443289932012703503e-15 3.473266999999999825e+04 1.933253098044847320e+03 3.154200000000000000e+04 4.261300000000000000e+04
9.901723378487251592e-01 9.899999999999985478e-01 1.443289932012703503e-15 3.435633999999999651e+04 1.665820123662816059e+03 3.093000000000000000e+04 3.973600000000000000e+04
1.000172337848725057e+00 9.899999999999985478e-01 1.443289932012703503e-15 3.392637999999999738e+04 1.646293198552433068e+03 3.118100000000000000e+04 4.050000000000000000e+04
