1.000000000000000021e-02 9.899999999999985478e-01 1.443289932012703503e-15 4.351208999999999651e+04 3.000330852072817834e+03 3.672200000000000000e+04 5.146700000000000000e+04
1.100000000000000110e-02 9.899999999999985478e-01 1.443289932012703503e-15 4.235618000000000029e+04 2.543078722257727804e+03 3.695800000000000000e+04 4.923100000000000000e+04
1.210000000000000138e-02 9.899999999999985478e-01 1.443289932012703503e-15 4.134927999999999884e+04 2.978693656890550756e+03 3.456100000000000000e+04 5.188100000000000000e+04
1.331000000000000238e-02 9.899999999999985478e-01 1.443289932012703503e-15 4.052416999999999825e+04 2.421811132417224599e+03 3.484800000000000000e+04 4.561200000000000000e+04
1.464100000000000297e-02 9.899999999999985478e-01 1.443289932012703503e-15 4.018887000000000262e+04 2.690437758637057868e+03 3.373900000000000000e+04 4.896400000000000000e+04
1.610510000000000413e-02 9.899999999999985478e-01 1.443289932012703503e-15 3.902651000000000204e+04 3.046863697295957991e+03 3.276700000000000000e+04 5.003900000000000000e+04
1.771561000000000663e-02 9.899999999999985478e-01 1.443289932012703503e-15 3.824365000000000146e+04 2.505816024272332015e+03 3.279900000000000000e+04 4.606000000000000000e+04
1.948717100000000799e-02 9.899999999999985478e-01 1.443289932012703503e-15 3.738569999999999709e+04 2.263745146874974580e+03 3.339800000000000000e+04 4.309700000000000000e+04
2.143588810000001191e-02 9.899999999999985478e-01 1.443289932012703503e-15 3.680608999999999651e+04 2.185062027014336309e+03 3.054800000000000000e+04 4.217600000000000000e+04
2.357947691000001483e-02 9.899999999999985478e-01 1.443289932012703503e-15 3.594050000000000000e+04 2.451874884654598191e+03 3.127300000000000000e+04 4.263100000000000000e+04
2.593742460100001770e-02 9.899999999999985478e-01 1.443289932012703503e-15 3.488830000000000291e+04 2.317485777734137173e+03 3.003800000000000000e+04 4.119200000000000000e+04
2.853116706110002052e-02 9.899999999999985478e-01 1.443289932012703503e-15 3.395611000000000058e+04 2.281961191146773217e+03 2.921500000000000000e+04 3.903800000000000000e+04
3.138428376721002361e-02 9.899999999999985478e-01 1.443289932012703503e-15 3.308323999999999796e+04 2.247264648945468252e+03 2.850500000000000000e+04 3.916600000000000000e+04
3.452271214393103083e-02 9.899999999999985478e-01 1.443289932012703503e-15 3.272111999999999898e+04 1.766052809402934827e+03 2.809500000000000000e+04 3.695900000000000000e+04
3.797498335832413807e-02 9.899999999999985478e-01 1.443289932012703503e-15 3.169440999999999985e+04 2.170495483040681393e+03 2.793900000000000000e+04 3.963300000000000000e+04
4.177248169415655188e-02 9.899999999999985478e-01 1.443289932012703503e-15 3.146179000000000087e+04 1.807722828837430370e+03 2.603200000000000000e+04 3.637100000000000000e+04
4.594972986357220845e-02 9.899999999999985478e-01 1.443289932012703503e-15 3.039054999999999927e+04 1.866668804983894006e+03 2.685700000000000000e+04 3.695200000000000000e+04
5.054470284992943624e-02 9.899999999999985478e-01 1.443289932012703503e-15 2.951643999999999869e+04 1.756330392152911372e+03 2.629500000000000000e+04 3.369800000000000000e+04
5.559917313492238750e-02 9.899999999999985478e-01 1.443289932012703503e-15 2.893729000000000087e+04 1.733952855731665977e+03 2.587100000000000000e+04 3.354000000000000000e+04
6.115909044841463110e-02 9.899999999999985478e-01 1.443289932012703503e-15 2.815397000000000116e+04 1.658209880895660490e+03 2.447300000000000000e+04 3.402500000000000000e+04
6.727499949325610462e-02 9.899999999999985478e-01 1.443289932012703503e-15 2.791197999999999956e+04 1.783541577760383916e+03 2.352400000000000000e+04 3.403800000000000000e+04
7.400249944258172063e-02 9.899999999999985478e-01 1.443289932012703503e-15 2.707195000000000073e+04 1.598611462332233032e+03 2.380200000000000000e+04 3.263400000000000000e+04
8.140274938683990380e-02 9.899999999999985478e-01 1.443289932012703503e-15 2.652161000000000058e+04 1.437251334283604137e+03 2.252400000000000000e+04 3.007600000000000000e+04
8.954302432552389834e-02 9.899999999999985478e-01 1.443289932012703503e-15 2.569859999999999854e+04 1.352114714068299691e+03 2.270700000000000000e+04 3.019500000000000000e+04
9.849732675807629234e-02 9.899999999999985478e-01 1.443289932012703503e-15 2.550184999999999854e+04 1.304956837408808951e+03 2.317100000000000000e+04 2.943600000000000000e+04
1.083470594338839244e-01 9.899999999999985478e-01 1.443289932012703503e-15 2.475102999999999884e+04 1.421918573301580182e+03 2.134700000000000000e+04 2.854700000000000000e+04
1.191817653772723196e-01 9.899999999999985478e-01 1.443289932012703503e-15 2.426570000000000073e+04 1.308591529087667595e+03 2.162300000000000000e+04 2.779500000000000000e+04
1.310999419149995737e-01 9.899999999999985478e-01 1.443289932012703503e-15 2.349238000000000102e+04 1.193949335440997629e+03 2.111700000000000000e+04 2.689500000000000000e+04
1.442099361064995422e-01 9.899999999999985478e-01 1.443289932012703503e-15 2.307199000000000160e+04 1.128416053545854311e+03 2.044200000000000000e+04 2.710100000000000000e+04
1.586309297171495103e-01 9.899999999999985478e-01 1.443289932012703503e-15 2.250638000000000102e+04 1.137485391378720124e+03 1.968400000000000000e+04 2.531600000000000000e+04
1.744940226888644641e-01 9.899999999999985478e-01 1.443289932012703503e-15 2.197229999999999927e+04 1.058406939697581493e+03 1.984500000000000000e+04 2.564000000000000000e+04
1.919434249577509355e-01 9.899999999999985478e-01 1.443289932012703503e-15 2.160384999999999854e+04 9.604477015954588524e+02 1.925300000000000000e+04 2.493900000000000000e+04
2.111377674535260540e-01 9.899999999999985478e-01 1.443289932012703503e-15 2.142404000000000087e+04 1.191908099813068702e+03 1.943900000000000000e+04 2.538500000000000000e+04
2.322515441988786677e-01 9.899999999999985478e-01 1.443289932012703503e-15 2.066211999999999898e+04 8.214611771715082114e+02 1.851500000000000000e+04 2.295000000000000000e+04
2.554766986187665401e-01 9.899999999999985478e-01 1.443289932012703503e-15 2.032595000000000073e+04 9.160398613051726215e+02 1.820400000000000000e+04 2.319800000000000000e+04
2.810243684806432163e-01 9.899999999999985478e-01 1.443289932012703503e-15 1.988547999999999956e+04 8.013931055356042634e+02 1.847200000000000000e+04 2.271700000000000000e+04
3.091268053287075657e-01 9.899999999999985478e-01 1.443289932012703503e-15 1.958086000000000058e+04 7.461226041341999462e+02 1.817600000000000000e+04 2.128200000000000000e+04
3.400394858615783389e-01 9.899999999999985478e-01 1.443289932012703503e-15 1.923468999999999869e+04 7.814241446871218386e+02 1.716900000000000000e+04 2.130500000000000000e+04
3.740434344477361894e-01 9.899999999999985478e-01 1.443289932012703503e-15 1.893388999999999942e+04 8.173066119272497190e+02 1.736000000000000000e+04 2.135300000000000000e+04
4.114477778925098583e-01 9.899999999999985478e-01 1.443289932012703503e-15 1.866318000000000029e+04 7.929579103584248969e+02 1.737300000000000000e+04 2.143600000000000000e+04
4.525925556817608775e-01 9.899999999999985478e-01 1.443289932012703503e-15 1.843040000000000146e+04 6.910328067465393360e+02 1.687800000000000000e+04 2.063800000000000000e+04
4.978518112499369930e-01 9.899999999999985478e-01 1.443289932012703503e-15 1.824186999999999898e+04 7.124329253340274590e+02 1.690100000000000000e+04 2.071900000000000000e+04
5.476369923749306867e-01 9.899999999999985478e-01 1.443289932012703503e-15 1.804061999999999898e+04 7.205791251486543842e+02 1.626500000000000000e+04 1.996200000000000000e+04
6.024006916124238220e-01 9.899999999999985478e-01 1.443289932012703503e-15 1.791808000000000175e+04 7.188308796928522497e+02 1.646300000000000000e+04 2.059400000000000000e+04
6.626407607736662930e-01 9.899999999999985478e-01 1.443289932012703503e-15 1.774820999999999913e+04 7.594096298441309045e+02 1.632900000000000000e+04 1.991800000000000000e+04
7.289048368510330222e-01 9.899999999999985478e-01 1.443289932012703503e-15 1.775984000000000015e+04 7.244161058397306761e+02 1.616100000000000000e+04 1.989900000000000000e+04
8.017953205361363356e-01 9.899999999999985478e-01 1.443289932012703503e-15 1.778633000000000175e+04 6.481788341962424056e+02 1.658300000000000000e+04 1.986200000000000000e+04
8.819748525897500580e-01 9.899999999999985478e-01 1.443289932012703503e-15 1.763768000000000029e+04 6.396696316068163242e+02 1.614500000000000000e+04 1.917300000000000000e+04
9.701723378487251415e-01 9.899999999999985478e-01 1.443289932012703503e-15 1.768402000000000044e+04 5.730421097964790533e+02 1.626100000000000000e+04 1.932900000000000000e+04
9.801723378487251503e-01 9.899999999999985478e-01 1.443289932012703503e-15 1.758318000000000029e+04 5.564733485082641664e+02 1.647200000000000000e+04 1.920100000000000000e+04
9.901723378487251592e-01 9.899999999999985478e-01 1.443289932012703503e-15 1.757075999999999840e+04 7.171298225565576558e+02 1.586200000000000000e+04 1.992300000000000000e+04
1.000172337848725057e+00 9.899999999999985478e-01 1.443289932012703503e-15 1.756193999999999869e+04 7.327127789250026808e+02 1.619800000000000000e+04 1.986000000000000000e+04
