1.000000000000000021e-02 9.899999999999985478e-01 1.443289932012703503e-15 5.349931999999999971e+04 3.279961834777959211e+03 4.483400000000000000e+04 6.157500000000000000e+04
1.100000000000000110e-02 9.899999999999985478e-01 1.443289932012703503e-15 5.220766999999999825e+04 3.706221531573632546e+03 4.425300000000000000e+04 6.227800000000000000e+04
1.210000000000000138e-02 9.899999999999985478e-01 1.443289932012703503e-15 5.069750000000000000e+04 3.711822435138836227e+03 4.494600000000000000e+04 6.157400000000000000e+04
1.331000000000000238e-02 9.899999999999985478e-01 1.443289932012703503e-15 5.079859999999999854e+04 4.442729651914462920e+03 4.208500000000000000e+04 6.354300000000000000e+04
1.464100000000000297e-02 9.899999999999985478e-01 1.443289932012703503e-15 5.027001000000000204e+04 3.322711728377892541e+03 4.350800000000000000e+04 5.988100000000000000e+04
1.610510000000000413e-02 9.899999999999985478e-01 1.443289932012703503e-15 4.851138999999999942e+04 3.614893425524464874e+03 4.133700000000000000e+04 5.820500000000000000e+04
1.771561000000000663e-02 9.899999999999985478e-01 1.443289932012703503e-15 4.797116999999999825e+04 3.703964127944545908e+03 3.954800000000000000e+04 5.906700000000000000e+04
1.948717100000000799e-02 9.899999999999985478e-01 1.443289932012703503e-15 4.768516999999999825e+04 3.931997662906223013e+03 3.938500000000000000e+04 6.517100000000000000e+04
2.143588810000001191e-02 9.899999999999985478e-01 1.443289932012703503e-15 4.679522000000000116e+04 3.274912284565802111e+03 3.886700000000000000e+04 5.488000000000000000e+04
2.357947691000001483e-02 9.899999999999985478e-01 1.443289932012703503e-15 4.525305999999999767e+04 3.112994496686430011e+03 3.993000000000000000e+04 5.648800000000000000e+04
2.593742460100001770e-02 9.899999999999985478e-01 1.443289932012703503e-15 4.434087999999999738e+04 3.233012855774006766e+03 3.536500000000000000e+04 5.309000000000000000e+04
2.853116706110002052e-02 9.899999999999985478e-01 1.443289932012703503e-15 4.385455999999999767e+04 3.163546627821376205e+03 3.782900000000000000e+04 5.264700000000000000e+04
3.138428376721002361e-02 9.899999999999985478e-01 1.443289932012703503e-15 4.346230000000000291e+04 3.472745920737651886e+03 3.736000000000000000e+04 5.591200000000000000e+04
3.452271214393103083e-02 9.899999999999985478e-01 1.443289932012703503e-15 4.188262999999999738e+04 2.971168869838939827e+03 3.543300000000000000e+04 5.127600000000000000e+04
3.797498335832413807e-02 9.899999999999985478e-01 1.443289932012703503e-15 4.081637999999999738e+04 2.763669230497745502e+03 3.553300000000000000e+04 4.949400000000000000e+04
4.177248169415655188e-02 9.899999999999985478e-01 1.443289932012703503e-15 4.059858999999999651e+04 3.327530811562832241e+03 3.406400000000000000e+04 4.882100000000000000e+04
4.594972986357220845e-02 9.899999999999985478e-01 1.443289932012703503e-15 3.975922000000000116e+04 2.395352118499490643e+03 3.467500000000000000e+04 4.580800000000000000e+04
5.054470284992943624e-02 9.899999999999985478e-01 1.443289932012703503e-15 3.898319000000000233e+04 2.873889046901428628e+03 3.179100000000000000e+04 4.561400000000000000e+04
5.559917313492238750e-02 9.899999999999985478e-01 1.443289932012703503e-15 3.832577999999999884e+04 2.729332693461901727e+03 3.323900000000000000e+04 4.630300000000000000e+04
6.115909044841463110e-02 9.899999999999985478e-01 1.443289932012703503e-15 3.757381999999999971e+04 2.899819002558607735e+03 3.188000000000000000e+04 4.946200000000000000e+04
6.727499949325610462e-02 9.899999999999985478e-01 1.443289932012703503e-15 3.714262999999999738e+04 2.576387353077948774e+03 3.084600000000000000e+04 4.381200000000000000e+04
7.400249944258172063e-02 9.899999999999985478e-01 1.443289932012703503e-15 3.555108000000000175e+04 2.446161878044868899e+03 3.011200000000000000e+04 4.184000000000000000e+04
8.140274938683990380e-02 9.899999999999985478e-01 1.443289932012703503e-15 3.572008999999999651e+04 2.394886862025010487e+03 3.159000000000000000e+04 4.181400000000000000e+04
8.954302432552389834e-02 9.899999999999985478e-01 1.443289932012703503e-15 3.461343000000000029e+04 2.244581262752587918e+03 3.003100000000000000e+04 4.062200000000000000e+04
9.849732675807629234e-02 9.899999999999985478e-01 1.443289932012703503e-15 3.467111000000000058e+04 2.649140097824197710e+03 3.023400000000000000e+04 4.371400000000000000e+04
1.083470594338839244e-01 9.899999999999985478e-01 1.443289932012703503e-15 3.368680999999999767e+04 2.685201041616809562e+03 2.740800000000000000e+04 4.047300000000000000e+04
1.191817653772723196e-01 9.899999999999985478e-01 1.443289932012703503e-15 3.306894000000000233e+04 2.332187568871765961e+03 2.923200000000000000e+04 4.181400000000000000e+04
1.310999419149995737e-01 9.899999999999985478e-01 1.443289932012703503e-15 3.249777000000000044e+04 2.149696531396932187e+03 2.851400000000000000e+04 3.883500000000000000e+04
1.442099361064995422e-01 9.899999999999985478e-01 1.443289932012703503e-15 3.182804999999999927e+04 1.991518548118495801e+03 2.822600000000000000e+04 3.735900000000000000e+04
1.586309297171495103e-01 9.899999999999985478e-01 1.443289932012703503e-15 3.163843000000000029e+04 2.275492123717416689e+03 2.676600000000000000e+04 3.810700000000000000e+04
1.744940226888644641e-01 9.899999999999985478e-01 1.443289932012703503e-15 3.053315000000000146e+04 2.161057118055883166e+03 2.615300000000000000e+04 3.669300000000000000e+04
1.919434249577509355e-01 9.899999999999985478e-01 1.443289932012703503e-15 3.021233000000000175e+04 2.083215759613007776e+03 2.657900000000000000e+04 3.543700000000000000e+04
2.111377674535260540e-01 9.899999999999985478e-01 1.443289932012703503e-15 2.960320000000000073e+04 2.148198468484697514e+03 2.581200000000000000e+04 3.690300000000000000e+04
2.322515441988786677e-01 9.899999999999985478e-01 1.443289932012703503e-15 2.922279000000000087e+04 1.845474618058997066e+03 2.544800000000000000e+04 3.415400000000000000e+04
2.554766986187665401e-01 9.899999999999985478e-01 1.443289932012703503e-15 2.900250000000000000e+04 1.899568185141033609e+03 2.549200000000000000e+04 3.446700000000000000e+04
2.810243684806432163e-01 9.899999999999985478e-01 1.443289932012703503e-15 2.887924000000000160e+04 2.681178394363194457e+03 2.506100000000000000e+04 4.141400000000000000e+04
3.091268053287075657e-01 9.899999999999985478e-01 1.443289932012703503e-15 2.813761999999999898e+04 2.138828641008904924e+03 2.418300000000000000e+04 3.860400000000000000e+04
3.400394858615783389e-01 9.899999999999985478e-01 1.443289932012703503e-15 2.782483000000000175e+04 1.819086600769737743e+03 2.432500000000000000e+04 3.308200000000000000e+04
3.740434344477361894e-01 9.899999999999985478e-01 1.443289932012703503e-15 2.752904000000000087e+04 1.964133167175789595e+03 2.417200000000000000e+04 3.288000000000000000e+04
4.114477778925098583e-01 9.899999999999985478e-01 1.443289932012703503e-15 2.748327999999999884e+04 1.990349828949674702e+03 2.454700000000000000e+04 3.725500000000000000e+04
4.525925556817608775e-01 9.899999999999985478e-01 1.443289932012703503e-15 2.685447000000000116e+04 2.155722711551743032e+03 2.366500000000000000e+04 3.580700000000000000e+04
4.978518112499369930e-01 9.899999999999985478e-01 1.443289932012703503e-15 2.663763000000000102e+04 2.183934708982848406e+03 2.330400000000000000e+04 3.287300000000000000e+04
5.476369923749306867e-01 9.899999999999985478e-01 1.443289932012703503e-15 2.611393999999999869e+04 1.463929409636954006e+03 2.348600000000000000e+04 3.159600000000000000e+04
6.024006916124238220e-01 9.899999999999985478e-01 1.443289932012703503e-15 2.616472999999999956e+04 2.007346112931200196e+03 2.335700000000000000e+04 3.457300000000000000e+04
6.626407607736662930e-01 9.899999999999985478e-01 1.443289932012703503e-15 2.602540000000000146e+04 1.771161675285461115e+03 2.283700000000000000e+04 3.369000000000000000e+04
7.289048368510330222e-01 9.899999999999985478e-01 1.443289932012703503e-15 2.575025000000000000e+04 1.734973782943131255e+03 2.243700000000000000e+04 3.322600000000000000e+04
8.017953205361363356e-01 9.899999999999985478e-01 1.443289932012703503e-15 2.603697999999999956e+04 1.915423718032121997e+03 2.267000000000000000e+04 3.220700000000000000e+04
8.819748525897500580e-01 9.899999999999985478e-01 1.443289932012703503e-15 2.611811999999999898e+04 2.029746029827377015e+03 2.207500000000000000e+04 3.483500000000000000e+04
9.701723378487251415e-01 9.899999999999985478e-01 1.443289932012703503e-15 2.584670999999999913e+04 1.816928057436507061e+03 2.260100000000000000e+04 3.255700000000000000e+04
9.801723378487251503e-01 9.899999999999985478e-01 1.443289932012703503e-15 2.586300999999999840e+04 1.553874386782921192e+03 2.232600000000000000e+04 3.160100000000000000e+04
9.901723378487251592e-01 9.899999999999985478e-01 1.443289932012703503e-15 2.584336000000000058e+04 1.816166663717842994e+03 2.270300000000000000e+04 3.142000000000000000e+04
1.000172337848725057e+00 9.899999999999985478e-01 1.443289932012703503e-15 2.603511000000000058e+04 2.343923799507995682e+03 2.292200000000000000e+04 3.777700000000000000e+04
