1.000000000000000021e-02 9.899999999999985478e-01 1.443289932012703503e-15 5.433334999999999854e+04 4.403774865669224710e+03 4.593500000000000000e+04 6.420800000000000000e+04
1.100000000000000110e-02 9.899999999999985478e-01 1.443289932012703503e-15 5.377216000000000349e+04 3.835433218607775416e+03 4.454500000000000000e+04 6.434700000000000000e+04
1.210000000000000138e-02 9.899999999999985478e-01 1.443289932012703503e-15 5.246640000000000146e+04 3.639509752700217177e+03 4.501900000000000000e+04 6.164100000000000000e+04
1.331000000000000238e-02 9.899999999999985478e-01 1.443289932012703503e-15 5.159729000000000087e+04 3.836219246328343615e+03 4.361200000000000000e+04 6.239400000000000000e+04
1.464100000000000297e-02 9.899999999999985478e-01 1.443289932012703503e-15 5.054023999999999796e+04 3.792307828011856145e+03 4.199100000000000000e+04 5.992800000000000000e+04
1.610510000000000413e-02 9.899999999999985478e-01 1.443289932012703503e-15 4.966487000000000262e+04 3.126253152433435844e+03 4.342700000000000000e+04 6.049000000000000000e+04
1.771561000000000663e-02 9.899999999999985478e-01 1.443289932012703503e-15 4.930263999999999942e+04 3.216435426120040120e+03 4.015900000000000000e+04 5.904000000000000000e+04
1.948717100000000799e-02 9.899999999999985478e-01 1.443289932012703503e-15 4.835131999999999971e+04 3.290650695166535115e+03 4.166700000000000000e+04 5.639800000000000000e+04
2.143588810000001191e-02 9.899999999999985478e-01 1.443289932012703503e-15 4.740738999999999942e+04 3.037010111590015640e+03 4.150800000000000000e+04 5.589400000000000000e+04
2.357947691000001483e-02 9.899999999999985478e-01 1.443289932012703503e-15 4.601029000000000087e+04 3.387985177933928753e+03 3.979000000000000000e+04 5.990600000000000000e+04
2.593742460100001770e-02 9.899999999999985478e-01 1.443289932012703503e-15 4.533108000000000175e+04 3.098954487177893498e+03 3.950500000000000000e+04 5.360600000000000000e+04
2.853116706110002052e-02 9.899999999999985478e-01 1.443289932012703503e-15 4.556908999999999651e+04 3.511157071664552404e+03 3.871600000000000000e+04 5.794600000000000000e+04
3.138428376721002361e-02 9.899999999999985478e-01 1.443289932012703503e-15 4.417641999999999825e+04 3.269114024257949040e+03 3.636800000000000000e+04 5.230500000000000000e+04
3.452271214393103083e-02 9.899999999999985478e-01 1.443289932012703503e-15 4.253976999999999680e+04 2.555208331447751334e+03 3.643600000000000000e+04 5.224900000000000000e+04
3.797498335832413807e-02 9.899999999999985478e-01 1.443289932012703503e-15 4.269661000000000058e+04 3.300001539075398796e+03 3.508100000000000000e+04 5.375100000000000000e+04
4.177248169415655188e-02 9.899999999999985478e-01 1.443289932012703503e-15 4.231529000000000087e+04 2.694153177883544686e+03 3.656300000000000000e+04 5.155300000000000000e+04
4.594972986357220845e-02 9.899999999999985478e-01 1.443289932012703503e-15 4.197426000000000204e+04 3.315721389441519477e+03 3.434500000000000000e+04 5.214600000000000000e+04
5.054470284992943624e-02 9.899999999999985478e-01 1.443289932012703503e-15 4.050259999999999854e+04 2.761825899654068053e+03 3.518400000000000000e+04 4.975200000000000000e+04
5.559917313492238750e-02 9.899999999999985478e-01 1.443289932012703503e-15 3.985633999999999651e+04 2.517684667387876289e+03 3.397300000000000000e+04 4.728800000000000000e+04
6.115909044841463110e-02 9.899999999999985478e-01 1.443289932012703503e-15 3.953847000000000116e+04 2.719865921162292125e+03 3.384300000000000000e+04 4.728200000000000000e+04
6.727499949325610462e-02 9.899999999999985478e-01 1.443289932012703503e-15 3.790141999999999825e+04 2.452370812825825851e+03 3.276700000000000000e+04 4.606400000000000000e+04
7.400249944258172063e-02 9.899999999999985478e-01 1.443289932012703503e-15 3.793130000000000291e+04 2.570258125169532377e+03 3.315600000000000000e+04 4.930600000000000000e+04
8.140274938683990380e-02 9.899999999999985478e-01 1.443289932012703503e-15 3.755943000000000029e+04 3.001844044100225801e+03 3.155100000000000000e+04 4.561900000000000000e+04
8.954302432552389834e-02 9.899999999999985478e-01 1.443289932012703503e-15 3.701608999999999651e+04 2.449671019116648495e+03 3.221800000000000000e+04 4.317400000000000000e+04
9.849732675807629234e-02 9.899999999999985478e-01 1.443289932012703503e-15 3.599852999999999884e+04 2.867729783138571293e+03 3.063400000000000000e+04 4.812100000000000000e+04
1.083470594338839244e-01 9.899999999999985478e-01 1.443289932012703503e-15 3.544550000000000000e+04 2.289491290658254457e+03 3.097100000000000000e+04 4.130100000000000000e+04
1.191817653772723196e-01 9.899999999999985478e-01 1.443289932012703503e-15 3.445241000000000349e+04 2.424944560582777285e+03 3.077400000000000000e+04 4.324200000000000000e+04
1.310999419149995737e-01 9.899999999999985478e-01 1.443289932012703503e-15 3.385743000000000029e+04 2.062807743125858906e+03 2.900700000000000000e+04 3.970200000000000000e+04
1.442099361064995422e-01 9.899999999999985478e-01 1.443289932012703503e-15 3.367005999999999767e+04 2.335745687441164591e+03 2.858000000000000000e+04 4.147700000000000000e+04
1.586309297171495103e-01 9.899999999999985478e-01 1.443289932012703503e-15 3.284980999999999767e+04 2.109968652350076809e+03 2.949800000000000000e+04 3.976300000000000000e+04
1.744940226888644641e-01 9.899999999999985478e-01 1.443289932012703503e-15 3.224624000000000160e+04 2.022022344683659185e+03 2.832900000000000000e+04 3.822600000000000000e+04
1.919434249577509355e-01 9.899999999999985478e-01 1.443289932012703503e-15 3.189404999999999927e+04 2.168502807814644711e+03 2.766900000000000000e+04 4.066700000000000000e+04
2.111377674535260540e-01 9.899999999999985478e-01 1.443289932012703503e-15 3.131075999999999840e+04 2.207354802110435685e+03 2.715300000000000000e+04 4.170900000000000000e+04
2.322515441988786677e-01 9.899999999999985478e-01 1.443289932012703503e-15 3.110661999999999898e+04 2.281792285813939088e+03 2.722000000000000000e+04 3.867000000000000000e+04
2.554766986187665401e-01 9.899999999999985478e-01 1.443289932012703503e-15 3.053152999999999884e+04 1.837507542596764551e+03 2.704600000000000000e+04 3.520800000000000000e+04
2.810243684806432163e-01 9.899999999999985478e-01 1.443289932012703503e-15 3.060006000000000131e+04 2.183334783399009211e+03 2.720100000000000000e+04 3.694500000000000000e+04
3.091268053287075657e-01 9.899999999999985478e-01 1.443289932012703503e-15 2.962902000000000044e+04 2.045108754956566827e+03 2.627300000000000000e+04 3.925800000000000000e+04
3.400394858615783389e-01 9.899999999999985478e-01 1.443289932012703503e-15 2.937434000000000015e+04 2.092954897841804723e+03 2.554500000000000000e+04 3.870700000000000000e+04
3.740434344477361894e-01 9.899999999999985478e-01 1.443289932012703503e-15 2.897758000000000175e+04 1.883131255011185431e+03 2.532900000000000000e+04 3.553300000000000000e+04
4.114477778925098583e-01 9.899999999999985478e-01 1.443289932012703503e-15 2.881127999999999884e+04 1.887323830613072232e+03 2.511300000000000000e+04 3.440700000000000000e+04
4.525925556817608775e-01 9.899999999999985478e-01 1.443289932012703503e-15 2.858997999999999956e+04 1.666670153209686987e+03 2.512800000000000000e+04 3.251800000000000000e+04
4.978518112499369930e-01 9.899999999999985478e-01 1.443289932012703503e-15 2.854379999999999927e+04 1.865755096468986949e+03 2.538800000000000000e+04 3.560600000000000000e+04
5.476369923749306867e-01 9.899999999999985478e-01 1.443289932012703503e-15 2.783947000000000116e+04 1.898984778532993232e+03 2.457000000000000000e+04 3.486100000000000000e+04
6.024006916124238220e-01 9.899999999999985478e-01 1.443289932012703503e-15 2.797509999999999854e+04 1.760173943109032280e+03 2.480500000000000000e+04 3.375200000000000000e+04
6.626407607736662930e-01 9.899999999999985478e-01 1.443289932012703503e-15 2.803831999999999971e+04 1.842018685464401415e+03 2.508800000000000000e+04 3.266900000000000000e+04
7.289048368510330222e-01 9.899999999999985478e-01 1.443289932012703503e-15 2.821286000000000058e+04 2.203518078074241657e+03 2.426400000000000000e+04 3.836200000000000000e+04
8.017953205361363356e-01 9.899999999999985478e-01 1.443289932012703503e-15 2.802020000000000073e+04 1.919145877727902189e+03 2.478300000000000000e+04 3.441800000000000000e+04
8.819748525897500580e-01 9.899999999999985478e-01 1.443289932012703503e-15 2.795793000000000029e+04 1.944909680447912706e+03 2.463700000000000000e+04 3.436300000000000000e+04
9.701723378487251415e-01 9.899999999999985478e-01 1.443289932012703503e-15 2.793118999999999869e+04 2.269519159183284046e+03 2.480300000000000000e+04 3.640400000000000000e+04
9.801723378487251503e-01 9.899999999999985478e-01 1.443289932012703503e-15 2.769125999999999840e+04 1.846121109895014342e+03 2.477700000000000000e+04 3.446400000000000000e+04
9.901723378487251592e-01 9.899999999999985478e-01 1.443289932012703503e-15 2.798981000000000131e+04 2.162628681466145736e+03 2.391600000000000000e+04 4.050200000000000000e+04
1.000172337848725057e+00 9.899999999999985478e-01 1.443289932012703503e-15 2.763186999999999898e+04 1.911251384067517165e+03 2.436200000000000000e+04 3.454800000000000000e+04
