1.000000000000000021e-02 9.899999999999985478e-01 1.443289932012703503e-15 5.758397000000000116e+04 3.908999397428962766e+03 4.701000000000000000e+04 6.692700000000000000e+04
1.100000000000000110e-02 9.899999999999985478e-01 1.443289932012703503e-15 5.658272000000000116e+04 3.482622135920002165e+03 4.955900000000000000e+04 6.567000000000000000e+04
1.210000000000000138e-02 9.899999999999985478e-01 1.443289932012703503e-15 5.631025000000000000e+04 3.799793487480602380e+03 4.672600000000000000e+04 6.704300000000000000e+04
1.331000000000000238e-02 9.899999999999985478e-01 1.443289932012703503e-15 5.571130000000000291e+04 3.939429277192320114e+03 4.675100000000000000e+04 6.637400000000000000e+04
1.464100000000000297e-02 9.899999999999985478e-01 1.443289932012703503e-15 5.382630000000000291e+04 3.699803182603095138e+03 4.584600000000000000e+04 6.418900000000000000e+04
1.610510000000000413e-02 9.899999999999985478e-01 1.443289932012703503e-15 5.305941000000000349e+04 3.943557231979777498e+03 4.666500000000000000e+04 6.606400000000000000e+04
1.771561000000000663e-02 9.899999999999985478e-01 1.443289932012703503e-15 5.216229000000000087e+04 2.853098909238864962e+03 4.585200000000000000e+04 6.170500000000000000e+04
1.948717100000000799e-02 9.899999999999985478e-01 1.443289932012703503e-15 5.124355999999999767e+04 3.315783283991883309e+03 4.461000000000000000e+04 5.959000000000000000e+04
2.143588810000001191e-02 9.899999999999985478e-01 1.443289932012703503e-15 5.004338999999999942e+04 3.713515730126910512e+03 4.251300000000000000e+04 6.206000000000000000e+04
2.357947691000001483e-02 9.899999999999985478e-01 1.443289932012703503e-15 4.923669000000000233e+04 3.124918106750958941e+03 4.190400000000000000e+04 6.070900000000000000e+04
2.593742460100001770e-02 9.899999999999985478e-01 1.443289932012703503e-15 4.892273000000000320e+04 2.931692377637873051e+03 4.324200000000000000e+04 5.567500000000000000e+04
2.853116706110002052e-02 9.899999999999985478e-01 1.443289932012703503e-15 4.834469000000000233e+04 3.067293802996380236e+03 3.902100000000000000e+04 5.520000000000000000e+04
3.138428376721002361e-02 9.899999999999985478e-01 1.443289932012703503e-15 4.763212000000000262e+04 3.475316136065897354e+03 4.119900000000000000e+04 5.688000000000000000e+04
3.452271214393103083e-02 9.899999999999985478e-01 1.443289932012703503e-15 4.580951000000000204e+04 3.088891951800839706e+03 3.912900000000000000e+04 5.579600000000000000e+04
3.797498335832413807e-02 9.899999999999985478e-01 1.443289932012703503e-15 4.536250000000000000e+04 2.836486744196066411e+03 4.073500000000000000e+04 5.455700000000000000e+04
4.177248169415655188e-02 9.899999999999985478e-01 1.443289932012703503e-15 4.467901000000000204e+04 3.103598232680898946e+03 3.922300000000000000e+04 5.741000000000000000e+04
4.594972986357220845e-02 9.899999999999985478e-01 1.443289932012703503e-15 4.440816000000000349e+04 3.170534897205832749e+03 3.915700000000000000e+04 5.460600000000000000e+04
5.054470284992943624e-02 9.899999999999985478e-01 1.443289932012703503e-15 4.400508000000000175e+04 2.754694500956502907e+03 3.783700000000000000e+04 5.246800000000000000e+04
5.559917313492238750e-02 9.899999999999985478e-01 1.443289932012703503e-15 4.250294000000000233e+04 3.033130899977777062e+03 3.625900000000000000e+04 5.099900000000000000e+04
6.115909044841463110e-02 9.899999999999985478e-01 1.443289932012703503e-15 4.246701999999999680e+04 2.722000271785438144e+03 3.745300000000000000e+04 5.051500000000000000e+04
6.727499949325610462e-02 9.899999999999985478e-01 1.443289932012703503e-15 4.155737999999999738e+04 2.917840419831077725e+03 3.635500000000000000e+04 5.175800000000000000e+04
7.400249944258172063e-02 9.899999999999985478e-01 1.443289932012703503e-15 4.049744000000000233e+04 2.659388543706993005e+03 3.570200000000000000e+04 4.856600000000000000e+04
8.140274938683990380e-02 9.899999999999985478e-01 1.443289932012703503e-15 3.997112999999999738e+04 2.416077095851868307e+03 3.526600000000000000e+04 4.743600000000000000e+04
8.954302432552389834e-02 9.899999999999985478e-01 1.443289932012703503e-15 3.911623000000000320e+04 2.204163096755773040e+03 3.503900000000000000e+04 4.401700000000000000e+04
9.849732675807629234e-02 9.899999999999985478e-01 1.443289932012703503e-15 3.902229000000000087e+04 2.442191426956536361e+03 3.477700000000000000e+04 4.812400000000000000e+04
1.083470594338839244e-01 9.899999999999985478e-01 1.443289932012703503e-15 3.809225000000000000e+04 2.522657271113141178e+03 3.366200000000000000e+04 4.859000000000000000e+04
1.191817653772723196e-01 9.899999999999985478e-01 1.443289932012703503e-15 3.743387999999999738e+04 2.144633988726281132e+03 3.293000000000000000e+04 4.222400000000000000e+04
1.310999419149995737e-01 9.899999999999985478e-01 1.443289932012703503e-15 3.708555000000000291e+04 3.012174972922389315e+03 3.280400000000000000e+04 5.265900000000000000e+04
1.442099361064995422e-01 9.899999999999985478e-01 1.443289932012703503e-15 3.656158999999999651e+04 2.204735785054526332e+03 3.244100000000000000e+04 4.305500000000000000e+04
1.586309297171495103e-01 9.899999999999985478e-01 1.443289932012703503e-15 3.556780999999999767e+04 2.079103949758165072e+03 3.152300000000000000e+04 4.083400000000000000e+04
1.744940226888644641e-01 9.899999999999985478e-01 1.443289932012703503e-15 3.504386000000000058e+04 2.237863257752806021e+03 3.103100000000000000e+04 4.244800000000000000e+04
1.919434249577509355e-01 9.899999999999985478e-01 1.443289932012703503e-15 3.457926000000000204e+04 2.049279081140487506e+03 3.051400000000000000e+04 4.024200000000000000e+04
2.111377674535260540e-01 9.899999999999985478e-01 1.443289932012703503e-15 3.418348999999999796e+04 2.037124377621553094e+03 3.017100000000000000e+04 4.061100000000000000e+04
2.322515441988786677e-01 9.899999999999985478e-01 1.443289932012703503e-15 3.369712000000000262e+04 2.055121301918697100e+03 3.053700000000000000e+04 4.049300000000000000e+04
2.554766986187665401e-01 9.899999999999985478e-01 1.443289932012703503e-15 3.339966000000000349e+04 2.065444602113549536e+03 2.907900000000000000e+04 3.861400000000000000e+04
2.810243684806432163e-01 9.899999999999985478e-01 1.443289932012703503e-15 3.313697000000000116e+04 2.190888388097394454e+03 2.846400000000000000e+04 4.215000000000000000e+04
3.091268053287075657e-01 9.899999999999985478e-01 1.443289932012703503e-15 3.273670999999999913e+04 2.104993497828437285e+03 2.900900000000000000e+04 4.071800000000000000e+04
3.400394858615783389e-01 9.899999999999985478e-01 1.443289932012703503e-15 3.214513999999999942e+04 1.882309645196560268e+03 2.875000000000000000e+04 3.833600000000000000e+04
3.740434344477361894e-01 9.899999999999985478e-01 1.443289932012703503e-15 3.178154000000000087e+04 2.253309035263471742e+03 2.759500000000000000e+04 4.145600000000000000e+04
4.114477778925098583e-01 9.899999999999985478e-01 1.443289932012703503e-15 3.137302000000000044e+04 1.894637463896457120e+03 2.808500000000000000e+04 3.696700000000000000e+04
4.525925556817608775e-01 9.899999999999985478e-01 1.443289932012703503e-15 3.123533000000000175e+04 1.706931070986758186e+03 2.833200000000000000e+04 3.805700000000000000e+04
4.978518112499369930e-01 9.899999999999985478e-01 1.443289932012703503e-15 3.098761999999999898e+04 2.132599539435381303e+03 2.733700000000000000e+04 3.737500000000000000e+04
5.476369923749306867e-01 9.899999999999985478e-01 1.443289932012703503e-15 3.139838000000000102e+04 2.170274110705834119e+03 2.805900000000000000e+04 3.730600000000000000e+04
6.024006916124238220e-01 9.899999999999985478e-01 1.443289932012703503e-15 3.103218000000000029e+04 1.820692348421336419e+03 2.773900000000000000e+04 3.597400000000000000e+04
6.626407607736662930e-01 9.899999999999985478e-01 1.443289932012703503e-15 3.059179000000000087e+04 1.825348532719162449e+03 2.647900000000000000e+04 3.661300000000000000e+04
7.289048368510330222e-01 9.899999999999985478e-01 1.443289932012703503e-15 3.046513999999999942e+04 1.764671397286191677e+03 2.786000000000000000e+04 3.758800000000000000e+04
8.017953205361363356e-01 9.899999999999985478e-01 1.443289932012703503e-15 3.037620999999999913e+04 1.986449567922629058e+03 2.716900000000000000e+04 3.763300000000000000e+04
8.819748525897500580e-01 9.899999999999985478e-01 1.443289932012703503e-15 3.053609999999999854e+04 2.032609384510461950e+03 2.747400000000000000e+04 3.750800000000000000e+04
9.701723378487251415e-01 9.899999999999985478e-01 1.443289932012703503e-15 3.061220000000000073e+04 2.461057073698210843e+03 2.712500000000000000e+04 4.353500000000000000e+04
9.801723378487251503e-01 9.899999999999985478e-01 1.443289932012703503e-15 3.050183000000000175e+04 1.892228348033080010e+03 2.725000000000000000e+04 3.904100000000000000e+04
9.901723378487251592e-01 9.899999999999985478e-01 1.443289932012703503e-15 3.044736999999999898e+04 1.901897587437346829e+03 2.749100000000000000e+04 3.635300000000000000e+04
1.000172337848725057e+00 9.899999999999985478e-01 1.443289932012703503e-15 3.066984999999999854e+04 2.199022257163396716e+03 2.693700000000000000e+04 4.249800000000000000e+04
