1.000000000000000021e-02 9.899999999999985478e-01 1.443289932012703503e-15 6.130286000000000058e+04 4.360716143066410950e+03 5.223800000000000000e+04 7.243900000000000000e+04
1.100000000000000110e-02 9.899999999999985478e-01 1.443289932012703503e-15 6.019970999999999913e+04 3.832001326448100372e+03 5.102400000000000000e+04 6.962000000000000000e+04
1.210000000000000138e-02 9.899999999999985478e-01 1.443289932012703503e-15 5.942173999999999796e+04 3.551937512457110188e+03 5.086100000000000000e+04 6.749800000000000000e+04
1.331000000000000238e-02 9.899999999999985478e-01 1.443289932012703503e-15 5.826302999999999884e+04 3.434758997236923733e+03 4.995500000000000000e+04 6.864100000000000000e+04
1.464100000000000297e-02 9.899999999999985478e-01 1.443289932012703503e-15 5.809416999999999825e+04 3.866482652372826124e+03 4.869000000000000000e+04 7.483500000000000000e+04
1.610510000000000413e-02 9.899999999999985478e-01 1.443289932012703503e-15 5.656954000000000087e+04 4.241785865458085937e+03 4.945500000000000000e+04 6.646100000000000000e+04
1.771561000000000663e-02 9.899999999999985478e-01 1.443289932012703503e-15 5.537316999999999825e+04 3.459731749875993046e+03 4.847700000000000000e+04 6.694800000000000000e+04
1.948717100000000799e-02 9.899999999999985478e-01 1.443289932012703503e-15 5.481226999999999680e+04 3.432978997474351218e+03 4.615300000000000000e+04 6.318600000000000000e+04
2.143588810000001191e-02 9.899999999999985478e-01 1.443289932012703503e-15 5.411618000000000029e+04 3.583510422421009025e+03 4.368200000000000000e+04 6.501100000000000000e+04
2.357947691000001483e-02 9.899999999999985478e-01 1.443289932012703503e-15 5.366318000000000029e+04 3.950096523833310584e+03 4.431900000000000000e+04 6.544500000000000000e+04
2.593742460100001770e-02 9.899999999999985478e-01 1.443289932012703503e-15 5.264943000000000029e+04 3.486577356821442663e+03 4.591400000000000000e+04 6.511200000000000000e+04
2.853116706110002052e-02 9.899999999999985478e-01 1.443289932012703503e-15 5.120358999999999651e+04 3.294530385639204269e+03 4.364000000000000000e+04 6.434500000000000000e+04
3.138428376721002361e-02 9.899999999999985478e-01 1.443289932012703503e-15 5.032383000000000175e+04 2.944500531686146587e+03 4.411800000000000000e+04 5.813000000000000000e+04
3.452271214393103083e-02 9.899999999999985478e-01 1.443289932012703503e-15 4.998136000000000058e+04 3.194930276297121509e+03 4.384000000000000000e+04 5.885300000000000000e+04
3.797498335832413807e-02 9.899999999999985478e-01 1.443289932012703503e-15 4.901170999999999913e+04 2.934610002351249022e+03 4.235400000000000000e+04 5.643100000000000000e+04
4.177248169415655188e-02 9.899999999999985478e-01 1.443289932012703503e-15 4.858673000000000320e+04 3.390296420241155829e+03 4.197000000000000000e+04 6.181200000000000000e+04
4.594972986357220845e-02 9.899999999999985478e-01 1.443289932012703503e-15 4.693570999999999913e+04 2.771163680820748141e+03 4.068200000000000000e+04 5.516600000000000000e+04
5.054470284992943624e-02 9.899999999999985478e-01 1.443289932012703503e-15 4.652341999999999825e+04 2.696296694282733824e+03 4.065700000000000000e+04 5.300200000000000000e+04
5.559917313492238750e-02 9.899999999999985478e-01 1.443289932012703503e-15 4.602900000000000000e+04 2.831673833618554454e+03 4.012100000000000000e+04 5.644600000000000000e+04
6.115909044841463110e-02 9.899999999999985478e-01 1.443289932012703503e-15 4.531119999999999709e+04 2.609488746862113658e+03 3.967400000000000000e+04 5.213000000000000000e+04
6.727499949325610462e-02 9.899999999999985478e-01 1.443289932012703503e-15 4.491663999999999942e+04 2.744289432694737116e+03 3.991300000000000000e+04 5.417300000000000000e+04
7.400249944258172063e-02 9.899999999999985478e-01 1.443289932012703503e-15 4.409609999999999854e+04 2.446000643908337224e+03 3.895700000000000000e+04 5.180600000000000000e+04
8.140274938683990380e-02 9.899999999999985478e-01 1.443289932012703503e-15 4.297270999999999913e+04 2.299970318482392940e+03 3.695600000000000000e+04 4.972100000000000000e+04
8.954302432552389834e-02 9.899999999999985478e-01 1.443289932012703503e-15 4.230833999999999651e+04 2.419062364719025027e+03 3.686100000000000000e+04 4.755300000000000000e+04
9.849732675807629234e-02 9.899999999999985478e-01 1.443289932012703503e-15 4.188955000000000291e+04 2.411684744633924765e+03 3.746800000000000000e+04 4.904300000000000000e+04
1.083470594338839244e-01 9.899999999999985478e-01 1.443289932012703503e-15 4.117365000000000146e+04 2.678673523873336308e+03 3.658800000000000000e+04 5.006300000000000000e+04
1.191817653772723196e-01 9.899999999999985478e-01 1.443289932012703503e-15 4.031501999999999680e+04 1.933711131374073830e+03 3.610900000000000000e+04 4.539500000000000000e+04
1.310999419149995737e-01 9.899999999999985478e-01 1.443289932012703503e-15 4.057963999999999942e+04 2.570866007865832671e+03 3.539700000000000000e+04 4.659600000000000000e+04
1.442099361064995422e-01 9.899999999999985478e-01 1.443289932012703503e-15 3.918593000000000029e+04 2.193764013083449299e+03 3.455100000000000000e+04 4.650400000000000000e+04
1.586309297171495103e-01 9.899999999999985478e-01 1.443289932012703503e-15 3.846834999999999854e+04 2.109798181698903136e+03 3.489400000000000000e+04 4.462900000000000000e+04
1.744940226888644641e-01 9.899999999999985478e-01 1.443289932012703503e-15 3.828630000000000291e+04 2.192424719346140137e+03 3.370700000000000000e+04 4.397600000000000000e+04
1.919434249577509355e-01 9.899999999999985478e-01 1.443289932012703503e-15 3.768608000000000175e+04 1.981636463532098560e+03 3.336000000000000000e+04 4.465500000000000000e+04
2.111377674535260540e-01 9.899999999999985478e-01 1.443289932012703503e-15 3.665987999999999738e+04 2.102373598007737655e+03 3.320300000000000000e+04 4.548300000000000000e+04
2.322515441988786677e-01 9.899999999999985478e-01 1.443289932012703503e-15 3.663100000000000000e+04 2.261702036078138917e+03 3.260400000000000000e+04 4.511800000000000000e+04
2.554766986187665401e-01 9.899999999999985478e-01 1.443289932012703503e-15 3.634966999999999825e+04 2.325671890250213437e+03 3.274400000000000000e+04 4.452300000000000000e+04
2.810243684806432163e-01 9.899999999999985478e-01 1.443289932012703503e-15 3.562444999999999709e+04 1.880081016206482445e+03 3.176300000000000000e+04 4.073000000000000000e+04
3.091268053287075657e-01 9.899999999999985478e-01 1.443289932012703503e-15 3.517752999999999884e+04 2.354955937825588990e+03 3.127400000000000000e+04 4.693900000000000000e+04
3.400394858615783389e-01 9.899999999999985478e-01 1.443289932012703503e-15 3.495001000000000204e+04 2.243113494654249735e+03 3.114400000000000000e+04 4.315700000000000000e+04
3.740434344477361894e-01 9.899999999999985478e-01 1.443289932012703503e-15 3.421134999999999854e+04 1.922798961800218876e+03 3.067300000000000000e+04 4.060300000000000000e+04
4.114477778925098583e-01 9.899999999999985478e-01 1.443289932012703503e-15 3.386100000000000000e+04 2.185705940880428898e+03 3.002100000000000000e+04 4.352000000000000000e+04
4.525925556817608775e-01 9.899999999999985478e-01 1.443289932012703503e-15 3.408083999999999651e+04 2.150996130726412503e+03 3.056300000000000000e+04 4.015700000000000000e+04
4.978518112499369930e-01 9.899999999999985478e-01 1.443289932012703503e-15 3.354094999999999709e+04 1.730033325546071637e+03 3.011800000000000000e+04 3.919400000000000000e+04
5.476369923749306867e-01 9.899999999999985478e-01 1.443289932012703503e-15 3.363318000000000029e+04 2.014205890071817066e+03 2.977400000000000000e+04 3.983700000000000000e+04
6.024006916124238220e-01 9.899999999999985478e-01 1.443289932012703503e-15 3.304979000000000087e+04 1.586240330435460919e+03 2.985600000000000000e+04 3.745600000000000000e+04
6.626407607736662930e-01 9.899999999999985478e-01 1.443289932012703503e-15 3.306398000000000320e+04 1.783140179458698185e+03 2.955400000000000000e+04 3.833900000000000000e+04
7.289048368510330222e-01 9.899999999999985478e-01 1.443289932012703503e-15 3.325901000000000204e+04 2.281394702785995833e+03 2.928200000000000000e+04 4.623700000000000000e+04
8.017953205361363356e-01 9.899999999999985478e-01 1.443289932012703503e-15 3.264479000000000087e+04 1.588856206804127396e+03 2.982300000000000000e+04 3.846200000000000000e+04
8.819748525897500580e-01 9.899999999999985478e-01 1.443289932012703503e-15 3.295501000000000204e+04 1.924432521524202230e+03 2.973600000000000000e+04 3.888800000000000000e+04
9.701723378487251415e-01 9.899999999999985478e-01 1.443289932012703503e-15 3.308130999999999767e+04 2.083763084877933125e+03 2.982800000000000000e+04 3.994500000000000000e+04
9.801723378487251503e-01 9.899999999999985478e-01 1.443289932012703503e-15 3.321437999999999738e+04 1.967973636916917712e+03 2.944100000000000000e+04 4.022400000000000000e+04
9.901723378487251592e-01 9.899999999999985478e-01 1.443289932012703503e-15 3.281483000000000175e+04 1.803202079940015892e+03 2.941800000000000000e+04 3.807800000000000000e+04
1.000172337848725057e+00 9.899999999999985478e-01 1.443289932012703503e-15 3.292063999999999942e+04 1.980275826848371480e+03 3.009400000000000000e+04 3.878600000000000000e+04
