1.000000000000000021e-02 9.899999999999985478e-01 1.443289932012703503e-15 5.150920999999999913e+04 3.874592510948732979e+03 4.286600000000000000e+04 6.237100000000000000e+04
1.100000000000000110e-02 9.899999999999985478e-01 1.443289932012703503e-15 5.117105000000000291e+04 3.897129087867118415e+03 4.428100000000000000e+04 6.587100000000000000e+04
1.210000000000000138e-02 9.899999999999985478e-01 1.443289932012703503e-15 5.047195999999999913e+04 3.674636232118765747e+03 4.284300000000000000e+04 5.917400000000000000e+04
1.331000000000000238e-02 9.899999999999985478e-01 1.443289932012703503e-15 4.915648999999999796e+04 3.926904540461863689e+03 4.071600000000000000e+04 6.146300000000000000e+04
1.464100000000000297e-02 9.899999999999985478e-01 1.443289932012703503e-15 4.836904000000000087e+04 3.714770213404860897e+03 4.021600000000000000e+04 5.765300000000000000e+04
1.610510000000000413e-02 9.899999999999985478e-01 1.443289932012703503e-15 4.783823999999999796e+04 3.420394553615123641e+03 4.118600000000000000e+04 5.602100000000000000e+04
1.771561000000000663e-02 9.899999999999985478e-01 1.443289932012703503e-15 4.661050000000000000e+04 3.023887287912696138e+03 4.010300000000000000e+04 5.713500000000000000e+04
1.948717100000000799e-02 9.899999999999985478e-01 1.443289932012703503e-15 4.532408999999999651e+04 3.401619208832758432e+03 3.746300000000000000e+04 5.782100000000000000e+04
2.143588810000001191e-02 9.899999999999985478e-01 1.443289932012703503e-15 4.497904000000000087e+04 3.468433735621887081e+03 3.853500000000000000e+04 5.534200000000000000e+04
2.357947691000001483e-02 9.899999999999985478e-01 1.443289932012703503e-15 4.345237999999999738e+04 3.120821227754002848e+03 3.725800000000000000e+04 5.018800000000000000e+04
2.593742460100001770e-02 9.899999999999985478e-01 1.443289932012703503e-15 4.282412000000000262e+04 2.731176483788625319e+03 3.629000000000000000e+04 4.972500000000000000e+04
2.853116706110002052e-02 9.899999999999985478e-01 1.443289932012703503e-15 4.241519000000000233e+04 3.307337713917343535e+03 3.332800000000000000e+04 5.299200000000000000e+04
3.138428376721002361e-02 9.899999999999985478e-01 1.443289932012703503e-15 4.195851999999999680e+04 3.639382619291355240e+03 3.533400000000000000e+04 5.896600000000000000e+04
3.452271214393103083e-02 9.899999999999985478e-01 1.443289932012703503e-15 3.995058000000000175e+04 2.570449463342938088e+03 3.234900000000000000e+04 4.809800000000000000e+04
3.797498335832413807e-02 9.899999999999985478e-01 1.443289932012703503e-15 4.008598999999999796e+04 3.474249926228682398e+03 3.292200000000000000e+04 5.008500000000000000e+04
4.177248169415655188e-02 9.899999999999985478e-01 1.443289932012703503e-15 3.903180999999999767e+04 2.796100622992670651e+03 3.293200000000000000e+04 4.571400000000000000e+04
4.594972986357220845e-02 9.899999999999985478e-01 1.443289932012703503e-15 3.841901000000000204e+04 2.889590173346386564e+03 3.245000000000000000e+04 4.796600000000000000e+04
5.054470284992943624e-02 9.899999999999985478e-01 1.443289932012703503e-15 3.736801999999999680e+04 3.074515805716405339e+03 3.171800000000000000e+04 4.643500000000000000e+04
5.559917313492238750e-02 9.899999999999985478e-01 1.443289932012703503e-15 3.705266999999999825e+04 2.561952052849545453e+03 3.113100000000000000e+04 4.371500000000000000e+04
6.115909044841463110e-02 9.899999999999985478e-01 1.443289932012703503e-15 3.661863999999999942e+04 2.837941745420437655e+03 3.176600000000000000e+04 4.423800000000000000e+04
6.727499949325610462e-02 9.899999999999985478e-01 1.443289932012703503e-15 3.528208999999999651e+04 2.692672561211258653e+03 3.002000000000000000e+04 4.286300000000000000e+04
7.400249944258172063e-02 9.899999999999985478e-01 1.443289932012703503e-15 3.485641999999999825e+04 2.722210176235480048e+03 2.921200000000000000e+04 4.360200000000000000e+04
8.140274938683990380e-02 9.899999999999985478e-01 1.443289932012703503e-15 3.432086000000000058e+04 2.339572144730741002e+03 2.876100000000000000e+04 4.205700000000000000e+04
8.954302432552389834e-02 9.899999999999985478e-01 1.443289932012703503e-15 3.351755000000000291e+04 2.536868366214534035e+03 2.923600000000000000e+04 4.361000000000000000e+04
9.849732675807629234e-02 9.899999999999985478e-01 1.443289932012703503e-15 3.280358999999999651e+04 2.307698936581632552e+03 2.841200000000000000e+04 3.988300000000000000e+04
1.083470594338839244e-01 9.899999999999985478e-01 1.443289932012703503e-15 3.252338000000000102e+04 2.192372339635765456e+03 2.788500000000000000e+04 3.831000000000000000e+04
1.191817653772723196e-01 9.899999999999985478e-01 1.443289932012703503e-15 3.155356000000000131e+04 2.247345337592778833e+03 2.769200000000000000e+04 3.786000000000000000e+04
1.310999419149995737e-01 9.899999999999985478e-01 1.443289932012703503e-15 3.091488999999999942e+04 2.139209353452813048e+03 2.755600000000000000e+04 3.868600000000000000e+04
1.442099361064995422e-01 9.899999999999985478e-01 1.443289932012703503e-15 3.006070000000000073e+04 1.863548982452567543e+03 2.643100000000000000e+04 3.541500000000000000e+04
1.586309297171495103e-01 9.899999999999985478e-01 1.443289932012703503e-15 2.985954999999999927e+04 2.286055630884778111e+03 2.558100000000000000e+04 3.661900000000000000e+04
1.744940226888644641e-01 9.899999999999985478e-01 1.443289932012703503e-15 2.936922999999999956e+04 2.113532274913255151e+03 2.502500000000000000e+04 3.794500000000000000e+04
1.919434249577509355e-01 9.899999999999985478e-01 1.443289932012703503e-15 2.865754999999999927e+04 1.850870856515926334e+03 2.521200000000000000e+04 3.432200000000000000e+04
2.111377674535260540e-01 9.899999999999985478e-01 1.443289932012703503e-15 2.845241999999999825e+04 1.843421368976718668e+03 2.406900000000000000e+04 3.354000000000000000e+04
2.322515441988786677e-01 9.899999999999985478e-01 1.443289932012703503e-15 2.784868000000000029e+04 1.879073244341475629e+03 2.391000000000000000e+04 3.439100000000000000e+04
2.554766986187665401e-01 9.899999999999985478e-01 1.443289932012703503e-15 2.759615999999999985e+04 1.933785550261454773e+03 2.382800000000000000e+04 3.336500000000000000e+04
2.810243684806432163e-01 9.899999999999985478e-01 1.443289932012703503e-15 2.715527999999999884e+04 1.962598191581761512e+03 2.397600000000000000e+04 3.730700000000000000e+04
3.091268053287075657e-01 9.899999999999985478e-01 1.443289932012703503e-15 2.683936000000000058e+04 2.271666210163808046e+03 2.270200000000000000e+04 3.581300000000000000e+04
3.400394858615783389e-01 9.899999999999985478e-01 1.443289932012703503e-15 2.650800000000000000e+04 1.929462298154591963e+03 2.313600000000000000e+04 3.290300000000000000e+04
3.740434344477361894e-01 9.899999999999985478e-01 1.443289932012703503e-15 2.617688999999999942e+04 1.943177253340518064e+03 2.191500000000000000e+04 3.186600000000000000e+04
4.114477778925098583e-01 9.899999999999985478e-01 1.443289932012703503e-15 2.532324000000000160e+04 1.632095200164500056e+03 2.267100000000000000e+04 3.127800000000000000e+04
4.525925556817608775e-01 9.899999999999985478e-01 1.443289932012703503e-15 2.574452000000000044e+04 2.753144879878280335e+03 2.211000000000000000e+04 3.875300000000000000e+04
4.978518112499369930e-01 9.899999999999985478e-01 1.443289932012703503e-15 2.556327000000000044e+04 2.301693045803458517e+03 2.214800000000000000e+04 3.576200000000000000e+04
5.476369923749306867e-01 9.899999999999985478e-01 1.443289932012703503e-15 2.484374000000000160e+04 1.683942187962520165e+03 2.209800000000000000e+04 3.011900000000000000e+04
6.024006916124238220e-01 9.899999999999985478e-01 1.443289932012703503e-15 2.463963000000000102e+04 1.610853994966645132e+03 2.198500000000000000e+04 2.956300000000000000e+04
6.626407607736662930e-01 9.899999999999985478e-01 1.443289932012703503e-15 2.485225999999999840e+04 2.006172094412640263e+03 2.105100000000000000e+04 3.413700000000000000e+04
7.289048368510330222e-01 9.899999999999985478e-01 1.443289932012703503e-15 2.456081000000000131e+04 1.887928169687607351e+03 2.105100000000000000e+04 2.969000000000000000e+04
8.017953205361363356e-01 9.899999999999985478e-01 1.443289932012703503e-15 2.439947999999999956e+04 1.922817367718525020e+03 2.059600000000000000e+04 2.950800000000000000e+04
8.819748525897500580e-01 9.899999999999985478e-01 1.443289932012703503e-15 2.421613000000000102e+04 1.867296744789108288e+03 2.013600000000000000e+04 3.333200000000000000e+04
9.701723378487251415e-01 9.899999999999985478e-01 1.443289932012703503e-15 2.423793999999999869e+04 1.806766951324934553e+03 2.112600000000000000e+04 2.925600000000000000e+04
9.801723378487251503e-01 9.899999999999985478e-01 1.443289932012703503e-15 2.443595999999999913e+04 1.833739075877481355e+03 2.100000000000000000e+04 2.971900000000000000e+04
9.901723378487251592e-01 9.899999999999985478e-01 1.443289932012703503e-15 2.445865000000000146e+04 1.747070103773744222e+03 2.114700000000000000e+04 3.229600000000000000e+04
1.000172337848725057e+00 9.899999999999985478e-01 1.443289932012703503e-15 2.436793999999999869e+04 1.948795350056028838e+03 2.095600000000000000e+04 3.061100000000000000e+04
