1.000000000000000021e-02 9.899999999999985478e-01 1.443289932012703503e-15 5.158608000000000175e+04 4.270241751189269962e+03 4.198600000000000000e+04 6.112300000000000000e+04
1.100000000000000110e-02 9.899999999999985478e-01 1.443289932012703503e-15 5.078358000000000175e+04 4.386418886016244869e+03 4.073000000000000000e+04 6.323600000000000000e+04
1.210000000000000138e-02 9.899999999999985478e-01 1.443289932012703503e-15 4.975687000000000262e+04 3.796557421283128861e+03 4.227600000000000000e+04 6.097800000000000000e+04
1.331000000000000238e-02 9.899999999999985478e-01 1.443289932012703503e-15 4.868776000000000204e+04 3.579154802799118443e+03 4.099400000000000000e+04 5.865900000000000000e+04
1.464100000000000297e-02 9.899999999999985478e-01 1.443289932012703503e-15 4.807208999999999651e+04 3.328703778034327115e+03 4.186200000000000000e+04 5.602700000000000000e+04
1.610510000000000413e-02 9.899999999999985478e-01 1.443289932012703503e-15 4.708101000000000204e+04 4.118404165438355449e+03 3.872200000000000000e+04 6.085400000000000000e+04
1.771561000000000663e-02 9.899999999999985478e-01 1.443289932012703503e-15 4.532994000000000233e+04 3.215484998627734058e+03 3.882100000000000000e+04 5.402000000000000000e+04
1.948717100000000799e-02 9.899999999999985478e-01 1.443289932012703503e-15 4.586206999999999971e+04 3.616455682723071732e+03 3.734000000000000000e+04 5.391500000000000000e+04
2.143588810000001191e-02 9.899999999999985478e-01 1.443289932012703503e-15 4.452412999999999738e+04 3.385004377116815704e+03 3.830100000000000000e+04 5.428700000000000000e+04
2.357947691000001483e-02 9.899999999999985478e-01 1.443289932012703503e-15 4.362662999999999738e+04 3.141145837604488406e+03 3.637500000000000000e+04 5.716800000000000000e+04
2.593742460100001770e-02 9.899999999999985478e-01 1.443289932012703503e-15 4.197858000000000175e+04 3.369543530450378057e+03 3.544000000000000000e+04 5.230500000000000000e+04
2.853116706110002052e-02 9.899999999999985478e-01 1.443289932012703503e-15 4.234525000000000000e+04 3.604931836734225726e+03 3.584500000000000000e+04 5.439200000000000000e+04
3.138428376721002361e-02 9.899999999999985478e-01 1.443289932012703503e-15 4.095026999999999680e+04 3.160835765600611012e+03 3.429400000000000000e+04 4.983200000000000000e+04
3.452271214393103083e-02 9.899999999999985478e-01 1.443289932012703503e-15 4.033288999999999942e+04 3.392416297847303213e+03 3.172400000000000000e+04 5.062200000000000000e+04
3.797498335832413807e-02 9.899999999999985478e-01 1.443289932012703503e-15 3.948905999999999767e+04 3.102408486386020741e+03 3.305100000000000000e+04 4.941900000000000000e+04
4.177248169415655188e-02 9.899999999999985478e-01 1.443289932012703503e-15 3.895705000000000291e+04 2.663073620368013962e+03 3.217000000000000000e+04 4.510900000000000000e+04
4.594972986357220845e-02 9.899999999999985478e-01 1.443289932012703503e-15 3.815141000000000349e+04 3.042919585184597508e+03 3.114900000000000000e+04 4.700900000000000000e+04
5.054470284992943624e-02 9.899999999999985478e-01 1.443289932012703503e-15 3.676268000000000029e+04 2.441061465346581372e+03 3.211800000000000000e+04 4.558500000000000000e+04
5.559917313492238750e-02 9.899999999999985478e-01 1.443289932012703503e-15 3.657705999999999767e+04 2.574344778074606893e+03 3.193600000000000000e+04 4.348300000000000000e+04
6.115909044841463110e-02 9.899999999999985478e-01 1.443289932012703503e-15 3.595569999999999709e+04 2.463048397819255115e+03 3.175500000000000000e+04 4.261300000000000000e+04
6.727499949325610462e-02 9.899999999999985478e-01 1.443289932012703503e-15 3.473719999999999709e+04 2.359982038067239046e+03 2.862200000000000000e+04 4.223400000000000000e+04
7.400249944258172063e-02 9.899999999999985478e-01 1.443289932012703503e-15 3.418106999999999971e+04 2.478368553121185869e+03 2.925700000000000000e+04 4.512200000000000000e+04
8.140274938683990380e-02 9.899999999999985478e-01 1.443289932012703503e-15 3.365619999999999709e+04 2.680735738561337712e+03 2.840900000000000000e+04 4.222500000000000000e+04
8.954302432552389834e-02 9.899999999999985478e-01 1.443289932012703503e-15 3.271806000000000131e+04 2.079581673414151282e+03 2.818800000000000000e+04 3.918400000000000000e+04
9.849732675807629234e-02 9.899999999999985478e-01 1.443289932012703503e-15 3.243629000000000087e+04 2.524185469790205843e+03 2.794700000000000000e+04 4.059600000000000000e+04
1.083470594338839244e-01 9.899999999999985478e-01 1.443289932012703503e-15 3.174302999999999884e+04 2.418184924504327228e+03 2.745400000000000000e+04 3.800800000000000000e+04
1.191817653772723196e-01 9.899999999999985478e-01 1.443289932012703503e-15 3.153025000000000000e+04 2.713413858500025981e+03 2.468200000000000000e+04 4.104700000000000000e+04
1.310999419149995737e-01 9.899999999999985478e-01 1.443289932012703503e-15 3.022388999999999942e+04 2.189171244535246842e+03 2.558800000000000000e+04 3.809800000000000000e+04
1.442099361064995422e-01 9.899999999999985478e-01 1.443289932012703503e-15 3.015734000000000015e+04 2.394079548469515430e+03 2.533900000000000000e+04 4.021300000000000000e+04
1.586309297171495103e-01 9.899999999999985478e-01 1.443289932012703503e-15 2.921797999999999956e+04 2.159429257836430679e+03 2.416200000000000000e+04 3.468000000000000000e+04
1.744940226888644641e-01 9.899999999999985478e-01 1.443289932012703503e-15 2.867406000000000131e+04 2.041724079399564744e+03 2.473200000000000000e+04 3.529700000000000000e+04
1.919434249577509355e-01 9.899999999999985478e-01 1.443289932012703503e-15 2.844397000000000116e+04 2.208069910374216306e+03 2.410800000000000000e+04 3.719300000000000000e+04
2.111377674535260540e-01 9.899999999999985478e-01 1.443289932012703503e-15 2.760890999999999985e+04 2.018444530300498400e+03 2.403600000000000000e+04 3.436000000000000000e+04
2.322515441988786677e-01 9.899999999999985478e-01 1.443289932012703503e-15 2.791641999999999825e+04 2.344351889883427702e+03 2.309400000000000000e+04 3.649700000000000000e+04
2.554766986187665401e-01 9.899999999999985478e-01 1.443289932012703503e-15 2.701736999999999898e+04 2.100956371060569836e+03 2.312700000000000000e+04 3.348300000000000000e+04
2.810243684806432163e-01 9.899999999999985478e-01 1.443289932012703503e-15 2.666111000000000058e+04 2.107993277479792596e+03 2.274700000000000000e+04 3.247800000000000000e+04
3.091268053287075657e-01 9.899999999999985478e-01 1.443289932012703503e-15 2.640225000000000000e+04 2.133429775619530574e+03 2.290300000000000000e+04 3.385500000000000000e+04
3.400394858615783389e-01 9.899999999999985478e-01 1.443289932012703503e-15 2.576738999999999942e+04 2.068493349735502306e+03 2.161000000000000000e+04 3.433900000000000000e+04
3.740434344477361894e-01 9.899999999999985478e-01 1.443289932012703503e-15 2.565390999999999985e+04 2.534300878329168881e+03 2.229900000000000000e+04 3.627900000000000000e+04
4.114477778925098583e-01 9.899999999999985478e-01 1.443289932012703503e-15 2.526470999999999913e+04 2.112348012496993306e+03 2.165300000000000000e+04 3.249000000000000000e+04
4.525925556817608775e-01 9.899999999999985478e-01 1.443289932012703503e-15 2.527850999999999840e+04 2.188715662186388727e+03 2.185400000000000000e+04 3.221600000000000000e+04
4.978518112499369930e-01 9.899999999999985478e-01 1.443289932012703503e-15 2.475093999999999869e+04 1.976023460488260980e+03 2.168700000000000000e+04 3.368200000000000000e+04
5.476369923749306867e-01 9.899999999999985478e-01 1.443289932012703503e-15 2.457340000000000146e+04 1.970917354939064580e+03 2.128600000000000000e+04 3.232400000000000000e+04
6.024006916124238220e-01 9.899999999999985478e-01 1.443289932012703503e-15 2.424033000000000175e+04 1.882911060326536017e+03 2.113300000000000000e+04 2.971200000000000000e+04
6.626407607736662930e-01 9.899999999999985478e-01 1.443289932012703503e-15 2.425111000000000058e+04 2.313923464140506439e+03 2.079700000000000000e+04 3.363600000000000000e+04
7.289048368510330222e-01 9.899999999999985478e-01 1.443289932012703503e-15 2.440518000000000029e+04 2.353965468650719231e+03 2.017000000000000000e+04 3.577200000000000000e+04
8.017953205361363356e-01 9.899999999999985478e-01 1.443289932012703503e-15 2.418616999999999825e+04 2.549114007081675936e+03 2.090500000000000000e+04 3.562000000000000000e+04
8.819748525897500580e-01 9.899999999999985478e-01 1.443289932012703503e-15 2.390006999999999971e+04 1.885486930503630219e+03 2.027900000000000000e+04 3.044100000000000000e+04
9.701723378487251415e-01 9.899999999999985478e-01 1.443289932012703503e-15 2.365874000000000160e+04 1.544560562878645896e+03 2.112900000000000000e+04 2.834900000000000000e+04
9.801723378487251503e-01 9.899999999999985478e-01 1.443289932012703503e-15 2.397543999999999869e+04 2.006592556150849077e+03 2.036000000000000000e+04 2.946000000000000000e+04
9.901723378487251592e-01 9.899999999999985478e-01 1.443289932012703503e-15 2.415616999999999825e+04 2.149338647375047913e+03 2.024100000000000000e+04 3.133400000000000000e+04
1.000172337848725057e+00 9.899999999999985478e-01 1.443289932012703503e-15 2.428486999999999898e+04 1.942806828560162785e+03 2.112300000000000000e+04 2.980500000000000000e+04
