1.000000000000000021e-02 9.899999999999985478e-01 1.443289932012703503e-15 1.215263000000000029e+05 6.854402483805571137e+03 1.056970000000000000e+05 1.384690000000000000e+05
1.100000000000000110e-02 9.899999999999985478e-01 1.443289932012703503e-15 1.201526799999999930e+05 6.496546337678196323e+03 1.047660000000000000e+05 1.345460000000000000e+05
1.210000000000000138e-02 9.899999999999985478e-01 1.443289932012703503e-15 1.187390500000000029e+05 6.115391391194843891e+03 1.026750000000000000e+05 1.349740000000000000e+05
1.331000000000000238e-02 9.899999999999985478e-01 1.443289932012703503e-15 1.179656900000000023e+05 5.553575354120982411e+03 1.079360000000000000e+05 1.330950000000000000e+05
1.464100000000000297e-02 9.899999999999985478e-01 1.443289932012703503e-15 1.171687599999999948e+05 6.332821786723513469e+03 1.000980000000000000e+05 1.357680000000000000e+05
1.610510000000000413e-02 9.899999999999985478e-01 1.443289932012703503e-15 1.173736999999999971e+05 6.032987194582797201e+03 1.064400000000000000e+05 1.348130000000000000e+05
1.771561000000000663e-02 9.899999999999985478e-01 1.443289932012703503e-15 1.161976699999999983e+05 6.514160206895437113e+03 1.003580000000000000e+05 1.316180000000000000e+05
1.948717100000000799e-02 9.899999999999985478e-01 1.443289932012703503e-15 1.154797599999999948e+05 6.471704438739457146e+03 1.024970000000000000e+05 1.336790000000000000e+05
2.143588810000001191e-02 9.899999999999985478e-01 1.443289932012703503e-15 1.134758500000000058e+05 5.421427085878772232e+03 1.004820000000000000e+05 1.300900000000000000e+05
2.357947691000001483e-02 9.899999999999985478e-01 1.443289932012703503e-15 1.118235200000000041e+05 4.982452216489387865e+03 1.009640000000000000e+05 1.286790000000000000e+05
2.593742460100001770e-02 9.899999999999985478e-01 1.443289932012703503e-15 1.104568600000000006e+05 5.298427134574939373e+03 9.596200000000000000e+04 1.241640000000000000e+05
2.853116706110002052e-02 9.899999999999985478e-01 1.443289932012703503e-15 1.108300800000000017e+05 6.064958871550573349e+03 9.453200000000000000e+04 1.288790000000000000e+05
3.138428376721002361e-02 9.899999999999985478e-01 1.443289932012703503e-15 1.096787500000000000e+05 4.968149042399995778e+03 9.934100000000000000e+04 1.218430000000000000e+05
3.452271214393103083e-02 9.899999999999985478e-01 1.443289932012703503e-15 1.081685500000000029e+05 5.664631407911728274e+03 9.501000000000000000e+04 1.263050000000000000e+05
3.797498335832413807e-02 9.899999999999985478e-01 1.443289932012703503e-15 1.086186799999999930e+05 6.170321506826041514e+03 9.727400000000000000e+04 1.269730000000000000e+05
4.177248169415655188e-02 9.899999999999985478e-01 1.443289932012703503e-15 1.058729700000000012e+05 5.375553505370399762e+03 9.416300000000000000e+04 1.216880000000000000e+05
4.594972986357220845e-02 9.899999999999985478e-01 1.443289932012703503e-15 1.059944499999999971e+05 5.868377839531125574e+03 8.996300000000000000e+04 1.194100000000000000e+05
5.054470284992943624e-02 9.899999999999985478e-01 1.443289932012703503e-15 1.046245299999999988e+05 5.480578107198181897e+03 9.261400000000000000e+04 1.149730000000000000e+05
5.559917313492238750e-02 9.899999999999985478e-01 1.443289932012703503e-15 1.037574700000000012e+05 5.455860035695563965e+03 8.705400000000000000e+04 1.177640000000000000e+05
6.115909044841463110e-02 9.899999999999985478e-01 1.443289932012703503e-15 1.031475000000000000e+05 5.878720293567299450e+03 9.011400000000000000e+04 1.198270000000000000e+05
6.727499949325610462e-02 9.899999999999985478e-01 1.443289932012703503e-15 1.007394900000000052e+05 5.344444565144259286e+03 8.550700000000000000e+04 1.146530000000000000e+05
7.400249944258172063e-02 9.899999999999985478e-01 1.443289932012703503e-15 1.014995299999999988e+05 4.891179412892151049e+03 9.233100000000000000e+04 1.173830000000000000e+05
8.140274938683990380e-02 9.899999999999985478e-01 1.443289932012703503e-15 9.899853999999999360e+04 5.311235529366023911e+03 8.547600000000000000e+04 1.148620000000000000e+05
8.954302432552389834e-02 9.899999999999985478e-01 1.443289932012703503e-15 9.834783000000000175e+04 5.381379390184267322e+03 8.336000000000000000e+04 1.092810000000000000e+05
9.849732675807629234e-02 9.899999999999985478e-01 1.443289932012703503e-15 9.701935000000000582e+04 5.607641831242433909e+03 8.355000000000000000e+04 1.093050000000000000e+05
1.083470594338839244e-01 9.899999999999985478e-01 1.443289932012703503e-15 9.563516999999999825e+04 5.403814843339841900e+03 8.442800000000000000e+04 1.063840000000000000e+05
1.191817653772723196e-01 9.899999999999985478e-01 1.443289932012703503e-15 9.476319000000000233e+04 5.352691838122198533e+03 8.634800000000000000e+04 1.117540000000000000e+05
1.310999419149995737e-01 9.899999999999985478e-01 1.443289932012703503e-15 9.287025999999999476e+04 4.730065457517475807e+03 8.447900000000000000e+04 1.067500000000000000e+05
1.442099361064995422e-01 9.899999999999985478e-01 1.443289932012703503e-15 9.127508000000000175e+04 5.399590996881152932e+03 7.896800000000000000e+04 1.068900000000000000e+05
1.586309297171495103e-01 9.899999999999985478e-01 1.443289932012703503e-15 9.070950999999999476e+04 5.000238143318776565e+03 8.049900000000000000e+04 1.065090000000000000e+05
1.744940226888644641e-01 9.899999999999985478e-01 1.443289932012703503e-15 8.989261999999999534e+04 5.307944635694686440e+03 7.916000000000000000e+04 1.038000000000000000e+05
1.919434249577509355e-01 9.899999999999985478e-01 1.443289932012703503e-15 8.770952999999999884e+04 5.249606447068199486e+03 7.641100000000000000e+04 1.027390000000000000e+05
2.111377674535260540e-01 9.899999999999985478e-01 1.443289932012703503e-15 8.734483999999999651e+04 6.769358251296795970e+03 7.354700000000000000e+04 1.067390000000000000e+05
2.322515441988786677e-01 9.899999999999985478e-01 1.443289932012703503e-15 8.437814999999999418e+04 5.526855204137340479e+03 7.230600000000000000e+04 9.675000000000000000e+04
2.554766986187665401e-01 9.899999999999985478e-01 1.443289932012703503e-15 8.298578999999999360e+04 5.535538160459197570e+03 7.207700000000000000e+04 9.808400000000000000e+04
2.810243684806432163e-01 9.899999999999985478e-01 1.443289932012703503e-15 8.290541000000000349e+04 5.538804102141544718e+03 7.178500000000000000e+04 9.910700000000000000e+04
3.091268053287075657e-01 9.899999999999985478e-01 1.443289932012703503e-15 8.215658999999999651e+04 5.233203072870381220e+03 6.967600000000000000e+04 9.549900000000000000e+04
3.400394858615783389e-01 9.899999999999985478e-01 1.443289932012703503e-15 8.045663999999999942e+04 5.245763842416087755e+03 6.772700000000000000e+04 9.521200000000000000e+04
3.740434344477361894e-01 9.899999999999985478e-01 1.443289932012703503e-15 7.857405000000000291e+04 4.987238823988679542e+03 6.980500000000000000e+04 9.419600000000000000e+04
4.114477778925098583e-01 9.899999999999985478e-01 1.443289932012703503e-15 7.803011999999999534e+04 5.355692943550815471e+03 6.578500000000000000e+04 9.394300000000000000e+04
4.525925556817608775e-01 9.899999999999985478e-01 1.443289932012703503e-15 7.598527999999999884e+04 4.475999207059804576e+03 6.605300000000000000e+04 9.186400000000000000e+04
4.978518112499369930e-01 9.899999999999985478e-01 1.443289932012703503e-15 7.580363000000000466e+04 5.706723421815710026e+03 6.594800000000000000e+04 9.354500000000000000e+04
5.476369923749306867e-01 9.899999999999985478e-01 1.443289932012703503e-15 7.469816000000000349e+04 5.096806562387864687e+03 6.283400000000000000e+04 9.182600000000000000e+04
6.024006916124238220e-01 9.899999999999985478e-01 1.443289932012703503e-15 7.315664999999999418e+04 5.074621277248184015e+03 6.207200000000000000e+04 8.718000000000000000e+04
6.626407607736662930e-01 9.899999999999985478e-01 1.443289932012703503e-15 7.252402000000000407e+04 4.452896452827080793e+03 6.176500000000000000e+04 8.491800000000000000e+04
7.289048368510330222e-01 9.899999999999985478e-01 1.443289932012703503e-15 7.169263999999999942e+04 5.234167642557889849e+03 6.170300000000000000e+04 9.008000000000000000e+04
8.017953205361363356e-01 9.899999999999985478e-01 1.443289932012703503e-15 7.072192999999999302e+04 4.139050353052013634e+03 6.197500000000000000e+04 8.248300000000000000e+04
8.819748525897500580e-01 9.899999999999985478e-01 1.443289932012703503e-15 7.007258000000000175e+04 4.160656943752993357e+03 6.069200000000000000e+04 8.100100000000000000e+04
9.701723378487251415e-01 9.899999999999985478e-01 1.443289932012703503e-15 7.004975999999999476e+04 4.321045545050411420e+03 5.977300000000000000e+04 8.661600000000000000e+04
9.801723378487251503e-01 9.899999999999985478e-01 1.443289932012703503e-15 6.948402000000000407e+04 3.974552203657664450e+03 6.192600000000000000e+04 7.854300000000000000e+04
9.901723378487251592e-01 9.899999999999985478e-01 1.443289932012703503e-15 7.100691999999999825e+04 4.978331842454859725e+03 5.889100000000000000e+04 9.328900000000000000e+04
1.000172337848725057e+00 9.899999999999985478e-01 1.443289932012703503e-15 7.017016000000000349e+04 4.556404884818731261e+03 5.921800000000000000e+04 8.568700000000000000e+04
