1.000000000000000021e-02 9.899999999999985478e-01 1.443289932012703503e-15 5.951201999999999680e+04 3.977369909827347783e+03 5.155700000000000000e+04 6.834100000000000000e+04
1.100000000000000110e-02 9.899999999999985478e-01 1.443289932012703503e-15 5.840947000000000116e+04 3.415157842486931713e+03 4.935900000000000000e+04 6.574900000000000000e+04
1.210000000000000138e-02 9.899999999999985478e-01 1.443289932012703503e-15 5.724804000000000087e+04 3.940858588987937310e+03 4.811300000000000000e+04 6.917600000000000000e+04
1.331000000000000238e-02 9.899999999999985478e-01 1.443289932012703503e-15 5.703537999999999738e+04 3.670516693273578312e+03 5.020200000000000000e+04 6.600000000000000000e+04
1.464100000000000297e-02 9.899999999999985478e-01 1.443289932012703503e-15 5.617583999999999651e+04 3.918507273745960447e+03 4.850500000000000000e+04 6.542400000000000000e+04
1.610510000000000413e-02 9.899999999999985478e-01 1.443289932012703503e-15 5.517123000000000320e+04 3.204333234403064125e+03 4.882800000000000000e+04 6.496000000000000000e+04
1.771561000000000663e-02 9.899999999999985478e-01 1.443289932012703503e-15 5.445676999999999680e+04 3.483739476065913550e+03 4.435200000000000000e+04 6.279500000000000000e+04
1.948717100000000799e-02 9.899999999999985478e-01 1.443289932012703503e-15 5.282408000000000175e+04 3.160857907847171191e+03 4.614000000000000000e+04 6.357600000000000000e+04
2.143588810000001191e-02 9.899999999999985478e-01 1.443289932012703503e-15 5.287156999999999971e+04 3.846827789893901809e+03 4.504900000000000000e+04 6.474500000000000000e+04
2.357947691000001483e-02 9.899999999999985478e-01 1.443289932012703503e-15 5.220838999999999942e+04 3.409405302673766982e+03 4.633000000000000000e+04 6.282100000000000000e+04
2.593742460100001770e-02 9.899999999999985478e-01 1.443289932012703503e-15 5.082858000000000175e+04 3.019926337445997888e+03 4.458400000000000000e+04 6.026800000000000000e+04
2.853116706110002052e-02 9.899999999999985478e-01 1.443289932012703503e-15 5.009875000000000000e+04 3.450240273879487177e+03 4.380300000000000000e+04 5.888000000000000000e+04
3.138428376721002361e-02 9.899999999999985478e-01 1.443289932012703503e-15 4.909490000000000146e+04 3.454951138583583088e+03 4.398500000000000000e+04 6.193200000000000000e+04
3.452271214393103083e-02 9.899999999999985478e-01 1.443289932012703503e-15 4.879336000000000058e+04 3.104646287485902576e+03 4.264000000000000000e+04 5.753200000000000000e+04
3.797498335832413807e-02 9.899999999999985478e-01 1.443289932012703503e-15 4.721887000000000262e+04 2.602156734922014493e+03 4.158300000000000000e+04 5.583300000000000000e+04
4.177248169415655188e-02 9.899999999999985478e-01 1.443289932012703503e-15 4.704915000000000146e+04 3.263851768616338632e+03 3.955400000000000000e+04 5.700900000000000000e+04
4.594972986357220845e-02 9.899999999999985478e-01 1.443289932012703503e-15 4.607981999999999971e+04 3.154596206743424318e+03 4.005300000000000000e+04 5.893700000000000000e+04
5.054470284992943624e-02 9.899999999999985478e-01 1.443289932012703503e-15 4.593433999999999651e+04 3.181344175721953889e+03 3.924800000000000000e+04 5.572800000000000000e+04
5.559917313492238750e-02 9.899999999999985478e-01 1.443289932012703503e-15 4.426834999999999854e+04 2.553395568160170569e+03 3.782100000000000000e+04 5.325600000000000000e+04
6.115909044841463110e-02 9.899999999999985478e-01 1.443289932012703503e-15 4.432340000000000146e+04 2.807242315868012156e+03 3.887300000000000000e+04 5.290800000000000000e+04
6.727499949325610462e-02 9.899999999999985478e-01 1.443289932012703503e-15 4.371290000000000146e+04 2.638452677233382019e+03 3.879500000000000000e+04 5.092300000000000000e+04
7.400249944258172063e-02 9.899999999999985478e-01 1.443289932012703503e-15 4.260579000000000087e+04 2.632781765718534189e+03 3.772600000000000000e+04 4.841800000000000000e+04
8.140274938683990380e-02 9.899999999999985478e-01 1.443289932012703503e-15 4.165811000000000058e+04 2.540113981281154793e+03 3.699500000000000000e+04 4.920900000000000000e+04
8.954302432552389834e-02 9.899999999999985478e-01 1.443289932012703503e-15 4.146420999999999913e+04 2.707531755289307512e+03 3.673900000000000000e+04 5.104900000000000000e+04
9.849732675807629234e-02 9.899999999999985478e-01 1.443289932012703503e-15 4.041894000000000233e+04 2.376901557995198345e+03 3.457500000000000000e+04 4.852700000000000000e+04
1.083470594338839244e-01 9.899999999999985478e-01 1.443289932012703503e-15 3.978554000000000087e+04 2.969306728581605967e+03 3.521300000000000000e+04 6.094500000000000000e+04
1.191817653772723196e-01 9.899999999999985478e-01 1.443289932012703503e-15 3.920401999999999680e+04 2.126898257933369223e+03 3.495100000000000000e+04 4.509300000000000000e+04
1.310999419149995737e-01 9.899999999999985478e-01 1.443289932012703503e-15 3.824970999999999913e+04 2.142342014221818317e+03 3.405000000000000000e+04 4.799900000000000000e+04
1.442099361064995422e-01 9.899999999999985478e-01 1.443289932012703503e-15 3.785527999999999884e+04 2.066003078797319176e+03 3.342900000000000000e+04 4.444200000000000000e+04
1.586309297171495103e-01 9.899999999999985478e-01 1.443289932012703503e-15 3.751719999999999709e+04 1.891075445348492849e+03 3.405000000000000000e+04 4.294100000000000000e+04
1.744940226888644641e-01 9.899999999999985478e-01 1.443289932012703503e-15 3.680044000000000233e+04 2.493199263276002512e+03 3.358600000000000000e+04 4.871100000000000000e+04
1.919434249577509355e-01 9.899999999999985478e-01 1.443289932012703503e-15 3.654841999999999825e+04 2.578810858438439027e+03 3.257500000000000000e+04 4.629600000000000000e+04
2.111377674535260540e-01 9.899999999999985478e-01 1.443289932012703503e-15 3.558848000000000320e+04 1.941862824609400604e+03 3.232900000000000000e+04 4.144000000000000000e+04
2.322515441988786677e-01 9.899999999999985478e-01 1.443289932012703503e-15 3.560548999999999796e+04 2.236009823301320012e+03 3.153900000000000000e+04 4.146100000000000000e+04
2.554766986187665401e-01 9.899999999999985478e-01 1.443289932012703503e-15 3.492112999999999738e+04 2.022130884265407985e+03 3.137300000000000000e+04 4.108300000000000000e+04
2.810243684806432163e-01 9.899999999999985478e-01 1.443289932012703503e-15 3.468220999999999913e+04 2.043985471058930443e+03 3.128400000000000000e+04 4.000700000000000000e+04
3.091268053287075657e-01 9.899999999999985478e-01 1.443289932012703503e-15 3.398870999999999913e+04 1.763418051937769860e+03 3.067700000000000000e+04 3.981400000000000000e+04
3.400394858615783389e-01 9.899999999999985478e-01 1.443289932012703503e-15 3.398425000000000000e+04 2.161223636623475159e+03 2.984300000000000000e+04 4.260100000000000000e+04
3.740434344477361894e-01 9.899999999999985478e-01 1.443289932012703503e-15 3.371501000000000204e+04 2.177798652286294327e+03 2.963900000000000000e+04 4.384200000000000000e+04
4.114477778925098583e-01 9.899999999999985478e-01 1.443289932012703503e-15 3.312293000000000029e+04 1.795073192128945038e+03 2.917300000000000000e+04 3.881700000000000000e+04
4.525925556817608775e-01 9.899999999999985478e-01 1.443289932012703503e-15 3.268729000000000087e+04 1.824319935181326855e+03 2.807900000000000000e+04 3.959500000000000000e+04
4.978518112499369930e-01 9.899999999999985478e-01 1.443289932012703503e-15 3.242029000000000087e+04 1.795014586542404231e+03 2.881000000000000000e+04 3.973900000000000000e+04
5.476369923749306867e-01 9.899999999999985478e-01 1.443289932012703503e-15 3.251341999999999825e+04 2.287093099023299146e+03 2.919700000000000000e+04 4.090800000000000000e+04
6.024006916124238220e-01 9.899999999999985478e-01 1.443289932012703503e-15 3.199177999999999884e+04 1.744870061523207141e+03 2.888100000000000000e+04 3.720600000000000000e+04
6.626407607736662930e-01 9.899999999999985478e-01 1.443289932012703503e-15 3.210059000000000015e+04 1.871902546047736905e+03 2.903600000000000000e+04 3.590300000000000000e+04
7.289048368510330222e-01 9.899999999999985478e-01 1.443289932012703503e-15 3.214615999999999985e+04 1.975651055829445113e+03 2.868100000000000000e+04 3.790500000000000000e+04
8.017953205361363356e-01 9.899999999999985478e-01 1.443289932012703503e-15 3.245431999999999971e+04 2.419099377371669561e+03 2.861800000000000000e+04 4.121000000000000000e+04
8.819748525897500580e-01 9.899999999999985478e-01 1.443289932012703503e-15 3.173002999999999884e+04 1.915595674744542748e+03 2.821400000000000000e+04 3.909200000000000000e+04
9.701723378487251415e-01 9.899999999999985478e-01 1.443289932012703503e-15 3.211120999999999913e+04 2.065792880687703473e+03 2.847800000000000000e+04 3.842500000000000000e+04
9.801723378487251503e-01 9.899999999999985478e-01 1.443289932012703503e-15 3.211925999999999840e+04 2.049537877766595557e+03 2.869300000000000000e+04 4.059200000000000000e+04
9.901723378487251592e-01 9.899999999999985478e-01 1.443289932012703503e-15 3.210531999999999971e+04 1.847735911216751674e+03 2.829500000000000000e+04 3.757500000000000000e+04
1.000172337848725057e+00 9.899999999999985478e-01 1.443289932012703503e-15 3.214027999999999884e+04 2.608155494137572077e+03 2.782600000000000000e+04 4.215200000000000000e+04
