1.000000000000000021e-02 9.899999999999985478e-01 1.443289932012703503e-15 5.397112000000000262e+04 3.737862780466934055e+03 4.430500000000000000e+04 6.536400000000000000e+04
1.100000000000000110e-02 9.899999999999985478e-01 1.443289932012703503e-15 5.219759999999999854e+04 3.926676923302960404e+03 4.364900000000000000e+04 6.329300000000000000e+04
1.210000000000000138e-02 9.899999999999985478e-01 1.443289932012703503e-15 5.227212999999999738e+04 3.565218682367184101e+03 4.138800000000000000e+04 5.988400000000000000e+04
1.331000000000000238e-02 9.899999999999985478e-01 1.443289932012703503e-15 5.111272000000000116e+04 3.153869357091380607e+03 4.378400000000000000e+04 5.910000000000000000e+04
1.464100000000000297e-02 9.899999999999985478e-01 1.443289932012703503e-15 5.061612000000000262e+04 3.569412268931679137e+03 4.223100000000000000e+04 6.132700000000000000e+04
1.610510000000000413e-02 9.899999999999985478e-01 1.443289932012703503e-15 4.967280000000000291e+04 3.499980742804165857e+03 4.077100000000000000e+04 5.766500000000000000e+04
1.771561000000000663e-02 9.899999999999985478e-01 1.443289932012703503e-15 4.818505999999999767e+04 3.389886608192079620e+03 4.115900000000000000e+04 5.625600000000000000e+04
1.948717100000000799e-02 9.899999999999985478e-01 1.443289932012703503e-15 4.696851999999999680e+04 3.510267976892933348e+03 4.049300000000000000e+04 5.744700000000000000e+04
2.143588810000001191e-02 9.899999999999985478e-01 1.443289932012703503e-15 4.613826999999999680e+04 3.309988111323059911e+03 3.894500000000000000e+04 5.785300000000000000e+04
2.357947691000001483e-02 9.899999999999985478e-01 1.443289932012703503e-15 4.597205999999999767e+04 3.192229900304800594e+03 3.831100000000000000e+04 5.252600000000000000e+04
2.593742460100001770e-02 9.899999999999985478e-01 1.443289932012703503e-15 4.481437999999999738e+04 3.505860087852907782e+03 3.807500000000000000e+04 5.284300000000000000e+04
2.853116706110002052e-02 9.899999999999985478e-01 1.443289932012703503e-15 4.403433000000000175e+04 3.125359774665950681e+03 3.693300000000000000e+04 5.211600000000000000e+04
3.138428376721002361e-02 9.899999999999985478e-01 1.443289932012703503e-15 4.341180999999999767e+04 2.931624132439218556e+03 3.702900000000000000e+04 5.166900000000000000e+04
3.452271214393103083e-02 9.899999999999985478e-01 1.443289932012703503e-15 4.274158000000000175e+04 3.220576812249631530e+03 3.394700000000000000e+04 5.189800000000000000e+04
3.797498335832413807e-02 9.899999999999985478e-01 1.443289932012703503e-15 4.119701000000000204e+04 2.889630092226338547e+03 3.606500000000000000e+04 5.074200000000000000e+04
4.177248169415655188e-02 9.899999999999985478e-01 1.443289932012703503e-15 4.063683999999999651e+04 2.475370811494714417e+03 3.501400000000000000e+04 4.851100000000000000e+04
4.594972986357220845e-02 9.899999999999985478e-01 1.443289932012703503e-15 3.970176999999999680e+04 3.004982744892223309e+03 3.438900000000000000e+04 4.875000000000000000e+04
5.054470284992943624e-02 9.899999999999985478e-01 1.443289932012703503e-15 3.916591999999999825e+04 2.749181677081381622e+03 3.206100000000000000e+04 4.551200000000000000e+04
5.559917313492238750e-02 9.899999999999985478e-01 1.443289932012703503e-15 3.916158999999999651e+04 2.978170042475748232e+03 3.387500000000000000e+04 4.907700000000000000e+04
6.115909044841463110e-02 9.899999999999985478e-01 1.443289932012703503e-15 3.808523999999999796e+04 2.626346755933039276e+03 3.144600000000000000e+04 4.508600000000000000e+04
6.727499949325610462e-02 9.899999999999985478e-01 1.443289932012703503e-15 3.764958000000000175e+04 2.954835874223811970e+03 3.205400000000000000e+04 4.772800000000000000e+04
7.400249944258172063e-02 9.899999999999985478e-01 1.443289932012703503e-15 3.685651999999999680e+04 2.577639678000010917e+03 3.018300000000000000e+04 4.203100000000000000e+04
8.140274938683990380e-02 9.899999999999985478e-01 1.443289932012703503e-15 3.600437000000000262e+04 2.529512327129480582e+03 3.198900000000000000e+04 4.343200000000000000e+04
8.954302432552389834e-02 9.899999999999985478e-01 1.443289932012703503e-15 3.534961000000000058e+04 2.548900876436743602e+03 3.052700000000000000e+04 4.280700000000000000e+04
9.849732675807629234e-02 9.899999999999985478e-01 1.443289932012703503e-15 3.437709999999999854e+04 2.444779930791318293e+03 2.985000000000000000e+04 4.076600000000000000e+04
1.083470594338839244e-01 9.899999999999985478e-01 1.443289932012703503e-15 3.433077999999999884e+04 2.374983286593823323e+03 2.972600000000000000e+04 4.409300000000000000e+04
1.191817653772723196e-01 9.899999999999985478e-01 1.443289932012703503e-15 3.347862000000000262e+04 2.489401842933357784e+03 2.917700000000000000e+04 4.110200000000000000e+04
1.310999419149995737e-01 9.899999999999985478e-01 1.443289932012703503e-15 3.307597000000000116e+04 2.528108998658879045e+03 2.763800000000000000e+04 4.063300000000000000e+04
1.442099361064995422e-01 9.899999999999985478e-01 1.443289932012703503e-15 3.253624000000000160e+04 2.566494457893880281e+03 2.823300000000000000e+04 4.273800000000000000e+04
1.586309297171495103e-01 9.899999999999985478e-01 1.443289932012703503e-15 3.130150999999999840e+04 2.151478256896871244e+03 2.670500000000000000e+04 3.842000000000000000e+04
1.744940226888644641e-01 9.899999999999985478e-01 1.443289932012703503e-15 3.172025000000000000e+04 2.225248715874250138e+03 2.732900000000000000e+04 3.778100000000000000e+04
1.919434249577509355e-01 9.899999999999985478e-01 1.443289932012703503e-15 3.104291999999999825e+04 2.301213626241596558e+03 2.582000000000000000e+04 3.875900000000000000e+04
2.111377674535260540e-01 9.899999999999985478e-01 1.443289932012703503e-15 3.078079000000000087e+04 2.306596966507152501e+03 2.675600000000000000e+04 4.060500000000000000e+04
2.322515441988786677e-01 9.899999999999985478e-01 1.443289932012703503e-15 2.959977000000000044e+04 2.034145348076189066e+03 2.600900000000000000e+04 3.522700000000000000e+04
2.554766986187665401e-01 9.899999999999985478e-01 1.443289932012703503e-15 2.981829000000000087e+04 2.173089042331215296e+03 2.553500000000000000e+04 3.734400000000000000e+04
2.810243684806432163e-01 9.899999999999985478e-01 1.443289932012703503e-15 2.891693000000000029e+04 1.776754283827676772e+03 2.609000000000000000e+04 3.341300000000000000e+04
3.091268053287075657e-01 9.899999999999985478e-01 1.443289932012703503e-15 2.857947999999999956e+04 1.778033781906294053e+03 2.528100000000000000e+04 3.376200000000000000e+04
3.400394858615783389e-01 9.899999999999985478e-01 1.443289932012703503e-15 2.871197999999999956e+04 2.280833693981216129e+03 2.499800000000000000e+04 3.677700000000000000e+04
3.740434344477361894e-01 9.899999999999985478e-01 1.443289932012703503e-15 2.786065000000000146e+04 2.027158752416790776e+03 2.480700000000000000e+04 3.517200000000000000e+04
4.114477778925098583e-01 9.899999999999985478e-01 1.443289932012703503e-15 2.791454999999999927e+04 1.741223462827216053e+03 2.318200000000000000e+04 3.349400000000000000e+04
4.525925556817608775e-01 9.899999999999985478e-01 1.443289932012703503e-15 2.766297000000000116e+04 2.338777768215697506e+03 2.388600000000000000e+04 3.707900000000000000e+04
4.978518112499369930e-01 9.899999999999985478e-01 1.443289932012703503e-15 2.739270000000000073e+04 1.824306106441569682e+03 2.445700000000000000e+04 3.525900000000000000e+04
5.476369923749306867e-01 9.899999999999985478e-01 1.443289932012703503e-15 2.717795000000000073e+04 2.226381837758293841e+03 2.443100000000000000e+04 3.583700000000000000e+04
6.024006916124238220e-01 9.899999999999985478e-01 1.443289932012703503e-15 2.687284999999999854e+04 1.725812176194153380e+03 2.388700000000000000e+04 3.331700000000000000e+04
6.626407607736662930e-01 9.899999999999985478e-01 1.443289932012703503e-15 2.660179000000000087e+04 1.833585620007966554e+03 2.387900000000000000e+04 3.273200000000000000e+04
7.289048368510330222e-01 9.899999999999985478e-01 1.443289932012703503e-15 2.720365000000000146e+04 2.181472334800513181e+03 2.369500000000000000e+04 3.496700000000000000e+04
8.017953205361363356e-01 9.899999999999985478e-01 1.443289932012703503e-15 2.673118999999999869e+04 2.066924056152040066e+03 2.280400000000000000e+04 3.291900000000000000e+04
8.819748525897500580e-01 9.899999999999985478e-01 1.443289932012703503e-15 2.639786000000000058e+04 1.760130750938690881e+03 2.351100000000000000e+04 3.309300000000000000e+04
9.701723378487251415e-01 9.899999999999985478e-01 1.443289932012703503e-15 2.623013999999999942e+04 1.802542554393653745e+03 2.296300000000000000e+04 3.319500000000000000e+04
9.801723378487251503e-01 9.899999999999985478e-01 1.443289932012703503e-15 2.633945000000000073e+04 1.788630265734089562e+03 2.260000000000000000e+04 3.253400000000000000e+04
9.901723378487251592e-01 9.899999999999985478e-01 1.443289932012703503e-15 2.664981999999999971e+04 1.715974611583749493e+03 2.297000000000000000e+04 3.159400000000000000e+04
1.000172337848725057e+00 9.899999999999985478e-01 1.443289932012703503e-15 2.657550999999999840e+04 2.010445783874810331e+03 2.291400000000000000e+04 3.345500000000000000e+04
