1.000000000000000021e-02 9.899999999999985478e-01 1.443289932012703503e-15 4.094831999999999971e+04 3.143219260185327585e+03 3.478800000000000000e+04 5.044500000000000000e+04
1.100000000000000110e-02 9.899999999999985478e-01 1.443289932012703503e-15 4.065380000000000291e+04 2.744880175891108593e+03 3.502000000000000000e+04 4.809900000000000000e+04
1.210000000000000138e-02 9.899999999999985478e-01 1.443289932012703503e-15 3.953656999999999971e+04 3.160540103384229951e+03 3.311000000000000000e+04 4.752000000000000000e+04
1.331000000000000238e-02 9.899999999999985478e-01 1.443289932012703503e-15 3.889141999999999825e+04 2.685706291387798046e+03 3.228500000000000000e+04 4.721300000000000000e+04
1.464100000000000297e-02 9.899999999999985478e-01 1.443289932012703503e-15 3.800506999999999971e+04 2.755848534498947629e+03 3.112300000000000000e+04 4.676300000000000000e+04
1.610510000000000413e-02 9.899999999999985478e-01 1.443289932012703503e-15 3.710616000000000349e+04 2.676634867590273188e+03 3.099200000000000000e+04 4.271000000000000000e+04
1.771561000000000663e-02 9.899999999999985478e-01 1.443289932012703503e-15 3.646372000000000116e+04 2.565194121621207159e+03 3.120100000000000000e+04 4.716200000000000000e+04
1.948717100000000799e-02 9.899999999999985478e-01 1.443289932012703503e-15 3.548316000000000349e+04 2.283120578156133888e+03 3.082100000000000000e+04 4.230200000000000000e+04
2.143588810000001191e-02 9.899999999999985478e-01 1.443289932012703503e-15 3.484337000000000262e+04 2.648576484283586524e+03 2.950900000000000000e+04 4.132100000000000000e+04
2.357947691000001483e-02 9.899999999999985478e-01 1.443289932012703503e-15 3.391437000000000262e+04 2.518283751506172393e+03 2.779900000000000000e+04 3.963300000000000000e+04
2.593742460100001770e-02 9.899999999999985478e-01 1.443289932012703503e-15 3.330008000000000175e+04 2.176066114252965235e+03 2.813200000000000000e+04 4.067800000000000000e+04
2.853116706110002052e-02 9.899999999999985478e-01 1.443289932012703503e-15 3.246352999999999884e+04 2.137257810630247604e+03 2.699600000000000000e+04 3.782400000000000000e+04
3.138428376721002361e-02 9.899999999999985478e-01 1.443289932012703503e-15 3.197597999999999956e+04 1.944436771818512852e+03 2.845200000000000000e+04 3.716000000000000000e+04
3.452271214393103083e-02 9.899999999999985478e-01 1.443289932012703503e-15 3.102620000000000073e+04 2.029901253755955167e+03 2.522300000000000000e+04 3.795400000000000000e+04
3.797498335832413807e-02 9.899999999999985478e-01 1.443289932012703503e-15 3.056056999999999971e+04 1.945333648786243657e+03 2.542600000000000000e+04 3.773200000000000000e+04
4.177248169415655188e-02 9.899999999999985478e-01 1.443289932012703503e-15 2.981340000000000146e+04 1.953165041669546099e+03 2.521800000000000000e+04 3.451800000000000000e+04
4.594972986357220845e-02 9.899999999999985478e-01 1.443289932012703503e-15 2.919466999999999825e+04 1.870606003705750936e+03 2.491800000000000000e+04 3.517200000000000000e+04
5.054470284992943624e-02 9.899999999999985478e-01 1.443289932012703503e-15 2.834018999999999869e+04 1.761241480859453532e+03 2.480400000000000000e+04 3.416900000000000000e+04
5.559917313492238750e-02 9.899999999999985478e-01 1.443289932012703503e-15 2.785193999999999869e+04 1.809244714349056721e+03 2.396200000000000000e+04 3.175600000000000000e+04
6.115909044841463110e-02 9.899999999999985478e-01 1.443289932012703503e-15 2.713045000000000073e+04 1.697767359652081041e+03 2.406300000000000000e+04 3.176900000000000000e+04
6.727499949325610462e-02 9.899999999999985478e-01 1.443289932012703503e-15 2.634581999999999971e+04 1.658413038901950131e+03 2.365300000000000000e+04 3.247000000000000000e+04
7.400249944258172063e-02 9.899999999999985478e-01 1.443289932012703503e-15 2.594106000000000131e+04 1.577194875847623280e+03 2.295100000000000000e+04 3.121500000000000000e+04
8.140274938683990380e-02 9.899999999999985478e-01 1.443289932012703503e-15 2.528713999999999942e+04 1.387121609809320034e+03 2.195400000000000000e+04 2.997000000000000000e+04
8.954302432552389834e-02 9.899999999999985478e-01 1.443289932012703503e-15 2.494265000000000146e+04 1.465762309346232087e+03 2.191300000000000000e+04 2.878000000000000000e+04
9.849732675807629234e-02 9.899999999999985478e-01 1.443289932012703503e-15 2.433174000000000160e+04 1.447959340727494464e+03 2.162300000000000000e+04 2.953900000000000000e+04
1.083470594338839244e-01 9.899999999999985478e-01 1.443289932012703503e-15 2.364763000000000102e+04 1.360967660563615254e+03 2.062200000000000000e+04 2.670500000000000000e+04
1.191817653772723196e-01 9.899999999999985478e-01 1.443289932012703503e-15 2.316308000000000175e+04 1.213303866968205057e+03 2.022600000000000000e+04 2.652800000000000000e+04
1.310999419149995737e-01 9.899999999999985478e-01 1.443289932012703503e-15 2.264174000000000160e+04 1.072480840108577468e+03 2.045200000000000000e+04 2.545900000000000000e+04
1.442099361064995422e-01 9.899999999999985478e-01 1.443289932012703503e-15 2.219525999999999840e+04 1.186627124416090282e+03 1.969900000000000000e+04 2.594300000000000000e+04
1.586309297171495103e-01 9.899999999999985478e-01 1.443289932012703503e-15 2.177166999999999825e+04 1.063200047545145708e+03 1.915400000000000000e+04 2.441100000000000000e+04
1.744940226888644641e-01 9.899999999999985478e-01 1.443289932012703503e-15 2.112072999999999956e+04 1.125224518529524403e+03 1.861000000000000000e+04 2.455100000000000000e+04
1.919434249577509355e-01 9.899999999999985478e-01 1.443289932012703503e-15 2.103395000000000073e+04 1.086417280560282506e+03 1.866500000000000000e+04 2.425500000000000000e+04
2.111377674535260540e-01 9.899999999999985478e-01 1.443289932012703503e-15 2.047299000000000160e+04 1.077498143803505855e+03 1.826600000000000000e+04 2.354000000000000000e+04
2.322515441988786677e-01 9.899999999999985478e-01 1.443289932012703503e-15 1.998325000000000000e+04 8.235883119010371729e+02 1.827800000000000000e+04 2.183600000000000000e+04
2.554766986187665401e-01 9.899999999999985478e-01 1.443289932012703503e-15 1.963775999999999840e+04 8.541769385788870750e+02 1.804600000000000000e+04 2.199600000000000000e+04
2.810243684806432163e-01 9.899999999999985478e-01 1.443289932012703503e-15 1.943125000000000000e+04 9.581613995042797569e+02 1.718200000000000000e+04 2.187000000000000000e+04
3.091268053287075657e-01 9.899999999999985478e-01 1.443289932012703503e-15 1.903345000000000073e+04 8.189320164091767538e+02 1.704400000000000000e+04 2.091100000000000000e+04
3.400394858615783389e-01 9.899999999999985478e-01 1.443289932012703503e-15 1.875845999999999913e+04 7.368841214193720361e+02 1.711700000000000000e+04 2.098400000000000000e+04
3.740434344477361894e-01 9.899999999999985478e-01 1.443289932012703503e-15 1.849245000000000073e+04 8.627502694870631785e+02 1.637200000000000000e+04 2.080000000000000000e+04
4.114477778925098583e-01 9.899999999999985478e-01 1.443289932012703503e-15 1.809920000000000073e+04 7.049985673744309906e+02 1.665400000000000000e+04 2.011400000000000000e+04
4.525925556817608775e-01 9.899999999999985478e-01 1.443289932012703503e-15 1.798795000000000073e+04 7.903354019022558532e+02 1.672100000000000000e+04 2.063600000000000000e+04
4.978518112499369930e-01 9.899999999999985478e-01 1.443289932012703503e-15 1.775409000000000015e+04 7.439287209807134786e+02 1.645700000000000000e+04 1.954800000000000000e+04
5.476369923749306867e-01 9.899999999999985478e-01 1.443289932012703503e-15 1.755450000000000000e+04 7.344161286355305265e+02 1.606900000000000000e+04 1.956500000000000000e+04
6.024006916124238220e-01 9.899999999999985478e-01 1.443289932012703503e-15 1.751509000000000015e+04 7.205326931513934596e+02 1.581900000000000000e+04 1.970100000000000000e+04
6.626407607736662930e-01 9.899999999999985478e-01 1.443289932012703503e-15 1.725438000000000102e+04 7.029500519951612887e+02 1.569100000000000000e+04 1.897600000000000000e+04
7.289048368510330222e-01 9.899999999999985478e-01 1.443289932012703503e-15 1.714090999999999985e+04 7.356952506982765954e+02 1.581000000000000000e+04 1.980200000000000000e+04
8.017953205361363356e-01 9.899999999999985478e-01 1.443289932012703503e-15 1.727381000000000131e+04 7.493607368283984442e+02 1.599600000000000000e+04 2.087000000000000000e+04
8.819748525897500580e-01 9.899999999999985478e-01 1.443289932012703503e-15 1.714040000000000146e+04 7.858487768012364540e+02 1.484800000000000000e+04 1.889300000000000000e+04
9.701723378487251415e-01 9.899999999999985478e-01 1.443289932012703503e-15 1.708168000000000029e+04 6.489063396207498045e+02 1.497400000000000000e+04 1.901000000000000000e+04
9.801723378487251503e-01 9.899999999999985478e-01 1.443289932012703503e-15 1.730174000000000160e+04 7.248795295771566316e+02 1.567900000000000000e+04 1.971900000000000000e+04
9.901723378487251592e-01 9.899999999999985478e-01 1.443289932012703503e-15 1.701252000000000044e+04 7.072368553744919382e+02 1.549000000000000000e+04 1.870000000000000000e+04
1.000172337848725057e+00 9.899999999999985478e-01 1.443289932012703503e-15 1.716438999999999942e+04 6.796602371038045476e+02 1.549300000000000000e+04 1.884200000000000000e+04
