1.000000000000000021e-02 9.899999999999985478e-01 1.443289932012703503e-15 5.607137999999999738e+04 4.292958228960537781e+03 4.534000000000000000e+04 6.858800000000000000e+04
1.100000000000000110e-02 9.899999999999985478e-01 1.443289932012703503e-15 5.534922000000000116e+04 3.251379315244530972e+03 4.868100000000000000e+04 6.506300000000000000e+04
1.210000000000000138e-02 9.899999999999985478e-01 1.443289932012703503e-15 5.425076999999999680e+04 4.483821318596449601e+03 4.430800000000000000e+04 7.412400000000000000e+04
1.331000000000000238e-02 9.899999999999985478e-01 1.443289932012703503e-15 5.397819000000000233e+04 3.145752929570279321e+03 4.466700000000000000e+04 6.185000000000000000e+04
1.464100000000000297e-02 9.899999999999985478e-01 1.443289932012703503e-15 5.237159999999999854e+04 3.472301389568595368e+03 4.309900000000000000e+04 6.329300000000000000e+04
1.610510000000000413e-02 9.899999999999985478e-01 1.443289932012703503e-15 5.120372000000000116e+04 3.544402655116939059e+03 4.402800000000000000e+04 6.048000000000000000e+04
1.771561000000000663e-02 9.899999999999985478e-01 1.443289932012703503e-15 5.146938999999999942e+04 3.749006241379173389e+03 4.182900000000000000e+04 6.255300000000000000e+04
1.948717100000000799e-02 9.899999999999985478e-01 1.443289932012703503e-15 4.992519000000000233e+04 3.254562799194386116e+03 4.274000000000000000e+04 5.912700000000000000e+04
2.143588810000001191e-02 9.899999999999985478e-01 1.443289932012703503e-15 4.905773000000000320e+04 3.387736562529619277e+03 4.175500000000000000e+04 5.997400000000000000e+04
2.357947691000001483e-02 9.899999999999985478e-01 1.443289932012703503e-15 4.845419999999999709e+04 3.711805161912462609e+03 4.158900000000000000e+04 5.830200000000000000e+04
2.593742460100001770e-02 9.899999999999985478e-01 1.443289932012703503e-15 4.695891999999999825e+04 3.458585319693587735e+03 4.010600000000000000e+04 5.733600000000000000e+04
2.853116706110002052e-02 9.899999999999985478e-01 1.443289932012703503e-15 4.667631999999999971e+04 3.817001529682690943e+03 3.989700000000000000e+04 5.610800000000000000e+04
3.138428376721002361e-02 9.899999999999985478e-01 1.443289932012703503e-15 4.551108999999999651e+04 3.125077336947038930e+03 3.722600000000000000e+04 5.540100000000000000e+04
3.452271214393103083e-02 9.899999999999985478e-01 1.443289932012703503e-15 4.536769999999999709e+04 2.996687980087349843e+03 3.888400000000000000e+04 5.225800000000000000e+04
3.797498335832413807e-02 9.899999999999985478e-01 1.443289932012703503e-15 4.391766000000000349e+04 2.849765289352792479e+03 3.732300000000000000e+04 5.305300000000000000e+04
4.177248169415655188e-02 9.899999999999985478e-01 1.443289932012703503e-15 4.335430999999999767e+04 2.942112365954094457e+03 3.689400000000000000e+04 5.132300000000000000e+04
4.594972986357220845e-02 9.899999999999985478e-01 1.443289932012703503e-15 4.268747000000000116e+04 3.425562147896313036e+03 3.411500000000000000e+04 5.483200000000000000e+04
5.054470284992943624e-02 9.899999999999985478e-01 1.443289932012703503e-15 4.181412999999999738e+04 2.774620639492900864e+03 3.450000000000000000e+04 4.917000000000000000e+04
5.559917313492238750e-02 9.899999999999985478e-01 1.443289932012703503e-15 4.092416000000000349e+04 2.646525487200151474e+03 3.591400000000000000e+04 4.893700000000000000e+04
6.115909044841463110e-02 9.899999999999985478e-01 1.443289932012703503e-15 4.026061000000000058e+04 2.325150712943141571e+03 3.532800000000000000e+04 4.828100000000000000e+04
6.727499949325610462e-02 9.899999999999985478e-01 1.443289932012703503e-15 4.016704000000000087e+04 2.915795664720008972e+03 3.543700000000000000e+04 5.061200000000000000e+04
7.400249944258172063e-02 9.899999999999985478e-01 1.443289932012703503e-15 3.916391999999999825e+04 2.568826073053603977e+03 3.440200000000000000e+04 4.660600000000000000e+04
8.140274938683990380e-02 9.899999999999985478e-01 1.443289932012703503e-15 3.804923999999999796e+04 2.514356614006851487e+03 3.241800000000000000e+04 4.544100000000000000e+04
8.954302432552389834e-02 9.899999999999985478e-01 1.443289932012703503e-15 3.760569999999999709e+04 2.442202393332706379e+03 3.268800000000000000e+04 4.565200000000000000e+04
9.849732675807629234e-02 9.899999999999985478e-01 1.443289932012703503e-15 3.705204000000000087e+04 2.190599556833699353e+03 3.183200000000000000e+04 4.383800000000000000e+04
1.083470594338839244e-01 9.899999999999985478e-01 1.443289932012703503e-15 3.651091000000000349e+04 2.473988132934351597e+03 3.259800000000000000e+04 4.574900000000000000e+04
1.191817653772723196e-01 9.899999999999985478e-01 1.443289932012703503e-15 3.608229000000000087e+04 3.008484410114168895e+03 3.166100000000000000e+04 5.506100000000000000e+04
1.310999419149995737e-01 9.899999999999985478e-01 1.443289932012703503e-15 3.527934999999999854e+04 2.194339269005592541e+03 3.078400000000000000e+04 4.340300000000000000e+04
1.442099361064995422e-01 9.899999999999985478e-01 1.443289932012703503e-15 3.436690000000000146e+04 1.970383031291124325e+03 3.076400000000000000e+04 3.941600000000000000e+04
1.586309297171495103e-01 9.899999999999985478e-01 1.443289932012703503e-15 3.455169999999999709e+04 2.093409083289742284e+03 3.052800000000000000e+04 4.190700000000000000e+04
1.744940226888644641e-01 9.899999999999985478e-01 1.443289932012703503e-15 3.394909999999999854e+04 2.363271023391096605e+03 2.960300000000000000e+04 4.035800000000000000e+04
1.919434249577509355e-01 9.899999999999985478e-01 1.443289932012703503e-15 3.343769000000000233e+04 2.314082469122481598e+03 2.936300000000000000e+04 4.437800000000000000e+04
2.111377674535260540e-01 9.899999999999985478e-01 1.443289932012703503e-15 3.314605999999999767e+04 2.404890499877281854e+03 2.838200000000000000e+04 3.905100000000000000e+04
2.322515441988786677e-01 9.899999999999985478e-01 1.443289932012703503e-15 3.236070000000000073e+04 2.101647779719522987e+03 2.806300000000000000e+04 3.772400000000000000e+04
2.554766986187665401e-01 9.899999999999985478e-01 1.443289932012703503e-15 3.196199000000000160e+04 2.144583672860539536e+03 2.858500000000000000e+04 3.951500000000000000e+04
2.810243684806432163e-01 9.899999999999985478e-01 1.443289932012703503e-15 3.171577000000000044e+04 2.267563365619580964e+03 2.746100000000000000e+04 4.364900000000000000e+04
3.091268053287075657e-01 9.899999999999985478e-01 1.443289932012703503e-15 3.095940999999999985e+04 1.859009892899981196e+03 2.754200000000000000e+04 3.715900000000000000e+04
3.400394858615783389e-01 9.899999999999985478e-01 1.443289932012703503e-15 3.065293000000000029e+04 1.833217566220660046e+03 2.718500000000000000e+04 3.817300000000000000e+04
3.740434344477361894e-01 9.899999999999985478e-01 1.443289932012703503e-15 3.027440000000000146e+04 1.835254756157847396e+03 2.634100000000000000e+04 3.615400000000000000e+04
4.114477778925098583e-01 9.899999999999985478e-01 1.443289932012703503e-15 3.005211000000000058e+04 1.991655376288779962e+03 2.710000000000000000e+04 4.064300000000000000e+04
4.525925556817608775e-01 9.899999999999985478e-01 1.443289932012703503e-15 2.972634000000000015e+04 1.764056083122076188e+03 2.633200000000000000e+04 3.502300000000000000e+04
4.978518112499369930e-01 9.899999999999985478e-01 1.443289932012703503e-15 2.980113999999999942e+04 1.977423257777656318e+03 2.664200000000000000e+04 3.946300000000000000e+04
5.476369923749306867e-01 9.899999999999985478e-01 1.443289932012703503e-15 2.942461000000000058e+04 1.803256670000141412e+03 2.622300000000000000e+04 3.712700000000000000e+04
6.024006916124238220e-01 9.899999999999985478e-01 1.443289932012703503e-15 2.931790000000000146e+04 1.690724859342879199e+03 2.560200000000000000e+04 3.469400000000000000e+04
6.626407607736662930e-01 9.899999999999985478e-01 1.443289932012703503e-15 2.912216999999999825e+04 1.774168374506771215e+03 2.664800000000000000e+04 3.767500000000000000e+04
7.289048368510330222e-01 9.899999999999985478e-01 1.443289932012703503e-15 2.913056999999999971e+04 1.981250772895748241e+03 2.595600000000000000e+04 3.518400000000000000e+04
8.017953205361363356e-01 9.899999999999985478e-01 1.443289932012703503e-15 2.889529999999999927e+04 1.644426206918388743e+03 2.579900000000000000e+04 3.408100000000000000e+04
8.819748525897500580e-01 9.899999999999985478e-01 1.443289932012703503e-15 2.923572999999999956e+04 2.143421810353715955e+03 2.558100000000000000e+04 3.916600000000000000e+04
9.701723378487251415e-01 9.899999999999985478e-01 1.443289932012703503e-15 2.941022999999999956e+04 2.088188946695197501e+03 2.561600000000000000e+04 3.800200000000000000e+04
9.801723378487251503e-01 9.899999999999985478e-01 1.443289932012703503e-15 2.905436999999999898e+04 1.726956563756019932e+03 2.611000000000000000e+04 3.505700000000000000e+04
9.901723378487251592e-01 9.899999999999985478e-01 1.443289932012703503e-15 2.930309999999999854e+04 1.842882250714896145e+03 2.598300000000000000e+04 3.677300000000000000e+04
1.000172337848725057e+00 9.899999999999985478e-01 1.443289932012703503e-15 2.889359999999999854e+04 1.746970886992683063e+03 2.610700000000000000e+04 3.672800000000000000e+04
