1.000000000000000021e-02 9.899999999999985478e-01 1.443289932012703503e-15 5.813376999999999680e+04 3.661853186175000246e+03 4.932300000000000000e+04 6.631200000000000000e+04
1.100000000000000110e-02 9.899999999999985478e-01 1.443289932012703503e-15 5.721741999999999825e+04 4.088799609127353051e+03 4.823000000000000000e+04 6.712900000000000000e+04
1.210000000000000138e-02 9.899999999999985478e-01 1.443289932012703503e-15 5.710808999999999651e+04 4.237942508092813114e+03 4.926100000000000000e+04 7.071200000000000000e+04
1.331000000000000238e-02 9.899999999999985478e-01 1.443289932012703503e-15 5.580337000000000262e+04 4.177610244278419486e+03 4.744900000000000000e+04 6.608300000000000000e+04
1.464100000000000297e-02 9.899999999999985478e-01 1.443289932012703503e-15 5.499122000000000116e+04 3.655316228672972557e+03 4.793300000000000000e+04 6.441100000000000000e+04
1.610510000000000413e-02 9.899999999999985478e-01 1.443289932012703503e-15 5.385419000000000233e+04 3.586357217832601691e+03 4.523600000000000000e+04 6.420400000000000000e+04
1.771561000000000663e-02 9.899999999999985478e-01 1.443289932012703503e-15 5.356684999999999854e+04 3.411873427825247290e+03 4.625800000000000000e+04 6.585800000000000000e+04
1.948717100000000799e-02 9.899999999999985478e-01 1.443289932012703503e-15 5.249215000000000146e+04 3.785749408967793897e+03 4.555400000000000000e+04 6.372200000000000000e+04
2.143588810000001191e-02 9.899999999999985478e-01 1.443289932012703503e-15 5.180548000000000320e+04 3.182629436425170752e+03 4.304200000000000000e+04 6.222000000000000000e+04
2.357947691000001483e-02 9.899999999999985478e-01 1.443289932012703503e-15 4.997516999999999825e+04 3.420306989306661308e+03 4.354500000000000000e+04 5.932000000000000000e+04
2.593742460100001770e-02 9.899999999999985478e-01 1.443289932012703503e-15 4.972452999999999884e+04 2.958795651798211566e+03 4.346900000000000000e+04 5.690300000000000000e+04
2.853116706110002052e-02 9.899999999999985478e-01 1.443289932012703503e-15 4.899708000000000175e+04 3.154566834543215464e+03 4.351000000000000000e+04 5.900900000000000000e+04
3.138428376721002361e-02 9.899999999999985478e-01 1.443289932012703503e-15 4.865077999999999884e+04 2.743085498412325705e+03 4.271200000000000000e+04 5.632700000000000000e+04
3.452271214393103083e-02 9.899999999999985478e-01 1.443289932012703503e-15 4.765198000000000320e+04 3.404131160751594962e+03 4.157200000000000000e+04 5.868900000000000000e+04
3.797498335832413807e-02 9.899999999999985478e-01 1.443289932012703503e-15 4.658563999999999942e+04 2.869730037895551504e+03 4.030500000000000000e+04 5.359400000000000000e+04
4.177248169415655188e-02 9.899999999999985478e-01 1.443289932012703503e-15 4.561593000000000029e+04 3.321053975035635631e+03 3.806000000000000000e+04 5.633200000000000000e+04
4.594972986357220845e-02 9.899999999999985478e-01 1.443289932012703503e-15 4.494597000000000116e+04 2.743515961152768796e+03 3.888500000000000000e+04 5.192100000000000000e+04
5.054470284992943624e-02 9.899999999999985478e-01 1.443289932012703503e-15 4.468355999999999767e+04 2.973969775636599479e+03 3.735300000000000000e+04 5.325500000000000000e+04
5.559917313492238750e-02 9.899999999999985478e-01 1.443289932012703503e-15 4.371108000000000175e+04 3.055092900976989768e+03 3.723500000000000000e+04 5.289300000000000000e+04
6.115909044841463110e-02 9.899999999999985478e-01 1.443289932012703503e-15 4.271044999999999709e+04 2.709066881326484236e+03 3.650500000000000000e+04 5.269200000000000000e+04
6.727499949325610462e-02 9.899999999999985478e-01 1.443289932012703503e-15 4.187280999999999767e+04 2.928062733942017530e+03 3.519800000000000000e+04 5.092000000000000000e+04
7.400249944258172063e-02 9.899999999999985478e-01 1.443289932012703503e-15 4.179330999999999767e+04 2.700576055936954617e+03 3.693000000000000000e+04 4.999700000000000000e+04
8.140274938683990380e-02 9.899999999999985478e-01 1.443289932012703503e-15 4.080915000000000146e+04 2.317909853186702094e+03 3.564300000000000000e+04 4.905600000000000000e+04
8.954302432552389834e-02 9.899999999999985478e-01 1.443289932012703503e-15 4.004123000000000320e+04 2.549629996117084374e+03 3.495200000000000000e+04 4.848400000000000000e+04
9.849732675807629234e-02 9.899999999999985478e-01 1.443289932012703503e-15 3.964756999999999971e+04 2.402076598508049301e+03 3.566200000000000000e+04 4.781500000000000000e+04
1.083470594338839244e-01 9.899999999999985478e-01 1.443289932012703503e-15 3.900283999999999651e+04 2.265218429732549794e+03 3.405100000000000000e+04 4.467800000000000000e+04
1.191817653772723196e-01 9.899999999999985478e-01 1.443289932012703503e-15 3.845044999999999709e+04 2.843973707244847446e+03 3.418500000000000000e+04 4.843600000000000000e+04
1.310999419149995737e-01 9.899999999999985478e-01 1.443289932012703503e-15 3.799333999999999651e+04 2.042519264144160161e+03 3.442200000000000000e+04 4.246200000000000000e+04
1.442099361064995422e-01 9.899999999999985478e-01 1.443289932012703503e-15 3.711386000000000058e+04 2.133500180548387107e+03 3.277100000000000000e+04 4.236000000000000000e+04
1.586309297171495103e-01 9.899999999999985478e-01 1.443289932012703503e-15 3.653594000000000233e+04 2.237004616982271727e+03 3.250700000000000000e+04 4.443000000000000000e+04
1.744940226888644641e-01 9.899999999999985478e-01 1.443289932012703503e-15 3.571666000000000349e+04 2.111550327224051671e+03 3.168100000000000000e+04 4.239500000000000000e+04
1.919434249577509355e-01 9.899999999999985478e-01 1.443289932012703503e-15 3.511933000000000175e+04 1.814088471133643679e+03 3.108800000000000000e+04 4.126900000000000000e+04
2.111377674535260540e-01 9.899999999999985478e-01 1.443289932012703503e-15 3.489008999999999651e+04 2.257683007399399685e+03 3.122900000000000000e+04 4.338600000000000000e+04
2.322515441988786677e-01 9.899999999999985478e-01 1.443289932012703503e-15 3.443022000000000116e+04 2.143203138202256014e+03 2.945300000000000000e+04 4.145300000000000000e+04
2.554766986187665401e-01 9.899999999999985478e-01 1.443289932012703503e-15 3.344008999999999651e+04 1.877706857286302011e+03 2.919500000000000000e+04 3.903400000000000000e+04
2.810243684806432163e-01 9.899999999999985478e-01 1.443289932012703503e-15 3.338633999999999651e+04 2.107606866661806635e+03 2.910700000000000000e+04 4.012600000000000000e+04
3.091268053287075657e-01 9.899999999999985478e-01 1.443289932012703503e-15 3.278619999999999709e+04 2.046865305778570018e+03 2.910100000000000000e+04 4.249200000000000000e+04
3.400394858615783389e-01 9.899999999999985478e-01 1.443289932012703503e-15 3.253366999999999825e+04 2.071012298635621391e+03 2.957000000000000000e+04 4.195500000000000000e+04
3.740434344477361894e-01 9.899999999999985478e-01 1.443289932012703503e-15 3.215786999999999898e+04 1.980376220090515972e+03 2.792100000000000000e+04 3.684600000000000000e+04
4.114477778925098583e-01 9.899999999999985478e-01 1.443289932012703503e-15 3.192515999999999985e+04 1.840599487775653643e+03 2.891800000000000000e+04 3.640300000000000000e+04
4.525925556817608775e-01 9.899999999999985478e-01 1.443289932012703503e-15 3.144884999999999854e+04 1.991686151857265031e+03 2.716200000000000000e+04 3.818300000000000000e+04
4.978518112499369930e-01 9.899999999999985478e-01 1.443289932012703503e-15 3.150533000000000175e+04 2.293131173984602356e+03 2.702500000000000000e+04 4.185600000000000000e+04
5.476369923749306867e-01 9.899999999999985478e-01 1.443289932012703503e-15 3.132102000000000044e+04 2.203986542517898215e+03 2.807300000000000000e+04 3.874700000000000000e+04
6.024006916124238220e-01 9.899999999999985478e-01 1.443289932012703503e-15 3.077645000000000073e+04 1.794900762577140313e+03 2.756500000000000000e+04 3.728800000000000000e+04
6.626407607736662930e-01 9.899999999999985478e-01 1.443289932012703503e-15 3.086245999999999913e+04 1.792736921134832528e+03 2.682100000000000000e+04 3.670200000000000000e+04
7.289048368510330222e-01 9.899999999999985478e-01 1.443289932012703503e-15 3.073343000000000029e+04 2.125509460129500440e+03 2.694800000000000000e+04 3.762300000000000000e+04
8.017953205361363356e-01 9.899999999999985478e-01 1.443289932012703503e-15 3.042325999999999840e+04 1.767847581778474932e+03 2.705500000000000000e+04 3.650100000000000000e+04
8.819748525897500580e-01 9.899999999999985478e-01 1.443289932012703503e-15 3.070141999999999825e+04 2.067926455075228205e+03 2.764200000000000000e+04 3.783600000000000000e+04
9.701723378487251415e-01 9.899999999999985478e-01 1.443289932012703503e-15 3.053472000000000116e+04 2.307039297801405155e+03 2.733200000000000000e+04 4.108700000000000000e+04
9.801723378487251503e-01 9.899999999999985478e-01 1.443289932012703503e-15 3.078333000000000175e+04 2.175074072554771192e+03 2.716700000000000000e+04 3.851900000000000000e+04
9.901723378487251592e-01 9.899999999999985478e-01 1.443289932012703503e-15 3.063538000000000102e+04 2.039931051677972846e+03 2.644900000000000000e+04 4.147100000000000000e+04
1.000172337848725057e+00 9.899999999999985478e-01 1.443289932012703503e-15 3.051704000000000087e+04 1.947307936203208783e+03 2.712400000000000000e+04 3.727600000000000000e+04
