1.000000000000000021e-02 9.899999999999985478e-01 1.443289932012703503e-15 5.543419000000000233e+04 3.651861154794907179e+03 4.626000000000000000e+04 6.543300000000000000e+04
1.100000000000000110e-02 9.899999999999985478e-01 1.443289932012703503e-15 5.454401000000000204e+04 3.523118699377017037e+03 4.632700000000000000e+04 6.348600000000000000e+04
1.210000000000000138e-02 9.899999999999985478e-01 1.443289932012703503e-15 5.292426999999999680e+04 3.678303206248771403e+03 4.607000000000000000e+04 6.586300000000000000e+04
1.331000000000000238e-02 9.899999999999985478e-01 1.443289932012703503e-15 5.313191000000000349e+04 3.945701785728364030e+03 4.603400000000000000e+04 6.298700000000000000e+04
1.464100000000000297e-02 9.899999999999985478e-01 1.443289932012703503e-15 5.150240000000000146e+04 3.936981048976486818e+03 4.232600000000000000e+04 6.088600000000000000e+04
1.610510000000000413e-02 9.899999999999985478e-01 1.443289932012703503e-15 5.030476999999999680e+04 3.878609595860350964e+03 4.233900000000000000e+04 6.453400000000000000e+04
1.771561000000000663e-02 9.899999999999985478e-01 1.443289932012703503e-15 4.986183999999999651e+04 3.416650338328463477e+03 4.179900000000000000e+04 5.754000000000000000e+04
1.948717100000000799e-02 9.899999999999985478e-01 1.443289932012703503e-15 4.917015000000000146e+04 3.409378533912009061e+03 4.174600000000000000e+04 5.922100000000000000e+04
2.143588810000001191e-02 9.899999999999985478e-01 1.443289932012703503e-15 4.790951000000000204e+04 3.357660460782179598e+03 4.085400000000000000e+04 5.911700000000000000e+04
2.357947691000001483e-02 9.899999999999985478e-01 1.443289932012703503e-15 4.750794000000000233e+04 3.583245536716678544e+03 3.913800000000000000e+04 5.819600000000000000e+04
2.593742460100001770e-02 9.899999999999985478e-01 1.443289932012703503e-15 4.637662999999999738e+04 3.381421797572731066e+03 3.840800000000000000e+04 5.446300000000000000e+04
2.853116706110002052e-02 9.899999999999985478e-01 1.443289932012703503e-15 4.558556999999999971e+04 3.377307046316635478e+03 3.813600000000000000e+04 5.434500000000000000e+04
3.138428376721002361e-02 9.899999999999985478e-01 1.443289932012703503e-15 4.531562999999999738e+04 3.295787313086207178e+03 3.885900000000000000e+04 5.575400000000000000e+04
3.452271214393103083e-02 9.899999999999985478e-01 1.443289932012703503e-15 4.410987000000000262e+04 2.838342518636537534e+03 3.908300000000000000e+04 5.197900000000000000e+04
3.797498335832413807e-02 9.899999999999985478e-01 1.443289932012703503e-15 4.328394000000000233e+04 2.892269931455223286e+03 3.721900000000000000e+04 5.069500000000000000e+04
4.177248169415655188e-02 9.899999999999985478e-01 1.443289932012703503e-15 4.268419000000000233e+04 3.061802458340512658e+03 3.627200000000000000e+04 5.103600000000000000e+04
4.594972986357220845e-02 9.899999999999985478e-01 1.443289932012703503e-15 4.186966999999999825e+04 2.504569811584416129e+03 3.532800000000000000e+04 4.867900000000000000e+04
5.054470284992943624e-02 9.899999999999985478e-01 1.443289932012703503e-15 4.153458000000000175e+04 2.443119228281747382e+03 3.651400000000000000e+04 4.779800000000000000e+04
5.559917313492238750e-02 9.899999999999985478e-01 1.443289932012703503e-15 4.062420999999999913e+04 3.127717085335564661e+03 3.535800000000000000e+04 5.058400000000000000e+04
6.115909044841463110e-02 9.899999999999985478e-01 1.443289932012703503e-15 3.983418000000000029e+04 2.592403588872688943e+03 3.380400000000000000e+04 4.772200000000000000e+04
6.727499949325610462e-02 9.899999999999985478e-01 1.443289932012703503e-15 3.899033999999999651e+04 2.482173778042142658e+03 3.343600000000000000e+04 4.593800000000000000e+04
7.400249944258172063e-02 9.899999999999985478e-01 1.443289932012703503e-15 3.826855000000000291e+04 2.567897257971977069e+03 3.283100000000000000e+04 4.607700000000000000e+04
8.140274938683990380e-02 9.899999999999985478e-01 1.443289932012703503e-15 3.769669999999999709e+04 2.523906537493019187e+03 3.183000000000000000e+04 4.499200000000000000e+04
8.954302432552389834e-02 9.899999999999985478e-01 1.443289932012703503e-15 3.709115000000000146e+04 2.339066234098555924e+03 3.251400000000000000e+04 4.259700000000000000e+04
9.849732675807629234e-02 9.899999999999985478e-01 1.443289932012703503e-15 3.642776999999999680e+04 2.104800203606033392e+03 3.088800000000000000e+04 4.205500000000000000e+04
1.083470594338839244e-01 9.899999999999985478e-01 1.443289932012703503e-15 3.634572000000000116e+04 2.672041489498245937e+03 3.171400000000000000e+04 4.305700000000000000e+04
1.191817653772723196e-01 9.899999999999985478e-01 1.443289932012703503e-15 3.464619000000000233e+04 1.941387074722606485e+03 3.056800000000000000e+04 3.909900000000000000e+04
1.310999419149995737e-01 9.899999999999985478e-01 1.443289932012703503e-15 3.498941999999999825e+04 2.451550232730302014e+03 3.043500000000000000e+04 4.517200000000000000e+04
1.442099361064995422e-01 9.899999999999985478e-01 1.443289932012703503e-15 3.388333000000000175e+04 2.094659175403005975e+03 2.996200000000000000e+04 4.111000000000000000e+04
1.586309297171495103e-01 9.899999999999985478e-01 1.443289932012703503e-15 3.358398000000000320e+04 2.213593706984187975e+03 2.925900000000000000e+04 4.182300000000000000e+04
1.744940226888644641e-01 9.899999999999985478e-01 1.443289932012703503e-15 3.322255999999999767e+04 2.139500218836165459e+03 2.960700000000000000e+04 4.131100000000000000e+04
1.919434249577509355e-01 9.899999999999985478e-01 1.443289932012703503e-15 3.253727999999999884e+04 1.996638295135100861e+03 2.871200000000000000e+04 4.007600000000000000e+04
2.111377674535260540e-01 9.899999999999985478e-01 1.443289932012703503e-15 3.233934999999999854e+04 2.302931846038870390e+03 2.860500000000000000e+04 4.076500000000000000e+04
2.322515441988786677e-01 9.899999999999985478e-01 1.443289932012703503e-15 3.165365999999999985e+04 2.304630635134403292e+03 2.703300000000000000e+04 4.009900000000000000e+04
2.554766986187665401e-01 9.899999999999985478e-01 1.443289932012703503e-15 3.148588000000000102e+04 2.022762434296227866e+03 2.829000000000000000e+04 3.823200000000000000e+04
2.810243684806432163e-01 9.899999999999985478e-01 1.443289932012703503e-15 3.079134999999999854e+04 1.794255563597337641e+03 2.639400000000000000e+04 3.615800000000000000e+04
3.091268053287075657e-01 9.899999999999985478e-01 1.443289932012703503e-15 3.089838999999999942e+04 2.291311492988240389e+03 2.709500000000000000e+04 4.077000000000000000e+04
3.400394858615783389e-01 9.899999999999985478e-01 1.443289932012703503e-15 3.037106000000000131e+04 2.155814940202427806e+03 2.688500000000000000e+04 3.800700000000000000e+04
3.740434344477361894e-01 9.899999999999985478e-01 1.443289932012703503e-15 3.031765999999999985e+04 1.980205581347552652e+03 2.677200000000000000e+04 3.763600000000000000e+04
4.114477778925098583e-01 9.899999999999985478e-01 1.443289932012703503e-15 2.998059999999999854e+04 1.688310380232260286e+03 2.640900000000000000e+04 3.575300000000000000e+04
4.525925556817608775e-01 9.899999999999985478e-01 1.443289932012703503e-15 2.979770000000000073e+04 2.177224106517287055e+03 2.638100000000000000e+04 3.707800000000000000e+04
4.978518112499369930e-01 9.899389999999987921e-01 1.953944727979784141e-04 3.326335919999999925e+06 9.377434145042618737e+06 2.662800000000000000e+04 3.000000000000000000e+07
5.476369923749306867e-01 9.892130000000001200e-01 7.873569711382466573e-04 2.130867953999999911e+07 1.359928081519492343e+07 2.688500000000000000e+04 3.000000000000000000e+07
6.024006916124238220e-01 9.873409999999998021e-01 1.086102665497138331e-03 3.000000000000000000e+07 0.000000000000000000e+00 3.000000000000000000e+07 3.000000000000000000e+07
6.626407607736662930e-01 9.855550000000000699e-01 1.081145226137537885e-03 3.000000000000000000e+07 0.000000000000000000e+00 3.000000000000000000e+07 3.000000000000000000e+07
7.289048368510330222e-01 9.836870000000002001e-01 1.374602124252692495e-03 3.000000000000000000e+07 0.000000000000000000e+00 3.000000000000000000e+07 3.000000000000000000e+07
8.017953205361363356e-01 9.821139999999995984e-01 1.350186653763099610e-03 3.000000000000000000e+07 0.000000000000000000e+00 3.000000000000000000e+07 3.000000000000000000e+07
8.819748525897500580e-01 9.808779999999996946e-01 1.218817459671462863e-03 3.000000000000000000e+07 0.000000000000000000e+00 3.000000000000000000e+07 3.000000000000000000e+07
9.701723378487251415e-01 9.807169999999998389e-01 1.376739263622563754e-03 3.000000000000000000e+07 0.000000000000000000e+00 3.000000000000000000e+07 3.000000000000000000e+07
9.801723378487251503e-01 9.806790000000001895e-01 1.391710817662924560e-03 3.000000000000000000e+07 0.000000000000000000e+00 3.000000000000000000e+07 3.000000000000000000e+07
9.901723378487251592e-01 9.807010000000002670e-01 1.385892853001266523e-03 3.000000000000000000e+07 0.000000000000000000e+00 3.000000000000000000e+07 3.000000000000000000e+07
1.000172337848725057e+00 9.804150000000001475e-01 1.287429609726294284e-03 3.000000000000000000e+07 0.000000000000000000e+00 3.000000000000000000e+07 3.000000000000000000e+07
