1.000000000000000021e-02 9.899999999999985478e-01 1.443289932012703503e-15 6.825449000000000524e+04 3.800062148162842732e+03 6.057200000000000000e+04 8.023800000000000000e+04
1.100000000000000110e-02 9.899999999999985478e-01 1.443289932012703503e-15 6.696060000000000582e+04 4.345431654047732081e+03 5.807900000000000000e+04 7.777100000000000000e+04
1.210000000000000138e-02 9.899709999999987131e-01 2.434317152714443491e-04 6.652098599999999860e+05 4.190686027134896722e+06 5.871400000000000000e+04 3.000000000000000000e+07
1.331000000000000238e-02 9.899999999999985478e-01 1.443289932012703503e-15 6.603636000000000058e+04 4.084817725480539139e+03 5.603800000000000000e+04 7.922500000000000000e+04
1.464100000000000297e-02 9.899999999999985478e-01 1.443289932012703503e-15 6.417898000000000320e+04 3.648049774824899941e+03 5.428200000000000000e+04 7.529900000000000000e+04
1.610510000000000413e-02 9.899999999999985478e-01 1.443289932012703503e-15 6.379912999999999738e+04 4.191337501693225022e+03 5.506900000000000000e+04 7.612200000000000000e+04
1.771561000000000663e-02 9.899999999999985478e-01 1.443289932012703503e-15 6.299963999999999942e+04 3.446085360289265736e+03 5.735800000000000000e+04 7.162500000000000000e+04
1.948717100000000799e-02 9.899919999999986508e-01 7.959899496853196812e-05 3.613194600000000210e+05 2.978801451680716127e+06 5.377200000000000000e+04 3.000000000000000000e+07
2.143588810000001191e-02 9.899649999999985406e-01 3.482456029873112974e-04 3.602399500000000116e+05 2.978910033612896223e+06 5.334200000000000000e+04 3.000000000000000000e+07
2.357947691000001483e-02 9.899999999999985478e-01 1.443289932012703503e-15 6.046916000000000349e+04 3.484547177812348764e+03 5.334500000000000000e+04 6.882300000000000000e+04
2.593742460100001770e-02 9.899959999999985438e-01 3.979949748426044785e-05 3.590260300000000279e+05 2.979031920226241928e+06 5.186700000000000000e+04 3.000000000000000000e+07
2.853116706110002052e-02 9.899999999999985478e-01 1.443289932012703503e-15 5.843133999999999651e+04 3.368393887953129706e+03 5.105000000000000000e+04 6.704500000000000000e+04
3.138428376721002361e-02 9.899499999999987754e-01 2.636285265292783115e-04 1.554721800000000047e+06 6.525795134935064241e+06 5.006500000000000000e+04 3.000000000000000000e+07
3.452271214393103083e-02 9.899999999999985478e-01 1.443289932012703503e-15 5.727111000000000058e+04 3.179346816234428388e+03 5.106700000000000000e+04 6.732800000000000000e+04
3.797498335832413807e-02 9.899999999999985478e-01 1.443289932012703503e-15 5.591090000000000146e+04 2.955767113627187427e+03 4.944800000000000000e+04 6.334100000000000000e+04
4.177248169415655188e-02 9.899569999999987546e-01 3.642128498556797419e-04 6.543348499999999767e+05 4.192238915025215596e+06 4.912900000000000000e+04 3.000000000000000000e+07
4.594972986357220845e-02 9.898729999999984486e-01 7.701759539222148782e-04 9.530300999999999767e+05 5.108291521159565076e+06 4.891100000000000000e+04 3.000000000000000000e+07
5.054470284992943624e-02 9.899869999999986181e-01 1.197121547713493909e-04 6.527560600000000559e+05 4.192464624731170479e+06 4.751700000000000000e+04 3.000000000000000000e+07
5.559917313492238750e-02 9.899339999999986484e-01 4.479330307088306832e-04 1.251043689999999944e+06 5.868356792925967835e+06 4.672400000000000000e+04 3.000000000000000000e+07
6.115909044841463110e-02 9.899449999999987426e-01 3.782525611281378612e-04 1.250472209999999963e+06 5.868473562812153250e+06 4.671400000000000000e+04 3.000000000000000000e+07
6.727499949325610462e-02 9.899849999999986716e-01 1.395528573695240448e-04 6.505501300000000047e+05 4.192779650588083081e+06 4.579200000000000000e+04 3.000000000000000000e+07
7.400249944258172063e-02 9.899789999999986101e-01 1.551096386431201671e-04 6.495160000000000000e+05 4.192927444558228832e+06 4.458100000000000000e+04 3.000000000000000000e+07
8.140274938683990380e-02 9.899849999999986716e-01 9.937303457175799854e-05 9.478606800000000512e+05 5.109200318929159082e+06 4.438600000000000000e+04 3.000000000000000000e+07
8.954302432552389834e-02 9.899999999999985478e-01 1.443289932012703503e-15 4.942376000000000204e+04 2.727528878380575861e+03 4.436400000000000000e+04 5.954800000000000000e+04
9.849732675807629234e-02 9.899999999999985478e-01 1.443289932012703503e-15 4.789941000000000349e+04 2.460613456416915596e+03 4.208500000000000000e+04 5.467600000000000000e+04
1.083470594338839244e-01 9.899999999999985478e-01 1.443289932012703503e-15 4.746430999999999767e+04 2.505061023987240333e+03 4.165700000000000000e+04 5.409200000000000000e+04
1.191817653772723196e-01 9.899999999999985478e-01 1.443289932012703503e-15 4.695190000000000146e+04 2.660543754573489423e+03 4.230900000000000000e+04 5.622100000000000000e+04
1.310999419149995737e-01 9.899849999999986716e-01 1.492481155659872724e-04 3.450625499999999884e+05 2.980434220346198417e+06 4.174000000000000000e+04 3.000000000000000000e+07
1.442099361064995422e-01 9.899999999999985478e-01 1.443289932012703503e-15 4.520979000000000087e+04 2.335049426864450652e+03 4.092500000000000000e+04 5.355700000000000000e+04
1.586309297171495103e-01 9.899999999999985478e-01 1.443289932012703503e-15 4.468538999999999942e+04 2.346162756055086447e+03 3.946200000000000000e+04 5.118800000000000000e+04
1.744940226888644641e-01 9.899999999999985478e-01 1.443289932012703503e-15 4.383991000000000349e+04 2.078632882906455507e+03 3.966200000000000000e+04 5.059000000000000000e+04
1.919434249577509355e-01 9.899999999999985478e-01 1.443289932012703503e-15 4.317687999999999738e+04 2.048831595226898571e+03 3.877900000000000000e+04 4.815200000000000000e+04
2.111377674535260540e-01 9.899999999999985478e-01 1.443289932012703503e-15 4.247869000000000233e+04 2.421486942748194906e+03 3.827200000000000000e+04 5.031000000000000000e+04
2.322515441988786677e-01 9.899999999999985478e-01 1.443289932012703503e-15 4.210269999999999709e+04 2.462112485245140306e+03 3.810900000000000000e+04 5.255300000000000000e+04
2.554766986187665401e-01 9.899999999999985478e-01 1.443289932012703503e-15 4.156858999999999651e+04 2.471880013653575134e+03 3.726600000000000000e+04 5.038600000000000000e+04
2.810243684806432163e-01 9.899999999999985478e-01 1.443289932012703503e-15 4.060001999999999680e+04 1.935947685140277827e+03 3.706500000000000000e+04 4.512300000000000000e+04
3.091268053287075657e-01 9.899999999999985478e-01 1.443289932012703503e-15 4.046193000000000029e+04 1.939967361864626582e+03 3.726500000000000000e+04 4.608800000000000000e+04
3.400394858615783389e-01 9.899999999999985478e-01 1.443289932012703503e-15 3.973891000000000349e+04 2.208733275409233556e+03 3.571400000000000000e+04 4.985300000000000000e+04
3.740434344477361894e-01 9.899999999999985478e-01 1.443289932012703503e-15 3.939773999999999796e+04 1.542273254776857129e+03 3.668000000000000000e+04 4.501700000000000000e+04
4.114477778925098583e-01 9.899119999999986819e-01 2.857551399362690653e-04 3.934220640000000130e+06 1.007587505812169053e+07 3.642500000000000000e+04 3.000000000000000000e+07
4.525925556817608775e-01 9.889739999999999087e-01 1.139527972451752141e-03 2.011310035000000149e+07 1.408771505695226975e+07 3.656200000000000000e+04 3.000000000000000000e+07
4.978518112499369930e-01 9.873709999999998876e-01 1.289131102719962094e-03 2.880156392999999970e+07 5.871113741102918983e+06 3.718700000000000000e+04 3.000000000000000000e+07
5.476369923749306867e-01 9.853010000000002044e-01 1.621017890092519209e-03 3.000000000000000000e+07 0.000000000000000000e+00 3.000000000000000000e+07 3.000000000000000000e+07
6.024006916124238220e-01 9.824460000000003745e-01 1.701670943514054174e-03 3.000000000000000000e+07 0.000000000000000000e+00 3.000000000000000000e+07 3.000000000000000000e+07
6.626407607736662930e-01 9.796409999999999840e-01 1.699123009084395862e-03 3.000000000000000000e+07 0.000000000000000000e+00 3.000000000000000000e+07 3.000000000000000000e+07
7.289048368510330222e-01 9.771610000000003904e-01 2.180270396074766512e-03 3.000000000000000000e+07 0.000000000000000000e+00 3.000000000000000000e+07 3.000000000000000000e+07
8.017953205361363356e-01 9.757349999999999079e-01 2.078430898538608570e-03 3.000000000000000000e+07 0.000000000000000000e+00 3.000000000000000000e+07 3.000000000000000000e+07
8.819748525897500580e-01 9.736530000000006568e-01 1.848158813522255556e-03 3.000000000000000000e+07 0.000000000000000000e+00 3.000000000000000000e+07 3.000000000000000000e+07
9.701723378487251415e-01 9.733559999999996659e-01 1.915480096477117531e-03 3.000000000000000000e+07 0.000000000000000000e+00 3.000000000000000000e+07 3.000000000000000000e+07
9.801723378487251503e-01 9.731349999999996392e-01 2.088175040555747836e-03 3.000000000000000000e+07 0.000000000000000000e+00 3.000000000000000000e+07 3.000000000000000000e+07
9.901723378487251592e-01 9.736889999999999157e-01 2.068134183267613876e-03 3.000000000000000000e+07 0.000000000000000000e+00 3.000000000000000000e+07 3.000000000000000000e+07
1.000172337848725057e+00 9.730810000000001958e-01 1.914403040114598560e-03 3.000000000000000000e+07 0.000000000000000000e+00 3.000000000000000000e+07 3.000000000000000000e+07
