1.000000000000000021e-02 9.899999999999985478e-01 1.443289932012703503e-15 4.171605999999999767e+04 3.005252178503494633e+03 3.411000000000000000e+04 4.974000000000000000e+04
1.100000000000000110e-02 9.899999999999985478e-01 1.443289932012703503e-15 4.139519000000000233e+04 2.905533381997184733e+03 3.614000000000000000e+04 5.062400000000000000e+04
1.210000000000000138e-02 9.899999999999985478e-01 1.443289932012703503e-15 4.025297000000000116e+04 2.934641928600490246e+03 3.382500000000000000e+04 4.931400000000000000e+04
1.331000000000000238e-02 9.899999999999985478e-01 1.443289932012703503e-15 3.893841000000000349e+04 2.720070102387069710e+03 3.243400000000000000e+04 4.700400000000000000e+04
1.464100000000000297e-02 9.899999999999985478e-01 1.443289932012703503e-15 3.838972000000000116e+04 2.982530372284581063e+03 3.096700000000000000e+04 4.652200000000000000e+04
1.610510000000000413e-02 9.899999999999985478e-01 1.443289932012703503e-15 3.733952999999999884e+04 2.660439777386437981e+03 2.867200000000000000e+04 4.531400000000000000e+04
1.771561000000000663e-02 9.899999999999985478e-01 1.443289932012703503e-15 3.681650000000000000e+04 2.440544957586317651e+03 3.076200000000000000e+04 4.428100000000000000e+04
1.948717100000000799e-02 9.899999999999985478e-01 1.443289932012703503e-15 3.569673999999999796e+04 2.407776308630019230e+03 2.972400000000000000e+04 4.104100000000000000e+04
2.143588810000001191e-02 9.899999999999985478e-01 1.443289932012703503e-15 3.499509999999999854e+04 2.274198691847307146e+03 2.944700000000000000e+04 4.079800000000000000e+04
2.357947691000001483e-02 9.899999999999985478e-01 1.443289932012703503e-15 3.439926999999999680e+04 2.488636577947852402e+03 2.854500000000000000e+04 4.109100000000000000e+04
2.593742460100001770e-02 9.899999999999985478e-01 1.443289932012703503e-15 3.343569000000000233e+04 2.196663145295609411e+03 2.717800000000000000e+04 3.828300000000000000e+04
2.853116706110002052e-02 9.899999999999985478e-01 1.443289932012703503e-15 3.313483999999999651e+04 1.918552583173054245e+03 2.865400000000000000e+04 3.942900000000000000e+04
3.138428376721002361e-02 9.899999999999985478e-01 1.443289932012703503e-15 3.252225999999999840e+04 2.114722958782071601e+03 2.748700000000000000e+04 4.111000000000000000e+04
3.452271214393103083e-02 9.899999999999985478e-01 1.443289932012703503e-15 3.154965999999999985e+04 1.878284053171936876e+03 2.831800000000000000e+04 3.744900000000000000e+04
3.797498335832413807e-02 9.899999999999985478e-01 1.443289932012703503e-15 3.087163000000000102e+04 2.184223617924684731e+03 2.693400000000000000e+04 3.857300000000000000e+04
4.177248169415655188e-02 9.899999999999985478e-01 1.443289932012703503e-15 2.982095999999999913e+04 1.853513215059444974e+03 2.605200000000000000e+04 3.450300000000000000e+04
4.594972986357220845e-02 9.899999999999985478e-01 1.443289932012703503e-15 2.957475999999999840e+04 2.078274924643032136e+03 2.514800000000000000e+04 3.697800000000000000e+04
5.054470284992943624e-02 9.899999999999985478e-01 1.443289932012703503e-15 2.895625000000000000e+04 1.689416262352177000e+03 2.563600000000000000e+04 3.470200000000000000e+04
5.559917313492238750e-02 9.899999999999985478e-01 1.443289932012703503e-15 2.845513000000000102e+04 1.528599579059212147e+03 2.498500000000000000e+04 3.193900000000000000e+04
6.115909044841463110e-02 9.899999999999985478e-01 1.443289932012703503e-15 2.728677000000000044e+04 1.597039748127766870e+03 2.396900000000000000e+04 3.217700000000000000e+04
6.727499949325610462e-02 9.899999999999985478e-01 1.443289932012703503e-15 2.650418999999999869e+04 1.379821645684687610e+03 2.305100000000000000e+04 3.192400000000000000e+04
7.400249944258172063e-02 9.899999999999985478e-01 1.443289932012703503e-15 2.620686999999999898e+04 1.391239710869410374e+03 2.317300000000000000e+04 2.961100000000000000e+04
8.140274938683990380e-02 9.899999999999985478e-01 1.443289932012703503e-15 2.574102000000000044e+04 1.397399184055866272e+03 2.254900000000000000e+04 2.917600000000000000e+04
8.954302432552389834e-02 9.899999999999985478e-01 1.443289932012703503e-15 2.543618999999999869e+04 1.647148977445574019e+03 2.216200000000000000e+04 3.104900000000000000e+04
9.849732675807629234e-02 9.899999999999985478e-01 1.443289932012703503e-15 2.454424000000000160e+04 1.409032470314293732e+03 2.136300000000000000e+04 2.864900000000000000e+04
1.083470594338839244e-01 9.899999999999985478e-01 1.443289932012703503e-15 2.390800999999999840e+04 1.151819764503110264e+03 2.157400000000000000e+04 2.789500000000000000e+04
1.191817653772723196e-01 9.899999999999985478e-01 1.443289932012703503e-15 2.329886000000000058e+04 1.223233420243250521e+03 2.073900000000000000e+04 2.629400000000000000e+04
1.310999419149995737e-01 9.899999999999985478e-01 1.443289932012703503e-15 2.305791999999999825e+04 1.199282891398022002e+03 1.958400000000000000e+04 2.636800000000000000e+04
1.442099361064995422e-01 9.899999999999985478e-01 1.443289932012703503e-15 2.250065999999999985e+04 1.300399617194653047e+03 2.021300000000000000e+04 2.597000000000000000e+04
1.586309297171495103e-01 9.899999999999985478e-01 1.443289932012703503e-15 2.189440999999999985e+04 1.103759268092458797e+03 1.969400000000000000e+04 2.549200000000000000e+04
1.744940226888644641e-01 9.899999999999985478e-01 1.443289932012703503e-15 2.147441999999999825e+04 9.488741874453113496e+02 1.918000000000000000e+04 2.383300000000000000e+04
1.919434249577509355e-01 9.899999999999985478e-01 1.443289932012703503e-15 2.102984000000000015e+04 1.027406606169144879e+03 1.869900000000000000e+04 2.441600000000000000e+04
2.111377674535260540e-01 9.899999999999985478e-01 1.443289932012703503e-15 2.055365999999999985e+04 8.942357431907986438e+02 1.857000000000000000e+04 2.344900000000000000e+04
2.322515441988786677e-01 9.899999999999985478e-01 1.443289932012703503e-15 2.022272000000000116e+04 8.420469117572962432e+02 1.854700000000000000e+04 2.239400000000000000e+04
2.554766986187665401e-01 9.899999999999985478e-01 1.443289932012703503e-15 1.982402999999999884e+04 8.154855419319213752e+02 1.806900000000000000e+04 2.213300000000000000e+04
2.810243684806432163e-01 9.899999999999985478e-01 1.443289932012703503e-15 1.942025000000000000e+04 7.157448899573087147e+02 1.767800000000000000e+04 2.173700000000000000e+04
3.091268053287075657e-01 9.899999999999985478e-01 1.443289932012703503e-15 1.919275000000000000e+04 8.469594013292490899e+02 1.747000000000000000e+04 2.122800000000000000e+04
3.400394858615783389e-01 9.899999999999985478e-01 1.443289932012703503e-15 1.888683000000000175e+04 6.698763177632118868e+02 1.711300000000000000e+04 2.060900000000000000e+04
3.740434344477361894e-01 9.899999999999985478e-01 1.443289932012703503e-15 1.865334999999999854e+04 7.443157444928864379e+02 1.712100000000000000e+04 2.117700000000000000e+04
4.114477778925098583e-01 9.899999999999985478e-01 1.443289932012703503e-15 1.823186000000000058e+04 6.956193070926080964e+02 1.674300000000000000e+04 1.993900000000000000e+04
4.525925556817608775e-01 9.899999999999985478e-01 1.443289932012703503e-15 1.794422000000000116e+04 6.843992194618574558e+02 1.652200000000000000e+04 2.032200000000000000e+04
4.978518112499369930e-01 9.899999999999985478e-01 1.443289932012703503e-15 1.788904999999999927e+04 7.223872143802102528e+02 1.638300000000000000e+04 2.005900000000000000e+04
5.476369923749306867e-01 9.899999999999985478e-01 1.443289932012703503e-15 1.757363000000000102e+04 6.567184427896021361e+02 1.632700000000000000e+04 1.937200000000000000e+04
6.024006916124238220e-01 9.899999999999985478e-01 1.443289932012703503e-15 1.752525000000000000e+04 6.794422032078961138e+02 1.611800000000000000e+04 1.928700000000000000e+04
6.626407607736662930e-01 9.899999999999985478e-01 1.443289932012703503e-15 1.748120000000000073e+04 6.537094002689574381e+02 1.602300000000000000e+04 1.965000000000000000e+04
7.289048368510330222e-01 9.899999999999985478e-01 1.443289932012703503e-15 1.743727999999999884e+04 6.660798312514799591e+02 1.606100000000000000e+04 1.930600000000000000e+04
8.017953205361363356e-01 9.899999999999985478e-01 1.443289932012703503e-15 1.729006000000000131e+04 7.101871840578370438e+02 1.600800000000000000e+04 2.069700000000000000e+04
8.819748525897500580e-01 9.899999999999985478e-01 1.443289932012703503e-15 1.724593000000000029e+04 6.778297611495088404e+02 1.583100000000000000e+04 1.893200000000000000e+04
9.701723378487251415e-01 9.899999999999985478e-01 1.443289932012703503e-15 1.719650000000000000e+04 5.984284501926691746e+02 1.584400000000000000e+04 1.885700000000000000e+04
9.801723378487251503e-01 9.899999999999985478e-01 1.443289932012703503e-15 1.734256000000000131e+04 7.493074311656064310e+02 1.603200000000000000e+04 1.924100000000000000e+04
9.901723378487251592e-01 9.899999999999985478e-01 1.443289932012703503e-15 1.723825000000000000e+04 7.085474490110030956e+02 1.591400000000000000e+04 1.893200000000000000e+04
1.000172337848725057e+00 9.899999999999985478e-01 1.443289932012703503e-15 1.725236999999999898e+04 6.470483854396052266e+02 1.588600000000000000e+04 1.932500000000000000e+04
