1.000000000000000021e-02 5.778559999999999253e-01 4.692797315035032030e-02 3.000000000000000000e+07 0.000000000000000000e+00 3.000000000000000000e+07 3.000000000000000000e+07
1.100000000000000110e-02 5.735009999999999275e-01 4.668656657969185581e-02 3.000000000000000000e+07 0.000000000000000000e+00 3.000000000000000000e+07 3.000000000000000000e+07
1.210000000000000138e-02 5.760319999999997664e-01 4.688204748088547341e-02 3.000000000000000000e+07 0.000000000000000000e+00 3.000000000000000000e+07 3.000000000000000000e+07
1.331000000000000238e-02 5.802540000000001585e-01 4.945330003144378372e-02 3.000000000000000000e+07 0.000000000000000000e+00 3.000000000000000000e+07 3.000000000000000000e+07
1.464100000000000297e-02 5.749990000000001489e-01 4.704913919510109871e-02 3.000000000000000000e+07 0.000000000000000000e+00 3.000000000000000000e+07 3.000000000000000000e+07
1.610510000000000413e-02 5.745479999999999476e-01 5.576129747414419052e-02 3.000000000000000000e+07 0.000000000000000000e+00 3.000000000000000000e+07 3.000000000000000000e+07
1.771561000000000663e-02 5.730920000000001568e-01 4.798762898914678277e-02 3.000000000000000000e+07 0.000000000000000000e+00 3.000000000000000000e+07 3.000000000000000000e+07
1.948717100000000799e-02 5.716539999999998845e-01 5.107814487625799565e-02 3.000000000000000000e+07 0.000000000000000000e+00 3.000000000000000000e+07 3.000000000000000000e+07
2.143588810000001191e-02 5.738839999999999497e-01 5.059463552591322161e-02 3.000000000000000000e+07 0.000000000000000000e+00 3.000000000000000000e+07 3.000000000000000000e+07
2.357947691000001483e-02 5.736460000000002113e-01 4.639333878909773778e-02 3.000000000000000000e+07 0.000000000000000000e+00 3.000000000000000000e+07 3.000000000000000000e+07
2.593742460100001770e-02 5.682309999999998196e-01 5.150531563829115894e-02 3.000000000000000000e+07 0.000000000000000000e+00 3.000000000000000000e+07 3.000000000000000000e+07
2.853116706110002052e-02 5.668879999999998365e-01 5.492151724051331368e-02 3.000000000000000000e+07 0.000000000000000000e+00 3.000000000000000000e+07 3.000000000000000000e+07
3.138428376721002361e-02 5.674169999999998382e-01 4.741531620689670018e-02 3.000000000000000000e+07 0.000000000000000000e+00 3.000000000000000000e+07 3.000000000000000000e+07
3.452271214393103083e-02 5.743850000000000344e-01 4.669387192127034264e-02 3.000000000000000000e+07 0.000000000000000000e+00 3.000000000000000000e+07 3.000000000000000000e+07
3.797498335832413807e-02 5.772390000000000576e-01 4.744100103286185560e-02 3.000000000000000000e+07 0.000000000000000000e+00 3.000000000000000000e+07 3.000000000000000000e+07
4.177248169415655188e-02 5.732230000000001491e-01 4.898937814465499641e-02 3.000000000000000000e+07 0.000000000000000000e+00 3.000000000000000000e+07 3.000000000000000000e+07
4.594972986357220845e-02 5.582150000000002388e-01 4.365290225174037197e-02 3.000000000000000000e+07 0.000000000000000000e+00 3.000000000000000000e+07 3.000000000000000000e+07
5.054470284992943624e-02 5.681660000000000599e-01 4.508252703653599369e-02 3.000000000000000000e+07 0.000000000000000000e+00 3.000000000000000000e+07 3.000000000000000000e+07
5.559917313492238750e-02 5.736420000000002073e-01 5.364133700794564835e-02 3.000000000000000000e+07 0.000000000000000000e+00 3.000000000000000000e+07 3.000000000000000000e+07
6.115909044841463110e-02 5.878639999999999421e-01 6.119176663571661290e-02 3.000000000000000000e+07 0.000000000000000000e+00 3.000000000000000000e+07 3.000000000000000000e+07
6.727499949325610462e-02 5.790330000000001309e-01 5.054742536470081121e-02 3.000000000000000000e+07 0.000000000000000000e+00 3.000000000000000000e+07 3.000000000000000000e+07
7.400249944258172063e-02 5.940030000000002808e-01 5.911597323059140929e-02 3.000000000000000000e+07 0.000000000000000000e+00 3.000000000000000000e+07 3.000000000000000000e+07
8.140274938683990380e-02 6.027519999999999545e-01 6.079703525666362712e-02 3.000000000000000000e+07 0.000000000000000000e+00 3.000000000000000000e+07 3.000000000000000000e+07
8.954302432552389834e-02 6.087440000000000628e-01 6.972844945931321037e-02 3.000000000000000000e+07 0.000000000000000000e+00 3.000000000000000000e+07 3.000000000000000000e+07
9.849732675807629234e-02 6.050809999999999800e-01 6.234727852119929803e-02 3.000000000000000000e+07 0.000000000000000000e+00 3.000000000000000000e+07 3.000000000000000000e+07
1.083470594338839244e-01 6.275569999999999204e-01 7.180770885496906564e-02 3.000000000000000000e+07 0.000000000000000000e+00 3.000000000000000000e+07 3.000000000000000000e+07
1.191817653772723196e-01 6.583260000000001888e-01 7.676320944306587457e-02 3.000000000000000000e+07 0.000000000000000000e+00 3.000000000000000000e+07 3.000000000000000000e+07
1.310999419149995737e-01 6.752389999999999226e-01 9.594067947956175235e-02 3.000000000000000000e+07 0.000000000000000000e+00 3.000000000000000000e+07 3.000000000000000000e+07
1.442099361064995422e-01 7.141729999999998357e-01 1.186720066864970224e-01 3.000000000000000000e+07 0.000000000000000000e+00 3.000000000000000000e+07 3.000000000000000000e+07
1.586309297171495103e-01 7.597489999999998966e-01 1.222985179754848828e-01 3.000000000000000000e+07 0.000000000000000000e+00 3.000000000000000000e+07 3.000000000000000000e+07
1.744940226888644641e-01 8.611320000000003416e-01 1.012744359451090703e-01 3.000000000000000000e+07 0.000000000000000000e+00 3.000000000000000000e+07 3.000000000000000000e+07
1.919434249577509355e-01 9.129229999999999290e-01 8.722636740687988999e-02 3.000000000000000000e+07 0.000000000000000000e+00 3.000000000000000000e+07 3.000000000000000000e+07
2.111377674535260540e-01 9.451389999999999514e-01 6.791849806201546991e-02 3.000000000000000000e+07 0.000000000000000000e+00 3.000000000000000000e+07 3.000000000000000000e+07
2.322515441988786677e-01 9.692849999999998412e-01 1.054352289322691393e-02 3.000000000000000000e+07 0.000000000000000000e+00 3.000000000000000000e+07 3.000000000000000000e+07
2.554766986187665401e-01 9.778230000000001088e-01 6.868593087379683444e-03 2.910459662000000104e+07 5.091480584107380360e+06 1.368280000000000000e+05 3.000000000000000000e+07
2.810243684806432163e-01 9.828780000000001404e-01 4.586078499110112124e-03 2.910416205000000075e+07 5.093951134802940302e+06 1.137980000000000000e+05 3.000000000000000000e+07
3.091268053287075657e-01 9.854799999999996896e-01 3.597332344946736499e-03 2.641734532000000030e+07 9.701880233598370105e+06 1.106480000000000000e+05 3.000000000000000000e+07
3.400394858615783389e-01 9.856829999999995318e-01 3.193244588189261216e-03 2.760919971999999881e+07 8.107598436297100969e+06 1.081360000000000000e+05 3.000000000000000000e+07
3.740434344477361894e-01 9.857439999999999536e-01 2.849958596190471215e-03 2.671380219000000134e+07 9.347434617643212900e+06 1.044180000000000000e+05 3.000000000000000000e+07
4.114477778925098583e-01 9.848090000000003785e-01 2.639321693162841390e-03 2.940204110999999940e+07 4.185712356356642209e+06 9.478300000000000000e+04 3.000000000000000000e+07
4.525925556817608775e-01 9.830519999999998149e-01 2.412653311190818186e-03 3.000000000000000000e+07 0.000000000000000000e+00 3.000000000000000000e+07 3.000000000000000000e+07
4.978518112499369930e-01 9.812240000000000961e-01 2.096574348789002375e-03 3.000000000000000000e+07 0.000000000000000000e+00 3.000000000000000000e+07 3.000000000000000000e+07
5.476369923749306867e-01 9.778929999999997902e-01 2.707000369412611816e-03 3.000000000000000000e+07 0.000000000000000000e+00 3.000000000000000000e+07 3.000000000000000000e+07
6.024006916124238220e-01 9.754360000000003028e-01 2.518194591368980335e-03 3.000000000000000000e+07 0.000000000000000000e+00 3.000000000000000000e+07 3.000000000000000000e+07
6.626407607736662930e-01 9.717679999999995211e-01 2.627998477929537405e-03 3.000000000000000000e+07 0.000000000000000000e+00 3.000000000000000000e+07 3.000000000000000000e+07
7.289048368510330222e-01 9.686940000000002771e-01 2.808231471941013621e-03 3.000000000000000000e+07 0.000000000000000000e+00 3.000000000000000000e+07 3.000000000000000000e+07
8.017953205361363356e-01 9.663009999999998545e-01 2.607047947391841116e-03 3.000000000000000000e+07 0.000000000000000000e+00 3.000000000000000000e+07 3.000000000000000000e+07
8.819748525897500580e-01 9.636099999999998555e-01 2.921420887171173424e-03 3.000000000000000000e+07 0.000000000000000000e+00 3.000000000000000000e+07 3.000000000000000000e+07
9.701723378487251415e-01 9.626419999999999977e-01 2.634546640315942392e-03 3.000000000000000000e+07 0.000000000000000000e+00 3.000000000000000000e+07 3.000000000000000000e+07
9.801723378487251503e-01 9.630670000000001174e-01 2.710832160057127967e-03 3.000000000000000000e+07 0.000000000000000000e+00 3.000000000000000000e+07 3.000000000000000000e+07
9.901723378487251592e-01 9.625599999999998602e-01 2.991320778519086440e-03 3.000000000000000000e+07 0.000000000000000000e+00 3.000000000000000000e+07 3.000000000000000000e+07
1.000172337848725057e+00 9.628810000000000979e-01 2.814593931635610453e-03 3.000000000000000000e+07 0.000000000000000000e+00 3.000000000000000000e+07 3.000000000000000000e+07
