1.000000000000000021e-02 9.899999999999985478e-01 1.443289932012703503e-15 5.410150000000000000e+04 3.556653841745075169e+03 4.311600000000000000e+04 6.199700000000000000e+04
1.100000000000000110e-02 9.899999999999985478e-01 1.443289932012703503e-15 5.309890000000000146e+04 3.790052101224995113e+03 4.285800000000000000e+04 6.319300000000000000e+04
1.210000000000000138e-02 9.899999999999985478e-01 1.443289932012703503e-15 5.219512999999999738e+04 3.880311182508434285e+03 4.222800000000000000e+04 6.352600000000000000e+04
1.331000000000000238e-02 9.899999999999985478e-01 1.443289932012703503e-15 5.101147000000000116e+04 3.538533926515330677e+03 4.333500000000000000e+04 6.308600000000000000e+04
1.464100000000000297e-02 9.899999999999985478e-01 1.443289932012703503e-15 4.974329000000000087e+04 3.767905551616175671e+03 4.351400000000000000e+04 6.301900000000000000e+04
1.610510000000000413e-02 9.899999999999985478e-01 1.443289932012703503e-15 4.909066000000000349e+04 3.389148887906815162e+03 4.211400000000000000e+04 5.862000000000000000e+04
1.771561000000000663e-02 9.899999999999985478e-01 1.443289932012703503e-15 4.888137999999999738e+04 3.306794689060692235e+03 4.294300000000000000e+04 6.307900000000000000e+04
1.948717100000000799e-02 9.899999999999985478e-01 1.443289932012703503e-15 4.743561000000000058e+04 3.774051438162972318e+03 3.991000000000000000e+04 5.827500000000000000e+04
2.143588810000001191e-02 9.899999999999985478e-01 1.443289932012703503e-15 4.647341000000000349e+04 3.186986962932230199e+03 4.086200000000000000e+04 5.615000000000000000e+04
2.357947691000001483e-02 9.899999999999985478e-01 1.443289932012703503e-15 4.576845999999999913e+04 3.153503246930309615e+03 3.722900000000000000e+04 5.467700000000000000e+04
2.593742460100001770e-02 9.899999999999985478e-01 1.443289932012703503e-15 4.533576999999999680e+04 3.340129248562097018e+03 3.721200000000000000e+04 5.594200000000000000e+04
2.853116706110002052e-02 9.899999999999985478e-01 1.443289932012703503e-15 4.413755000000000291e+04 3.397652355303584955e+03 3.669200000000000000e+04 5.499100000000000000e+04
3.138428376721002361e-02 9.899999999999985478e-01 1.443289932012703503e-15 4.329643000000000029e+04 3.125215203006026059e+03 3.572400000000000000e+04 5.212300000000000000e+04
3.452271214393103083e-02 9.899999999999985478e-01 1.443289932012703503e-15 4.219562000000000262e+04 3.204393118142653748e+03 3.538500000000000000e+04 5.551500000000000000e+04
3.797498335832413807e-02 9.899999999999985478e-01 1.443289932012703503e-15 4.198938999999999942e+04 2.969228667162568399e+03 3.649900000000000000e+04 5.074800000000000000e+04
4.177248169415655188e-02 9.899999999999985478e-01 1.443289932012703503e-15 4.096052999999999884e+04 2.911624372940301328e+03 3.404300000000000000e+04 4.804200000000000000e+04
4.594972986357220845e-02 9.899999999999985478e-01 1.443289932012703503e-15 4.060327999999999884e+04 2.897391375289158987e+03 3.543800000000000000e+04 5.229400000000000000e+04
5.054470284992943624e-02 9.899999999999985478e-01 1.443289932012703503e-15 3.949718000000000029e+04 2.473740889341484490e+03 3.443300000000000000e+04 4.578400000000000000e+04
5.559917313492238750e-02 9.899999999999985478e-01 1.443289932012703503e-15 3.862898999999999796e+04 2.523893129651095478e+03 3.369100000000000000e+04 4.468900000000000000e+04
6.115909044841463110e-02 9.899999999999985478e-01 1.443289932012703503e-15 3.865691000000000349e+04 2.702267696195179269e+03 3.390000000000000000e+04 4.540500000000000000e+04
6.727499949325610462e-02 9.899999999999985478e-01 1.443289932012703503e-15 3.729061000000000058e+04 2.481834587135089350e+03 3.294100000000000000e+04 4.395900000000000000e+04
7.400249944258172063e-02 9.899999999999985478e-01 1.443289932012703503e-15 3.699552999999999884e+04 2.600341463942764221e+03 3.161500000000000000e+04 4.672000000000000000e+04
8.140274938683990380e-02 9.899999999999985478e-01 1.443289932012703503e-15 3.589670999999999913e+04 2.343798200763025761e+03 3.072000000000000000e+04 4.180400000000000000e+04
8.954302432552389834e-02 9.899999999999985478e-01 1.443289932012703503e-15 3.586444999999999709e+04 2.499562487216513091e+03 3.037100000000000000e+04 4.451400000000000000e+04
9.849732675807629234e-02 9.899999999999985478e-01 1.443289932012703503e-15 3.470394000000000233e+04 2.504240263313407013e+03 3.018000000000000000e+04 4.215800000000000000e+04
1.083470594338839244e-01 9.899999999999985478e-01 1.443289932012703503e-15 3.422819999999999709e+04 2.019581961694052779e+03 3.055100000000000000e+04 4.061400000000000000e+04
1.191817653772723196e-01 9.899999999999985478e-01 1.443289932012703503e-15 3.407856999999999971e+04 2.207993379768154682e+03 2.920700000000000000e+04 3.954300000000000000e+04
1.310999419149995737e-01 9.899999999999985478e-01 1.443289932012703503e-15 3.287822000000000116e+04 2.215222618970833992e+03 2.810900000000000000e+04 3.978800000000000000e+04
1.442099361064995422e-01 9.899999999999985478e-01 1.443289932012703503e-15 3.290337999999999738e+04 2.458385180479251176e+03 2.901600000000000000e+04 4.067000000000000000e+04
1.586309297171495103e-01 9.899999999999985478e-01 1.443289932012703503e-15 3.201274000000000160e+04 2.305598493320118905e+03 2.678000000000000000e+04 3.805700000000000000e+04
1.744940226888644641e-01 9.899999999999985478e-01 1.443289932012703503e-15 3.176109000000000015e+04 2.024008804798042320e+03 2.690100000000000000e+04 3.795100000000000000e+04
1.919434249577509355e-01 9.899999999999985478e-01 1.443289932012703503e-15 3.091772999999999956e+04 2.143481307849452605e+03 2.683800000000000000e+04 3.661700000000000000e+04
2.111377674535260540e-01 9.899999999999985478e-01 1.443289932012703503e-15 3.067361000000000058e+04 2.437756156365931474e+03 2.587500000000000000e+04 4.450800000000000000e+04
2.322515441988786677e-01 9.899999999999985478e-01 1.443289932012703503e-15 2.997536999999999898e+04 1.904421269861266865e+03 2.594900000000000000e+04 3.555300000000000000e+04
2.554766986187665401e-01 9.899999999999985478e-01 1.443289932012703503e-15 2.972158000000000175e+04 2.061595640177772566e+03 2.629000000000000000e+04 3.564700000000000000e+04
2.810243684806432163e-01 9.899999999999985478e-01 1.443289932012703503e-15 2.900743000000000029e+04 2.032966439737754172e+03 2.496000000000000000e+04 3.509300000000000000e+04
3.091268053287075657e-01 9.899999999999985478e-01 1.443289932012703503e-15 2.864977000000000044e+04 2.050833698060376264e+03 2.472500000000000000e+04 3.513000000000000000e+04
3.400394858615783389e-01 9.899999999999985478e-01 1.443289932012703503e-15 2.851093999999999869e+04 1.913579085483534982e+03 2.510200000000000000e+04 3.537200000000000000e+04
3.740434344477361894e-01 9.899999999999985478e-01 1.443289932012703503e-15 2.788459000000000015e+04 2.052975879522212381e+03 2.413800000000000000e+04 3.407900000000000000e+04
4.114477778925098583e-01 9.899999999999985478e-01 1.443289932012703503e-15 2.775745999999999913e+04 1.935579259136654173e+03 2.409300000000000000e+04 3.276100000000000000e+04
4.525925556817608775e-01 9.899999999999985478e-01 1.443289932012703503e-15 2.757788999999999942e+04 2.106838915982900289e+03 2.373100000000000000e+04 3.330900000000000000e+04
4.978518112499369930e-01 9.899999999999985478e-01 1.443289932012703503e-15 2.772088999999999942e+04 2.541044241625871109e+03 2.350600000000000000e+04 3.785300000000000000e+04
5.476369923749306867e-01 9.899999999999985478e-01 1.443289932012703503e-15 2.714234999999999854e+04 2.111870286618001956e+03 2.337500000000000000e+04 3.573700000000000000e+04
6.024006916124238220e-01 9.899999999999985478e-01 1.443289932012703503e-15 2.685427000000000044e+04 1.996549572913229895e+03 2.411700000000000000e+04 3.300200000000000000e+04
6.626407607736662930e-01 9.899999999999985478e-01 1.443289932012703503e-15 2.689368000000000029e+04 1.857432883740352054e+03 2.385000000000000000e+04 3.490700000000000000e+04
7.289048368510330222e-01 9.899999999999985478e-01 1.443289932012703503e-15 2.637308000000000175e+04 1.867774888363155696e+03 2.260600000000000000e+04 3.255200000000000000e+04
8.017953205361363356e-01 9.899999999999985478e-01 1.443289932012703503e-15 2.651172000000000116e+04 1.738166822143374930e+03 2.347200000000000000e+04 3.138600000000000000e+04
8.819748525897500580e-01 9.899999999999985478e-01 1.443289932012703503e-15 2.651541999999999825e+04 1.898891198462934653e+03 2.353400000000000000e+04 3.281600000000000000e+04
9.701723378487251415e-01 9.899999999999985478e-01 1.443289932012703503e-15 2.656334999999999854e+04 2.149977564417823942e+03 2.325600000000000000e+04 3.427600000000000000e+04
9.801723378487251503e-01 9.899999999999985478e-01 1.443289932012703503e-15 2.621104999999999927e+04 1.548610850891856217e+03 2.336600000000000000e+04 3.101200000000000000e+04
9.901723378487251592e-01 9.899999999999985478e-01 1.443289932012703503e-15 2.643025000000000000e+04 1.802441524016798667e+03 2.328700000000000000e+04 3.263400000000000000e+04
1.000172337848725057e+00 9.899999999999985478e-01 1.443289932012703503e-15 2.668706999999999971e+04 1.844747723972034464e+03 2.292700000000000000e+04 3.343600000000000000e+04
