1.000000000000000021e-02 9.899999999999985478e-01 1.443289932012703503e-15 5.594940000000000146e+04 4.170793912434417507e+03 4.757600000000000000e+04 6.693800000000000000e+04
1.100000000000000110e-02 9.899999999999985478e-01 1.443289932012703503e-15 5.480662000000000262e+04 3.888841731878530027e+03 4.582600000000000000e+04 6.386800000000000000e+04
1.210000000000000138e-02 9.899999999999985478e-01 1.443289932012703503e-15 5.363877999999999884e+04 3.756908419378890812e+03 4.621800000000000000e+04 6.466300000000000000e+04
1.331000000000000238e-02 9.899999999999985478e-01 1.443289932012703503e-15 5.270351999999999680e+04 3.667986737925860780e+03 4.579700000000000000e+04 6.271800000000000000e+04
1.464100000000000297e-02 9.899999999999985478e-01 1.443289932012703503e-15 5.227548999999999796e+04 3.750721958490125871e+03 4.353900000000000000e+04 6.343100000000000000e+04
1.610510000000000413e-02 9.899999999999985478e-01 1.443289932012703503e-15 5.114891999999999825e+04 3.493425275227738894e+03 4.343600000000000000e+04 6.066700000000000000e+04
1.771561000000000663e-02 9.899999999999985478e-01 1.443289932012703503e-15 4.934076999999999680e+04 3.094842564186424170e+03 4.253700000000000000e+04 5.719300000000000000e+04
1.948717100000000799e-02 9.899999999999985478e-01 1.443289932012703503e-15 4.968370999999999913e+04 3.253012503188390838e+03 4.201100000000000000e+04 5.943200000000000000e+04
2.143588810000001191e-02 9.899999999999985478e-01 1.443289932012703503e-15 4.842341999999999825e+04 3.330679540814455777e+03 4.267600000000000000e+04 5.716200000000000000e+04
2.357947691000001483e-02 9.899999999999985478e-01 1.443289932012703503e-15 4.763705999999999767e+04 3.378428353006764610e+03 3.968100000000000000e+04 5.704100000000000000e+04
2.593742460100001770e-02 9.899999999999985478e-01 1.443289932012703503e-15 4.757162000000000262e+04 3.427654243881666389e+03 4.082600000000000000e+04 5.729500000000000000e+04
2.853116706110002052e-02 9.899999999999985478e-01 1.443289932012703503e-15 4.644037999999999738e+04 3.298828937001735540e+03 4.043700000000000000e+04 5.602000000000000000e+04
3.138428376721002361e-02 9.899999999999985478e-01 1.443289932012703503e-15 4.462783999999999651e+04 2.963757273192256434e+03 3.922600000000000000e+04 5.446200000000000000e+04
3.452271214393103083e-02 9.899999999999985478e-01 1.443289932012703503e-15 4.425001999999999680e+04 2.740459289900143631e+03 3.873200000000000000e+04 5.245300000000000000e+04
3.797498335832413807e-02 9.899999999999985478e-01 1.443289932012703503e-15 4.390916999999999825e+04 3.370299924502268823e+03 3.469500000000000000e+04 5.364200000000000000e+04
4.177248169415655188e-02 9.899999999999985478e-01 1.443289932012703503e-15 4.330012999999999738e+04 2.886683895597160699e+03 3.725800000000000000e+04 5.310100000000000000e+04
4.594972986357220845e-02 9.899999999999985478e-01 1.443289932012703503e-15 4.183640000000000146e+04 3.112227787293211804e+03 3.744700000000000000e+04 5.248400000000000000e+04
5.054470284992943624e-02 9.899999999999985478e-01 1.443289932012703503e-15 4.137248000000000320e+04 2.667377785316508380e+03 3.488900000000000000e+04 4.800300000000000000e+04
5.559917313492238750e-02 9.899999999999985478e-01 1.443289932012703503e-15 4.080173999999999796e+04 2.845089888281212552e+03 3.548200000000000000e+04 4.917300000000000000e+04
6.115909044841463110e-02 9.899999999999985478e-01 1.443289932012703503e-15 4.007758999999999651e+04 2.656534314082917717e+03 3.365400000000000000e+04 4.624000000000000000e+04
6.727499949325610462e-02 9.899999999999985478e-01 1.443289932012703503e-15 3.989277999999999884e+04 2.748455470186846014e+03 3.378700000000000000e+04 4.795500000000000000e+04
7.400249944258172063e-02 9.899999999999985478e-01 1.443289932012703503e-15 3.850444000000000233e+04 2.831189426089324570e+03 3.322100000000000000e+04 4.822500000000000000e+04
8.140274938683990380e-02 9.899999999999985478e-01 1.443289932012703503e-15 3.757691999999999825e+04 2.576502022820864113e+03 3.222800000000000000e+04 4.478100000000000000e+04
8.954302432552389834e-02 9.899999999999985478e-01 1.443289932012703503e-15 3.716536000000000058e+04 2.532057240743186412e+03 3.263000000000000000e+04 4.489400000000000000e+04
9.849732675807629234e-02 9.899999999999985478e-01 1.443289932012703503e-15 3.667706999999999971e+04 2.326684096541685449e+03 3.218400000000000000e+04 4.278300000000000000e+04
1.083470594338839244e-01 9.899999999999985478e-01 1.443289932012703503e-15 3.551004000000000087e+04 2.522835027979435836e+03 3.139100000000000000e+04 4.316500000000000000e+04
1.191817653772723196e-01 9.899999999999985478e-01 1.443289932012703503e-15 3.534013999999999942e+04 2.235628636513676611e+03 3.085700000000000000e+04 4.238100000000000000e+04
1.310999419149995737e-01 9.899999999999985478e-01 1.443289932012703503e-15 3.470137000000000262e+04 2.175531882804754787e+03 3.034300000000000000e+04 4.217500000000000000e+04
1.442099361064995422e-01 9.899999999999985478e-01 1.443289932012703503e-15 3.437869000000000233e+04 2.304734469282741429e+03 2.939600000000000000e+04 4.077800000000000000e+04
1.586309297171495103e-01 9.899999999999985478e-01 1.443289932012703503e-15 3.350115000000000146e+04 2.157995960955442115e+03 2.925000000000000000e+04 3.883200000000000000e+04
1.744940226888644641e-01 9.899999999999985478e-01 1.443289932012703503e-15 3.307197000000000116e+04 2.108873179947054268e+03 2.917000000000000000e+04 3.988400000000000000e+04
1.919434249577509355e-01 9.899999999999985478e-01 1.443289932012703503e-15 3.240188999999999942e+04 2.219668803650670725e+03 2.790800000000000000e+04 3.964400000000000000e+04
2.111377674535260540e-01 9.899999999999985478e-01 1.443289932012703503e-15 3.231134000000000015e+04 2.229841345118526533e+03 2.830300000000000000e+04 3.947700000000000000e+04
2.322515441988786677e-01 9.899999999999985478e-01 1.443289932012703503e-15 3.150311000000000058e+04 1.739391053759907209e+03 2.831400000000000000e+04 3.789000000000000000e+04
2.554766986187665401e-01 9.899999999999985478e-01 1.443289932012703503e-15 3.094252999999999884e+04 2.103592790703562059e+03 2.719500000000000000e+04 3.692600000000000000e+04
2.810243684806432163e-01 9.899999999999985478e-01 1.443289932012703503e-15 3.064565000000000146e+04 1.957802188041478530e+03 2.749200000000000000e+04 3.723200000000000000e+04
3.091268053287075657e-01 9.899999999999985478e-01 1.443289932012703503e-15 3.040343000000000029e+04 2.062697865684647695e+03 2.638100000000000000e+04 3.587300000000000000e+04
3.400394858615783389e-01 9.899999999999985478e-01 1.443289932012703503e-15 2.963874000000000160e+04 2.082167935686264627e+03 2.630400000000000000e+04 3.816200000000000000e+04
3.740434344477361894e-01 9.899999999999985478e-01 1.443289932012703503e-15 2.921436999999999898e+04 1.938547676251476787e+03 2.550400000000000000e+04 3.530700000000000000e+04
4.114477778925098583e-01 9.899999999999985478e-01 1.443289932012703503e-15 2.902136000000000058e+04 2.032453529702462674e+03 2.527900000000000000e+04 3.674500000000000000e+04
4.525925556817608775e-01 9.899999999999985478e-01 1.443289932012703503e-15 2.883609000000000015e+04 1.800693544693265949e+03 2.578800000000000000e+04 3.690600000000000000e+04
4.978518112499369930e-01 9.899999999999985478e-01 1.443289932012703503e-15 2.866393999999999869e+04 1.934319372906139733e+03 2.502700000000000000e+04 3.492100000000000000e+04
5.476369923749306867e-01 9.899999999999985478e-01 1.443289932012703503e-15 2.820156000000000131e+04 1.901356696256649457e+03 2.464500000000000000e+04 3.396500000000000000e+04
6.024006916124238220e-01 9.899999999999985478e-01 1.443289932012703503e-15 2.784131999999999971e+04 1.898426705880424834e+03 2.504500000000000000e+04 3.739400000000000000e+04
6.626407607736662930e-01 9.899999999999985478e-01 1.443289932012703503e-15 2.824040999999999985e+04 2.212984659210271275e+03 2.516300000000000000e+04 3.640600000000000000e+04
7.289048368510330222e-01 9.899999999999985478e-01 1.443289932012703503e-15 2.826797000000000116e+04 2.294590396802880150e+03 2.431500000000000000e+04 3.828700000000000000e+04
8.017953205361363356e-01 9.899999999999985478e-01 1.443289932012703503e-15 2.783270999999999913e+04 1.939660234654513033e+03 2.401900000000000000e+04 3.558300000000000000e+04
8.819748525897500580e-01 9.899999999999985478e-01 1.443289932012703503e-15 2.810531000000000131e+04 2.237649439456502478e+03 2.422700000000000000e+04 3.562100000000000000e+04
9.701723378487251415e-01 9.899999999999985478e-01 1.443289932012703503e-15 2.797266999999999825e+04 2.164484035769263755e+03 2.446500000000000000e+04 3.457800000000000000e+04
9.801723378487251503e-01 9.899999999999985478e-01 1.443289932012703503e-15 2.800111999999999898e+04 2.353955671970055846e+03 2.382700000000000000e+04 4.250300000000000000e+04
9.901723378487251592e-01 9.899999999999985478e-01 1.443289932012703503e-15 2.795793999999999869e+04 2.075466202182054531e+03 2.468400000000000000e+04 3.695000000000000000e+04
1.000172337848725057e+00 9.899999999999985478e-01 1.443289932012703503e-15 2.800311000000000058e+04 2.205263670833943252e+03 2.436300000000000000e+04 3.756100000000000000e+04
