1.000000000000000021e-02 9.899999999999985478e-01 1.443289932012703503e-15 6.005180999999999767e+04 3.627689894946920958e+03 5.308900000000000000e+04 6.929400000000000000e+04
1.100000000000000110e-02 9.899999999999985478e-01 1.443289932012703503e-15 5.902604000000000087e+04 3.817057675540153468e+03 4.974500000000000000e+04 7.074300000000000000e+04
1.210000000000000138e-02 9.899999999999985478e-01 1.443289932012703503e-15 5.731331999999999971e+04 3.659543698003892132e+03 4.856400000000000000e+04 6.762300000000000000e+04
1.331000000000000238e-02 9.899999999999985478e-01 1.443289932012703503e-15 5.736487000000000262e+04 3.414662597256133267e+03 4.877300000000000000e+04 6.554800000000000000e+04
1.464100000000000297e-02 9.899999999999985478e-01 1.443289932012703503e-15 5.577143000000000029e+04 3.927119782372317786e+03 4.928500000000000000e+04 6.839100000000000000e+04
1.610510000000000413e-02 9.899999999999985478e-01 1.443289932012703503e-15 5.555447000000000116e+04 3.556595806259125766e+03 4.951200000000000000e+04 6.497000000000000000e+04
1.771561000000000663e-02 9.899999999999985478e-01 1.443289932012703503e-15 5.479190000000000146e+04 3.256752196590953190e+03 4.772900000000000000e+04 6.405600000000000000e+04
1.948717100000000799e-02 9.899999999999985478e-01 1.443289932012703503e-15 5.337662999999999738e+04 3.574801310996178017e+03 4.599800000000000000e+04 6.448900000000000000e+04
2.143588810000001191e-02 9.899999999999985478e-01 1.443289932012703503e-15 5.249033999999999651e+04 3.326746597563451360e+03 4.598700000000000000e+04 6.093900000000000000e+04
2.357947691000001483e-02 9.899999999999985478e-01 1.443289932012703503e-15 5.207333000000000175e+04 3.475962724354218153e+03 4.399800000000000000e+04 6.241800000000000000e+04
2.593742460100001770e-02 9.899999999999985478e-01 1.443289932012703503e-15 5.075283000000000175e+04 3.244207234610637897e+03 4.431000000000000000e+04 5.936700000000000000e+04
2.853116706110002052e-02 9.899999999999985478e-01 1.443289932012703503e-15 5.062888999999999942e+04 3.027617112169239135e+03 4.394200000000000000e+04 5.775100000000000000e+04
3.138428376721002361e-02 9.899999999999985478e-01 1.443289932012703503e-15 4.993941000000000349e+04 3.337769899483785593e+03 4.328100000000000000e+04 5.896700000000000000e+04
3.452271214393103083e-02 9.899999999999985478e-01 1.443289932012703503e-15 4.907959999999999854e+04 3.128589918797284554e+03 4.271800000000000000e+04 5.625000000000000000e+04
3.797498335832413807e-02 9.899999999999985478e-01 1.443289932012703503e-15 4.755426000000000204e+04 3.084002424188411169e+03 4.033700000000000000e+04 5.568700000000000000e+04
4.177248169415655188e-02 9.899999999999985478e-01 1.443289932012703503e-15 4.743683999999999651e+04 3.163662196632250016e+03 4.158300000000000000e+04 5.656800000000000000e+04
4.594972986357220845e-02 9.899999999999985478e-01 1.443289932012703503e-15 4.717869000000000233e+04 2.771272475578682588e+03 4.137900000000000000e+04 5.303000000000000000e+04
5.054470284992943624e-02 9.899999999999985478e-01 1.443289932012703503e-15 4.629494000000000233e+04 2.375868316300379320e+03 4.085700000000000000e+04 5.340100000000000000e+04
5.559917313492238750e-02 9.899999999999985478e-01 1.443289932012703503e-15 4.541269000000000233e+04 2.647754681593443820e+03 4.072200000000000000e+04 5.527300000000000000e+04
6.115909044841463110e-02 9.899999999999985478e-01 1.443289932012703503e-15 4.418658000000000175e+04 2.452379433040490312e+03 3.885400000000000000e+04 5.128100000000000000e+04
6.727499949325610462e-02 9.899999999999985478e-01 1.443289932012703503e-15 4.369633999999999651e+04 2.789254377857996587e+03 3.825900000000000000e+04 5.081300000000000000e+04
7.400249944258172063e-02 9.899999999999985478e-01 1.443289932012703503e-15 4.325755000000000291e+04 2.863299688733262428e+03 3.880300000000000000e+04 5.268600000000000000e+04
8.140274938683990380e-02 9.899999999999985478e-01 1.443289932012703503e-15 4.257198000000000320e+04 2.766568748395745388e+03 3.745500000000000000e+04 4.958500000000000000e+04
8.954302432552389834e-02 9.899999999999985478e-01 1.443289932012703503e-15 4.156795999999999913e+04 2.503505378144812767e+03 3.681700000000000000e+04 5.082500000000000000e+04
9.849732675807629234e-02 9.899999999999985478e-01 1.443289932012703503e-15 4.089337999999999738e+04 2.040792266645481050e+03 3.741100000000000000e+04 4.761100000000000000e+04
1.083470594338839244e-01 9.899999999999985478e-01 1.443289932012703503e-15 4.005798000000000320e+04 2.372666432434193212e+03 3.458500000000000000e+04 4.732800000000000000e+04
1.191817653772723196e-01 9.899999999999985478e-01 1.443289932012703503e-15 3.945784999999999854e+04 2.038498635638493624e+03 3.517900000000000000e+04 4.416800000000000000e+04
1.310999419149995737e-01 9.899999999999985478e-01 1.443289932012703503e-15 3.889258999999999651e+04 2.790970089753740012e+03 3.331800000000000000e+04 4.914400000000000000e+04
1.442099361064995422e-01 9.899999999999985478e-01 1.443289932012703503e-15 3.875601000000000204e+04 2.122971396392329552e+03 3.445300000000000000e+04 4.402600000000000000e+04
1.586309297171495103e-01 9.899999999999985478e-01 1.443289932012703503e-15 3.857459999999999854e+04 2.517524303755576511e+03 3.356600000000000000e+04 4.648400000000000000e+04
1.744940226888644641e-01 9.899999999999985478e-01 1.443289932012703503e-15 3.769231999999999971e+04 2.366867718652650638e+03 3.404200000000000000e+04 4.514400000000000000e+04
1.919434249577509355e-01 9.899999999999985478e-01 1.443289932012703503e-15 3.707145999999999913e+04 2.320553517676332376e+03 3.229400000000000000e+04 4.432000000000000000e+04
2.111377674535260540e-01 9.899999999999985478e-01 1.443289932012703503e-15 3.642198000000000320e+04 1.955333725889265907e+03 3.316700000000000000e+04 4.407200000000000000e+04
2.322515441988786677e-01 9.899999999999985478e-01 1.443289932012703503e-15 3.600669999999999709e+04 2.040166858372128445e+03 3.153700000000000000e+04 4.354400000000000000e+04
2.554766986187665401e-01 9.899999999999985478e-01 1.443289932012703503e-15 3.561625000000000000e+04 1.944963914189669367e+03 3.206800000000000000e+04 4.004200000000000000e+04
2.810243684806432163e-01 9.899999999999985478e-01 1.443289932012703503e-15 3.571236000000000058e+04 2.727436761943345118e+03 3.106600000000000000e+04 4.526700000000000000e+04
3.091268053287075657e-01 9.899999999999985478e-01 1.443289932012703503e-15 3.517948999999999796e+04 2.248101307748385352e+03 3.153400000000000000e+04 4.672000000000000000e+04
3.400394858615783389e-01 9.899999999999985478e-01 1.443289932012703503e-15 3.472086000000000058e+04 1.771538738046673416e+03 3.104500000000000000e+04 4.206000000000000000e+04
3.740434344477361894e-01 9.899999999999985478e-01 1.443289932012703503e-15 3.428723999999999796e+04 1.962281478891343568e+03 3.078800000000000000e+04 4.167300000000000000e+04
4.114477778925098583e-01 9.899999999999985478e-01 1.443289932012703503e-15 3.458686000000000058e+04 2.207390042652181819e+03 3.064200000000000000e+04 4.420400000000000000e+04
4.525925556817608775e-01 9.898989999999987521e-01 3.424894158948559551e-04 3.630416350000000093e+06 9.737614276966996491e+06 3.151800000000000000e+04 3.000000000000000000e+07
4.978518112499369930e-01 9.891239999999992261e-01 9.813378623083829962e-04 2.130971471000000089e+07 1.359766100799842924e+07 3.157100000000000000e+04 3.000000000000000000e+07
5.476369923749306867e-01 9.870370000000003863e-01 1.226348645369660642e-03 3.000000000000000000e+07 0.000000000000000000e+00 3.000000000000000000e+07 3.000000000000000000e+07
6.024006916124238220e-01 9.848470000000004720e-01 1.426846522930894177e-03 3.000000000000000000e+07 0.000000000000000000e+00 3.000000000000000000e+07 3.000000000000000000e+07
6.626407607736662930e-01 9.826269999999999172e-01 1.581888428429773473e-03 3.000000000000000000e+07 0.000000000000000000e+00 3.000000000000000000e+07 3.000000000000000000e+07
7.289048368510330222e-01 9.803299999999997016e-01 1.592074118877633395e-03 3.000000000000000000e+07 0.000000000000000000e+00 3.000000000000000000e+07 3.000000000000000000e+07
8.017953205361363356e-01 9.784210000000002072e-01 1.725299684112880294e-03 3.000000000000000000e+07 0.000000000000000000e+00 3.000000000000000000e+07 3.000000000000000000e+07
8.819748525897500580e-01 9.771219999999994910e-01 1.617873913505004854e-03 3.000000000000000000e+07 0.000000000000000000e+00 3.000000000000000000e+07 3.000000000000000000e+07
9.701723378487251415e-01 9.764679999999996696e-01 1.665525742821169974e-03 3.000000000000000000e+07 0.000000000000000000e+00 3.000000000000000000e+07 3.000000000000000000e+07
9.801723378487251503e-01 9.764650000000001384e-01 1.824904107069739165e-03 3.000000000000000000e+07 0.000000000000000000e+00 3.000000000000000000e+07 3.000000000000000000e+07
9.901723378487251592e-01 9.766599999999999726e-01 1.714876088818081306e-03 3.000000000000000000e+07 0.000000000000000000e+00 3.000000000000000000e+07 3.000000000000000000e+07
1.000172337848725057e+00 9.766479999999997386e-01 1.778846817463491589e-03 3.000000000000000000e+07 0.000000000000000000e+00 3.000000000000000000e+07 3.000000000000000000e+07
