1.000000000000000021e-02 9.899999999999985478e-01 1.443289932012703503e-15 5.103726000000000204e+04 3.428888775157339751e+03 4.237600000000000000e+04 6.248500000000000000e+04
1.100000000000000110e-02 9.899999999999985478e-01 1.443289932012703503e-15 5.012370999999999913e+04 3.674814344412517585e+03 4.084200000000000000e+04 5.870400000000000000e+04
1.210000000000000138e-02 9.899999999999985478e-01 1.443289932012703503e-15 4.947516999999999825e+04 4.100873565607698765e+03 4.102100000000000000e+04 6.194600000000000000e+04
1.331000000000000238e-02 9.899999999999985478e-01 1.443289932012703503e-15 4.778958000000000175e+04 3.612557803496020824e+03 3.924200000000000000e+04 5.793800000000000000e+04
1.464100000000000297e-02 9.899999999999985478e-01 1.443289932012703503e-15 4.718494000000000233e+04 3.530040401525172001e+03 4.109200000000000000e+04 5.769600000000000000e+04
1.610510000000000413e-02 9.899999999999985478e-01 1.443289932012703503e-15 4.647458000000000175e+04 4.114680926098644704e+03 3.919000000000000000e+04 6.266700000000000000e+04
1.771561000000000663e-02 9.899999999999985478e-01 1.443289932012703503e-15 4.504762000000000262e+04 3.477745073406043048e+03 3.788200000000000000e+04 5.346800000000000000e+04
1.948717100000000799e-02 9.899999999999985478e-01 1.443289932012703503e-15 4.486709999999999854e+04 3.232166095670208506e+03 3.821600000000000000e+04 5.747500000000000000e+04
2.143588810000001191e-02 9.899999999999985478e-01 1.443289932012703503e-15 4.352473999999999796e+04 3.217819117414775064e+03 3.533900000000000000e+04 5.085500000000000000e+04
2.357947691000001483e-02 9.899999999999985478e-01 1.443289932012703503e-15 4.262923000000000320e+04 3.007008779019442500e+03 3.592900000000000000e+04 5.081800000000000000e+04
2.593742460100001770e-02 9.899999999999985478e-01 1.443289932012703503e-15 4.163747000000000116e+04 3.531871448552451966e+03 3.118800000000000000e+04 5.643100000000000000e+04
2.853116706110002052e-02 9.899999999999985478e-01 1.443289932012703503e-15 4.139655999999999767e+04 3.220773417426317792e+03 3.529300000000000000e+04 5.216800000000000000e+04
3.138428376721002361e-02 9.899999999999985478e-01 1.443289932012703503e-15 4.079526999999999680e+04 3.286487081535540710e+03 3.428700000000000000e+04 4.884300000000000000e+04
3.452271214393103083e-02 9.899999999999985478e-01 1.443289932012703503e-15 3.973130999999999767e+04 2.967203999373821716e+03 3.348300000000000000e+04 4.679300000000000000e+04
3.797498335832413807e-02 9.899999999999985478e-01 1.443289932012703503e-15 3.880538999999999942e+04 3.228749386047173175e+03 3.305400000000000000e+04 5.007000000000000000e+04
4.177248169415655188e-02 9.899999999999985478e-01 1.443289932012703503e-15 3.841195999999999913e+04 3.253686764026309902e+03 3.135100000000000000e+04 4.485000000000000000e+04
4.594972986357220845e-02 9.899999999999985478e-01 1.443289932012703503e-15 3.746094000000000233e+04 3.191821200568727818e+03 3.132400000000000000e+04 4.735700000000000000e+04
5.054470284992943624e-02 9.899999999999985478e-01 1.443289932012703503e-15 3.693362000000000262e+04 3.322336451294480412e+03 3.028100000000000000e+04 4.793400000000000000e+04
5.559917313492238750e-02 9.899999999999985478e-01 1.443289932012703503e-15 3.591144000000000233e+04 3.049769916960949558e+03 3.054300000000000000e+04 4.505100000000000000e+04
6.115909044841463110e-02 9.899999999999985478e-01 1.443289932012703503e-15 3.461306999999999971e+04 2.777435893967671291e+03 2.879300000000000000e+04 4.270100000000000000e+04
6.727499949325610462e-02 9.899999999999985478e-01 1.443289932012703503e-15 3.416575000000000000e+04 2.936901984660026301e+03 2.910300000000000000e+04 4.361800000000000000e+04
7.400249944258172063e-02 9.899999999999985478e-01 1.443289932012703503e-15 3.376486000000000058e+04 2.349314351124600307e+03 2.881000000000000000e+04 3.952800000000000000e+04
8.140274938683990380e-02 9.899999999999985478e-01 1.443289932012703503e-15 3.306815000000000146e+04 2.921243171579524642e+03 2.791900000000000000e+04 4.400800000000000000e+04
8.954302432552389834e-02 9.899999999999985478e-01 1.443289932012703503e-15 3.250879000000000087e+04 2.465306193133015313e+03 2.784500000000000000e+04 3.948700000000000000e+04
9.849732675807629234e-02 9.899999999999985478e-01 1.443289932012703503e-15 3.168102000000000044e+04 2.322898611562717178e+03 2.709000000000000000e+04 3.810400000000000000e+04
1.083470594338839244e-01 9.899999999999985478e-01 1.443289932012703503e-15 3.112609000000000015e+04 2.308812855538534222e+03 2.618900000000000000e+04 3.829700000000000000e+04
1.191817653772723196e-01 9.899999999999985478e-01 1.443289932012703503e-15 3.065315000000000146e+04 2.480931552360927526e+03 2.539000000000000000e+04 3.770600000000000000e+04
1.310999419149995737e-01 9.899999999999985478e-01 1.443289932012703503e-15 2.985427000000000044e+04 2.384999999392033715e+03 2.620300000000000000e+04 3.851600000000000000e+04
1.442099361064995422e-01 9.899999999999985478e-01 1.443289932012703503e-15 2.887499000000000160e+04 1.984394222401385605e+03 2.564100000000000000e+04 3.616600000000000000e+04
1.586309297171495103e-01 9.899999999999985478e-01 1.443289932012703503e-15 2.920602000000000044e+04 2.036460974239378857e+03 2.501400000000000000e+04 3.373000000000000000e+04
1.744940226888644641e-01 9.899999999999985478e-01 1.443289932012703503e-15 2.837031000000000131e+04 2.325362103823832513e+03 2.351600000000000000e+04 3.372400000000000000e+04
1.919434249577509355e-01 9.899999999999985478e-01 1.443289932012703503e-15 2.783763999999999942e+04 2.021315371336200087e+03 2.319200000000000000e+04 3.407700000000000000e+04
2.111377674535260540e-01 9.899999999999985478e-01 1.443289932012703503e-15 2.697943000000000029e+04 1.938207286411853374e+03 2.273100000000000000e+04 3.362000000000000000e+04
2.322515441988786677e-01 9.899999999999985478e-01 1.443289932012703503e-15 2.700831999999999971e+04 2.101719657233095404e+03 2.308300000000000000e+04 3.328100000000000000e+04
2.554766986187665401e-01 9.899999999999985478e-01 1.443289932012703503e-15 2.637831999999999971e+04 1.884065688239133806e+03 2.295800000000000000e+04 3.091700000000000000e+04
2.810243684806432163e-01 9.899999999999985478e-01 1.443289932012703503e-15 2.573290999999999985e+04 2.253698964347279343e+03 2.176100000000000000e+04 3.290800000000000000e+04
3.091268053287075657e-01 9.899999999999985478e-01 1.443289932012703503e-15 2.533075999999999840e+04 1.919008734320924759e+03 2.183900000000000000e+04 3.188400000000000000e+04
3.400394858615783389e-01 9.899999999999985478e-01 1.443289932012703503e-15 2.508236999999999898e+04 1.762699314432271422e+03 2.188400000000000000e+04 3.193600000000000000e+04
3.740434344477361894e-01 9.899999999999985478e-01 1.443289932012703503e-15 2.441747000000000116e+04 2.115088331276024746e+03 2.128800000000000000e+04 3.237300000000000000e+04
4.114477778925098583e-01 9.899999999999985478e-01 1.443289932012703503e-15 2.441627000000000044e+04 1.628951453266794033e+03 2.110300000000000000e+04 2.982100000000000000e+04
4.525925556817608775e-01 9.899999999999985478e-01 1.443289932012703503e-15 2.421347999999999956e+04 1.826261347562281344e+03 2.116100000000000000e+04 2.926200000000000000e+04
4.978518112499369930e-01 9.899999999999985478e-01 1.443289932012703503e-15 2.389461999999999898e+04 1.712872772741746530e+03 2.076600000000000000e+04 2.938900000000000000e+04
5.476369923749306867e-01 9.899999999999985478e-01 1.443289932012703503e-15 2.371177000000000044e+04 1.860920190953926976e+03 2.100400000000000000e+04 2.865700000000000000e+04
6.024006916124238220e-01 9.899999999999985478e-01 1.443289932012703503e-15 2.375183000000000175e+04 1.931424459071593901e+03 2.052600000000000000e+04 2.896900000000000000e+04
6.626407607736662930e-01 9.899999999999985478e-01 1.443289932012703503e-15 2.362788000000000102e+04 2.165962184711450845e+03 2.071300000000000000e+04 3.386400000000000000e+04
7.289048368510330222e-01 9.899999999999985478e-01 1.443289932012703503e-15 2.331990999999999985e+04 2.073590075665872519e+03 1.991600000000000000e+04 3.040400000000000000e+04
8.017953205361363356e-01 9.899999999999985478e-01 1.443289932012703503e-15 2.360550000000000000e+04 2.541673128079218714e+03 2.014600000000000000e+04 3.404100000000000000e+04
8.819748525897500580e-01 9.899999999999985478e-01 1.443289932012703503e-15 2.323761000000000058e+04 2.118816942989648851e+03 1.937900000000000000e+04 3.037500000000000000e+04
9.701723378487251415e-01 9.899999999999985478e-01 1.443289932012703503e-15 2.293711000000000058e+04 1.610664688226571798e+03 1.997200000000000000e+04 2.763900000000000000e+04
9.801723378487251503e-01 9.899999999999985478e-01 1.443289932012703503e-15 2.304606999999999971e+04 2.012627249418033671e+03 1.946700000000000000e+04 3.138100000000000000e+04
9.901723378487251592e-01 9.899999999999985478e-01 1.443289932012703503e-15 2.334365000000000146e+04 2.128344339504300478e+03 1.920000000000000000e+04 3.075000000000000000e+04
1.000172337848725057e+00 9.899999999999985478e-01 1.443289932012703503e-15 2.296063999999999942e+04 1.816188489777423911e+03 2.054700000000000000e+04 3.141600000000000000e+04
