1.000000000000000021e-02 9.899999999999985478e-01 1.443289932012703503e-15 5.480693000000000029e+04 4.333302521760972013e+03 4.367900000000000000e+04 6.560100000000000000e+04
1.100000000000000110e-02 9.899999999999985478e-01 1.443289932012703503e-15 5.340180999999999767e+04 3.922685449268140928e+03 4.613900000000000000e+04 6.260200000000000000e+04
1.210000000000000138e-02 9.899999999999985478e-01 1.443289932012703503e-15 5.211841000000000349e+04 3.775708924414063404e+03 4.577600000000000000e+04 6.324100000000000000e+04
1.331000000000000238e-02 9.899999999999985478e-01 1.443289932012703503e-15 5.053787999999999738e+04 3.746002179070375405e+03 4.406300000000000000e+04 6.377800000000000000e+04
1.464100000000000297e-02 9.899999999999985478e-01 1.443289932012703503e-15 5.022241999999999825e+04 3.695596996914029660e+03 4.328900000000000000e+04 6.009000000000000000e+04
1.610510000000000413e-02 9.899999999999985478e-01 1.443289932012703503e-15 4.968906999999999971e+04 3.432792383046199120e+03 4.195500000000000000e+04 5.867900000000000000e+04
1.771561000000000663e-02 9.899999999999985478e-01 1.443289932012703503e-15 4.888876000000000204e+04 3.497294711973813719e+03 4.092600000000000000e+04 5.801300000000000000e+04
1.948717100000000799e-02 9.899999999999985478e-01 1.443289932012703503e-15 4.779708000000000175e+04 3.869804260372867702e+03 3.943200000000000000e+04 6.070600000000000000e+04
2.143588810000001191e-02 9.899999999999985478e-01 1.443289932012703503e-15 4.678194000000000233e+04 3.307542105007887130e+03 3.980100000000000000e+04 5.664400000000000000e+04
2.357947691000001483e-02 9.899999999999985478e-01 1.443289932012703503e-15 4.617766999999999825e+04 3.285800964924686468e+03 3.729700000000000000e+04 5.555300000000000000e+04
2.593742460100001770e-02 9.899999999999985478e-01 1.443289932012703503e-15 4.525000000000000000e+04 3.167915030426163412e+03 3.844400000000000000e+04 5.401600000000000000e+04
2.853116706110002052e-02 9.899999999999985478e-01 1.443289932012703503e-15 4.411543000000000029e+04 2.994241069970819808e+03 3.804100000000000000e+04 5.064200000000000000e+04
3.138428376721002361e-02 9.899999999999985478e-01 1.443289932012703503e-15 4.363373999999999796e+04 3.040246528227604358e+03 3.726800000000000000e+04 5.385400000000000000e+04
3.452271214393103083e-02 9.899999999999985478e-01 1.443289932012703503e-15 4.279898000000000320e+04 3.149516680317791270e+03 3.634100000000000000e+04 5.269200000000000000e+04
3.797498335832413807e-02 9.899999999999985478e-01 1.443289932012703503e-15 4.267341000000000349e+04 2.965288910359326110e+03 3.734400000000000000e+04 4.957400000000000000e+04
4.177248169415655188e-02 9.899999999999985478e-01 1.443289932012703503e-15 4.110023999999999796e+04 2.985704245634520248e+03 3.448600000000000000e+04 5.015900000000000000e+04
4.594972986357220845e-02 9.899999999999985478e-01 1.443289932012703503e-15 4.072784999999999854e+04 2.887793691990478692e+03 3.512300000000000000e+04 4.708200000000000000e+04
5.054470284992943624e-02 9.899999999999985478e-01 1.443289932012703503e-15 3.938605999999999767e+04 2.514083609667745350e+03 3.396800000000000000e+04 4.627300000000000000e+04
5.559917313492238750e-02 9.899999999999985478e-01 1.443289932012703503e-15 3.921726000000000204e+04 2.505638535862665321e+03 3.371600000000000000e+04 4.573700000000000000e+04
6.115909044841463110e-02 9.899999999999985478e-01 1.443289932012703503e-15 3.840180000000000291e+04 2.520860880731025190e+03 3.263200000000000000e+04 4.506600000000000000e+04
6.727499949325610462e-02 9.899999999999985478e-01 1.443289932012703503e-15 3.768465000000000146e+04 2.585815532380452169e+03 3.174200000000000000e+04 4.535400000000000000e+04
7.400249944258172063e-02 9.899999999999985478e-01 1.443289932012703503e-15 3.689177999999999884e+04 2.046013213935824297e+03 3.255600000000000000e+04 4.264900000000000000e+04
8.140274938683990380e-02 9.899999999999985478e-01 1.443289932012703503e-15 3.644819999999999709e+04 2.686575857853264552e+03 3.075500000000000000e+04 4.389400000000000000e+04
8.954302432552389834e-02 9.899999999999985478e-01 1.443289932012703503e-15 3.598391999999999825e+04 2.657785343777784874e+03 3.105200000000000000e+04 4.528200000000000000e+04
9.849732675807629234e-02 9.899999999999985478e-01 1.443289932012703503e-15 3.532241000000000349e+04 2.575217039765774643e+03 3.019400000000000000e+04 4.222100000000000000e+04
1.083470594338839244e-01 9.899999999999985478e-01 1.443289932012703503e-15 3.508213999999999942e+04 2.660322097115309589e+03 3.015600000000000000e+04 4.231800000000000000e+04
1.191817653772723196e-01 9.899999999999985478e-01 1.443289932012703503e-15 3.365280999999999767e+04 2.178786394739052412e+03 2.915700000000000000e+04 3.878800000000000000e+04
1.310999419149995737e-01 9.899999999999985478e-01 1.443289932012703503e-15 3.345133000000000175e+04 2.255019401490817017e+03 2.872000000000000000e+04 3.929300000000000000e+04
1.442099361064995422e-01 9.899999999999985478e-01 1.443289932012703503e-15 3.279243000000000029e+04 2.029662983132914178e+03 2.909400000000000000e+04 3.806100000000000000e+04
1.586309297171495103e-01 9.899999999999985478e-01 1.443289932012703503e-15 3.225772000000000116e+04 2.229041695796648582e+03 2.803200000000000000e+04 3.905000000000000000e+04
1.744940226888644641e-01 9.899999999999985478e-01 1.443289932012703503e-15 3.195231999999999971e+04 2.320378235891726035e+03 2.722100000000000000e+04 3.923000000000000000e+04
1.919434249577509355e-01 9.899999999999985478e-01 1.443289932012703503e-15 3.116002999999999884e+04 2.095450903528880190e+03 2.739500000000000000e+04 3.800500000000000000e+04
2.111377674535260540e-01 9.899999999999985478e-01 1.443289932012703503e-15 3.070588000000000102e+04 2.167311635552211101e+03 2.653600000000000000e+04 3.701400000000000000e+04
2.322515441988786677e-01 9.899999999999985478e-01 1.443289932012703503e-15 3.077479999999999927e+04 2.152615827313364207e+03 2.689200000000000000e+04 3.778100000000000000e+04
2.554766986187665401e-01 9.899999999999985478e-01 1.443289932012703503e-15 2.981334000000000015e+04 1.976433055886285047e+03 2.622200000000000000e+04 3.611000000000000000e+04
2.810243684806432163e-01 9.899999999999985478e-01 1.443289932012703503e-15 2.960031999999999971e+04 2.169447251628856975e+03 2.517700000000000000e+04 3.566500000000000000e+04
3.091268053287075657e-01 9.899999999999985478e-01 1.443289932012703503e-15 2.914811000000000058e+04 2.183285102294246826e+03 2.583800000000000000e+04 3.654800000000000000e+04
3.400394858615783389e-01 9.899999999999985478e-01 1.443289932012703503e-15 2.855052999999999884e+04 2.050732422599301117e+03 2.493000000000000000e+04 3.654500000000000000e+04
3.740434344477361894e-01 9.899999999999985478e-01 1.443289932012703503e-15 2.836138000000000102e+04 1.854092752696045636e+03 2.486900000000000000e+04 3.521100000000000000e+04
4.114477778925098583e-01 9.899999999999985478e-01 1.443289932012703503e-15 2.797672999999999956e+04 1.776184454694950773e+03 2.451200000000000000e+04 3.417200000000000000e+04
4.525925556817608775e-01 9.899999999999985478e-01 1.443289932012703503e-15 2.731100999999999840e+04 1.582669873947185806e+03 2.428700000000000000e+04 3.274500000000000000e+04
4.978518112499369930e-01 9.899999999999985478e-01 1.443289932012703503e-15 2.729849000000000160e+04 1.672139231613205084e+03 2.354100000000000000e+04 3.286700000000000000e+04
5.476369923749306867e-01 9.899999999999985478e-01 1.443289932012703503e-15 2.792483000000000175e+04 2.188466541005367617e+03 2.458900000000000000e+04 3.534100000000000000e+04
6.024006916124238220e-01 9.899999999999985478e-01 1.443289932012703503e-15 2.743256000000000131e+04 1.689258401311060652e+03 2.446000000000000000e+04 3.248000000000000000e+04
6.626407607736662930e-01 9.899999999999985478e-01 1.443289932012703503e-15 2.746152999999999884e+04 2.324592938365768987e+03 2.435400000000000000e+04 4.072500000000000000e+04
7.289048368510330222e-01 9.899999999999985478e-01 1.443289932012703503e-15 2.716945999999999913e+04 2.051686050154847635e+03 2.403400000000000000e+04 3.576100000000000000e+04
8.017953205361363356e-01 9.899999999999985478e-01 1.443289932012703503e-15 2.719713000000000102e+04 2.090591010480050954e+03 2.315400000000000000e+04 3.480900000000000000e+04
8.819748525897500580e-01 9.899999999999985478e-01 1.443289932012703503e-15 2.728018999999999869e+04 1.903981663225777766e+03 2.330800000000000000e+04 3.428000000000000000e+04
9.701723378487251415e-01 9.899999999999985478e-01 1.443289932012703503e-15 2.694056000000000131e+04 2.306554986641333016e+03 2.364600000000000000e+04 3.994400000000000000e+04
9.801723378487251503e-01 9.899999999999985478e-01 1.443289932012703503e-15 2.711968999999999869e+04 1.984736222751023661e+03 2.407600000000000000e+04 3.589500000000000000e+04
9.901723378487251592e-01 9.899999999999985478e-01 1.443289932012703503e-15 2.686670000000000073e+04 1.985194955161835196e+03 2.388000000000000000e+04 3.625300000000000000e+04
1.000172337848725057e+00 9.899999999999985478e-01 1.443289932012703503e-15 2.706625000000000000e+04 1.962086534151845171e+03 2.348200000000000000e+04 3.346500000000000000e+04
