1.000000000000000021e-02 9.899999999999985478e-01 1.443289932012703503e-15 5.162245999999999913e+04 3.910082833956334525e+03 4.321300000000000000e+04 6.031900000000000000e+04
1.100000000000000110e-02 9.899999999999985478e-01 1.443289932012703503e-15 4.996687000000000262e+04 3.577958651675561214e+03 4.253700000000000000e+04 5.911100000000000000e+04
1.210000000000000138e-02 9.899999999999985478e-01 1.443289932012703503e-15 4.988750000000000000e+04 3.717692487282938146e+03 4.213500000000000000e+04 6.087100000000000000e+04
1.331000000000000238e-02 9.899999999999985478e-01 1.443289932012703503e-15 4.852587999999999738e+04 3.111419612588439577e+03 4.039600000000000000e+04 5.549100000000000000e+04
1.464100000000000297e-02 9.899999999999985478e-01 1.443289932012703503e-15 4.729100000000000000e+04 3.482156386493863465e+03 4.000400000000000000e+04 5.682000000000000000e+04
1.610510000000000413e-02 9.899999999999985478e-01 1.443289932012703503e-15 4.748055999999999767e+04 3.965998429954302992e+03 3.975200000000000000e+04 6.160400000000000000e+04
1.771561000000000663e-02 9.899999999999985478e-01 1.443289932012703503e-15 4.627530000000000291e+04 3.428275045850318747e+03 3.936100000000000000e+04 5.925000000000000000e+04
1.948717100000000799e-02 9.899999999999985478e-01 1.443289932012703503e-15 4.560911000000000058e+04 3.473432515236189374e+03 3.948500000000000000e+04 5.984300000000000000e+04
2.143588810000001191e-02 9.899999999999985478e-01 1.443289932012703503e-15 4.437600000000000000e+04 3.464685535514009644e+03 3.746100000000000000e+04 5.434500000000000000e+04
2.357947691000001483e-02 9.899999999999985478e-01 1.443289932012703503e-15 4.349672000000000116e+04 3.081405536699121058e+03 3.659100000000000000e+04 5.250000000000000000e+04
2.593742460100001770e-02 9.899999999999985478e-01 1.443289932012703503e-15 4.237458999999999651e+04 3.166891040421189246e+03 3.636300000000000000e+04 5.148600000000000000e+04
2.853116706110002052e-02 9.899999999999985478e-01 1.443289932012703503e-15 4.180684999999999854e+04 3.313070610098734505e+03 3.452300000000000000e+04 5.035600000000000000e+04
3.138428376721002361e-02 9.899999999999985478e-01 1.443289932012703503e-15 4.123990000000000146e+04 3.536749803138468906e+03 3.385900000000000000e+04 4.972900000000000000e+04
3.452271214393103083e-02 9.899999999999985478e-01 1.443289932012703503e-15 3.952584999999999854e+04 3.201839444366316002e+03 3.268600000000000000e+04 4.905100000000000000e+04
3.797498335832413807e-02 9.899999999999985478e-01 1.443289932012703503e-15 3.921266999999999825e+04 3.231642560850441896e+03 3.228100000000000000e+04 5.046400000000000000e+04
4.177248169415655188e-02 9.899999999999985478e-01 1.443289932012703503e-15 3.902788999999999942e+04 2.980238144494496737e+03 3.282200000000000000e+04 5.097600000000000000e+04
4.594972986357220845e-02 9.899999999999985478e-01 1.443289932012703503e-15 3.777615000000000146e+04 2.816272083357714564e+03 3.098100000000000000e+04 4.470800000000000000e+04
5.054470284992943624e-02 9.899999999999985478e-01 1.443289932012703503e-15 3.649652999999999884e+04 2.714399762212632595e+03 3.125500000000000000e+04 4.590400000000000000e+04
5.559917313492238750e-02 9.899999999999985478e-01 1.443289932012703503e-15 3.618208999999999651e+04 2.325044898899804593e+03 3.105500000000000000e+04 4.174800000000000000e+04
6.115909044841463110e-02 9.899999999999985478e-01 1.443289932012703503e-15 3.594766000000000349e+04 2.429216228416070862e+03 3.034100000000000000e+04 4.394100000000000000e+04
6.727499949325610462e-02 9.899999999999985478e-01 1.443289932012703503e-15 3.496591999999999825e+04 2.483388860730433407e+03 3.028000000000000000e+04 4.297300000000000000e+04
7.400249944258172063e-02 9.899999999999985478e-01 1.443289932012703503e-15 3.449487999999999738e+04 2.488991555951928149e+03 2.892500000000000000e+04 4.493800000000000000e+04
8.140274938683990380e-02 9.899999999999985478e-01 1.443289932012703503e-15 3.333059999999999854e+04 2.621054245909458587e+03 2.834500000000000000e+04 4.004400000000000000e+04
8.954302432552389834e-02 9.899999999999985478e-01 1.443289932012703503e-15 3.257036000000000058e+04 2.533148181690127331e+03 2.794000000000000000e+04 4.230700000000000000e+04
9.849732675807629234e-02 9.899999999999985478e-01 1.443289932012703503e-15 3.229420000000000073e+04 2.091784893338700840e+03 2.743100000000000000e+04 3.808900000000000000e+04
1.083470594338839244e-01 9.899999999999985478e-01 1.443289932012703503e-15 3.140097000000000116e+04 1.916343724152846789e+03 2.721300000000000000e+04 3.621400000000000000e+04
1.191817653772723196e-01 9.899999999999985478e-01 1.443289932012703503e-15 3.146197999999999956e+04 2.516178197107668439e+03 2.671500000000000000e+04 4.016100000000000000e+04
1.310999419149995737e-01 9.899999999999985478e-01 1.443289932012703503e-15 3.084070999999999913e+04 2.378395657980395754e+03 2.713300000000000000e+04 3.898100000000000000e+04
1.442099361064995422e-01 9.899999999999985478e-01 1.443289932012703503e-15 3.005861000000000058e+04 2.360587833125469388e+03 2.548300000000000000e+04 3.854100000000000000e+04
1.586309297171495103e-01 9.899999999999985478e-01 1.443289932012703503e-15 2.949193000000000029e+04 2.092069990487890209e+03 2.458600000000000000e+04 3.651300000000000000e+04
1.744940226888644641e-01 9.899999999999985478e-01 1.443289932012703503e-15 2.927581000000000131e+04 1.990906174057431826e+03 2.574000000000000000e+04 3.400800000000000000e+04
1.919434249577509355e-01 9.899999999999985478e-01 1.443289932012703503e-15 2.843529000000000087e+04 2.155314813640921784e+03 2.366100000000000000e+04 3.601300000000000000e+04
2.111377674535260540e-01 9.899999999999985478e-01 1.443289932012703503e-15 2.817908000000000175e+04 1.997480045857780397e+03 2.453200000000000000e+04 3.328800000000000000e+04
2.322515441988786677e-01 9.899999999999985478e-01 1.443289932012703503e-15 2.807445999999999913e+04 2.664536572914696990e+03 2.271300000000000000e+04 4.058000000000000000e+04
2.554766986187665401e-01 9.899999999999985478e-01 1.443289932012703503e-15 2.692629999999999927e+04 1.972460030013283131e+03 2.344700000000000000e+04 3.351800000000000000e+04
2.810243684806432163e-01 9.899999999999985478e-01 1.443289932012703503e-15 2.632620999999999913e+04 1.810708122779594078e+03 2.238100000000000000e+04 3.365400000000000000e+04
3.091268053287075657e-01 9.899999999999985478e-01 1.443289932012703503e-15 2.638445000000000073e+04 1.886288065884954221e+03 2.245000000000000000e+04 3.496400000000000000e+04
3.400394858615783389e-01 9.899999999999985478e-01 1.443289932012703503e-15 2.569586000000000058e+04 1.769424296317873313e+03 2.222800000000000000e+04 3.177900000000000000e+04
3.740434344477361894e-01 9.899999999999985478e-01 1.443289932012703503e-15 2.568233000000000175e+04 1.996390778655321583e+03 2.249800000000000000e+04 3.403100000000000000e+04
4.114477778925098583e-01 9.899999999999985478e-01 1.443289932012703503e-15 2.516400999999999840e+04 1.969242532015799725e+03 2.183800000000000000e+04 3.267400000000000000e+04
4.525925556817608775e-01 9.899999999999985478e-01 1.443289932012703503e-15 2.487122000000000116e+04 1.720590425290109351e+03 2.207400000000000000e+04 3.143100000000000000e+04
4.978518112499369930e-01 9.899999999999985478e-01 1.443289932012703503e-15 2.472820000000000073e+04 1.829136249709135200e+03 2.153300000000000000e+04 2.956300000000000000e+04
5.476369923749306867e-01 9.899999999999985478e-01 1.443289932012703503e-15 2.440504000000000087e+04 1.471253390276467599e+03 2.174900000000000000e+04 2.918200000000000000e+04
6.024006916124238220e-01 9.899999999999985478e-01 1.443289932012703503e-15 2.483506000000000131e+04 2.053754468382235245e+03 2.123300000000000000e+04 3.016700000000000000e+04
6.626407607736662930e-01 9.899999999999985478e-01 1.443289932012703503e-15 2.440195999999999913e+04 1.798069013803419239e+03 2.151300000000000000e+04 3.027900000000000000e+04
7.289048368510330222e-01 9.899999999999985478e-01 1.443289932012703503e-15 2.424156999999999971e+04 1.999113134642459727e+03 2.078700000000000000e+04 3.272900000000000000e+04
8.017953205361363356e-01 9.899999999999985478e-01 1.443289932012703503e-15 2.424190000000000146e+04 2.469513666696339442e+03 2.100600000000000000e+04 3.985100000000000000e+04
8.819748525897500580e-01 9.899999999999985478e-01 1.443289932012703503e-15 2.416138999999999942e+04 2.032835644586152966e+03 2.120100000000000000e+04 3.118000000000000000e+04
9.701723378487251415e-01 9.899999999999985478e-01 1.443289932012703503e-15 2.424979000000000087e+04 1.788125170646618926e+03 2.047900000000000000e+04 2.895300000000000000e+04
9.801723378487251503e-01 9.899999999999985478e-01 1.443289932012703503e-15 2.388402999999999884e+04 1.609772173041887527e+03 2.102700000000000000e+04 2.926800000000000000e+04
9.901723378487251592e-01 9.899999999999985478e-01 1.443289932012703503e-15 2.460281000000000131e+04 2.600694702170941127e+03 2.061100000000000000e+04 3.558100000000000000e+04
1.000172337848725057e+00 9.899999999999985478e-01 1.443289932012703503e-15 2.424963999999999942e+04 1.877493363610108872e+03 2.066900000000000000e+04 2.911700000000000000e+04
