1.000000000000000021e-02 9.899999999999985478e-01 1.443289932012703503e-15 4.159994000000000233e+04 2.752081651477659307e+03 3.552700000000000000e+04 4.819900000000000000e+04
1.100000000000000110e-02 9.899999999999985478e-01 1.443289932012703503e-15 4.043533000000000175e+04 2.658065420771279150e+03 3.477100000000000000e+04 4.588800000000000000e+04
1.210000000000000138e-02 9.899999999999985478e-01 1.443289932012703503e-15 3.919351999999999680e+04 2.857557322189705701e+03 3.187000000000000000e+04 4.745000000000000000e+04
1.331000000000000238e-02 9.899999999999985478e-01 1.443289932012703503e-15 3.893973000000000320e+04 2.591327223084726484e+03 3.343300000000000000e+04 4.593700000000000000e+04
1.464100000000000297e-02 9.899999999999985478e-01 1.443289932012703503e-15 3.808416000000000349e+04 2.705224673553012508e+03 3.124600000000000000e+04 4.547300000000000000e+04
1.610510000000000413e-02 9.899999999999985478e-01 1.443289932012703503e-15 3.748669000000000233e+04 2.841566214942034549e+03 3.118900000000000000e+04 4.551300000000000000e+04
1.771561000000000663e-02 9.899999999999985478e-01 1.443289932012703503e-15 3.645826000000000204e+04 2.671362564759789166e+03 3.054500000000000000e+04 4.318200000000000000e+04
1.948717100000000799e-02 9.899999999999985478e-01 1.443289932012703503e-15 3.571801999999999680e+04 2.496761934906890929e+03 3.101800000000000000e+04 4.459600000000000000e+04
2.143588810000001191e-02 9.899999999999985478e-01 1.443289932012703503e-15 3.495708000000000175e+04 2.768616577570827303e+03 2.759900000000000000e+04 4.125000000000000000e+04
2.357947691000001483e-02 9.899999999999985478e-01 1.443289932012703503e-15 3.415951000000000204e+04 2.296837932876414470e+03 2.974600000000000000e+04 4.119600000000000000e+04
2.593742460100001770e-02 9.899999999999985478e-01 1.443289932012703503e-15 3.299206999999999971e+04 2.351135335343331917e+03 2.715100000000000000e+04 3.999100000000000000e+04
2.853116706110002052e-02 9.899999999999985478e-01 1.443289932012703503e-15 3.284105999999999767e+04 2.305831463138622439e+03 2.715400000000000000e+04 3.844600000000000000e+04
3.138428376721002361e-02 9.899999999999985478e-01 1.443289932012703503e-15 3.196970999999999913e+04 2.137438515115698010e+03 2.764700000000000000e+04 3.786800000000000000e+04
3.452271214393103083e-02 9.899999999999985478e-01 1.443289932012703503e-15 3.135375000000000000e+04 2.122692428850680244e+03 2.667400000000000000e+04 3.670900000000000000e+04
3.797498335832413807e-02 9.899999999999985478e-01 1.443289932012703503e-15 3.072443999999999869e+04 2.197932229710460888e+03 2.565100000000000000e+04 3.667600000000000000e+04
4.177248169415655188e-02 9.899999999999985478e-01 1.443289932012703503e-15 3.048740000000000146e+04 2.006964608556912026e+03 2.605800000000000000e+04 3.605800000000000000e+04
4.594972986357220845e-02 9.899999999999985478e-01 1.443289932012703503e-15 2.932300000000000000e+04 1.659623867025296704e+03 2.497700000000000000e+04 3.375100000000000000e+04
5.054470284992943624e-02 9.899999999999985478e-01 1.443289932012703503e-15 2.863309999999999854e+04 1.785360733857447258e+03 2.423500000000000000e+04 3.420300000000000000e+04
5.559917313492238750e-02 9.899999999999985478e-01 1.443289932012703503e-15 2.763191999999999825e+04 1.664955048522331708e+03 2.403800000000000000e+04 3.369100000000000000e+04
6.115909044841463110e-02 9.899999999999985478e-01 1.443289932012703503e-15 2.724938000000000102e+04 1.722965007073562219e+03 2.370300000000000000e+04 3.070700000000000000e+04
6.727499949325610462e-02 9.899999999999985478e-01 1.443289932012703503e-15 2.701018999999999869e+04 1.583781542353616487e+03 2.321000000000000000e+04 3.071800000000000000e+04
7.400249944258172063e-02 9.899999999999985478e-01 1.443289932012703503e-15 2.618663999999999942e+04 1.567486258440564143e+03 2.224500000000000000e+04 2.941300000000000000e+04
8.140274938683990380e-02 9.899999999999985478e-01 1.443289932012703503e-15 2.552104000000000087e+04 1.571513187472507298e+03 2.310500000000000000e+04 3.032200000000000000e+04
8.954302432552389834e-02 9.899999999999985478e-01 1.443289932012703503e-15 2.497347000000000116e+04 1.472294484503695003e+03 2.103600000000000000e+04 2.893000000000000000e+04
9.849732675807629234e-02 9.899999999999985478e-01 1.443289932012703503e-15 2.459181000000000131e+04 1.314947555570183113e+03 2.207500000000000000e+04 2.791200000000000000e+04
1.083470594338839244e-01 9.899999999999985478e-01 1.443289932012703503e-15 2.374077000000000044e+04 1.256480098171077316e+03 2.162800000000000000e+04 2.789900000000000000e+04
1.191817653772723196e-01 9.899999999999985478e-01 1.443289932012703503e-15 2.325436999999999898e+04 1.283432621176507382e+03 2.066000000000000000e+04 2.745500000000000000e+04
1.310999419149995737e-01 9.899999999999985478e-01 1.443289932012703503e-15 2.277375999999999840e+04 1.090717196343763362e+03 2.019000000000000000e+04 2.612100000000000000e+04
1.442099361064995422e-01 9.899999999999985478e-01 1.443289932012703503e-15 2.209945999999999913e+04 1.045842994143958322e+03 1.984100000000000000e+04 2.506100000000000000e+04
1.586309297171495103e-01 9.899999999999985478e-01 1.443289932012703503e-15 2.191154999999999927e+04 1.043445450179356612e+03 1.956800000000000000e+04 2.439400000000000000e+04
1.744940226888644641e-01 9.899999999999985478e-01 1.443289932012703503e-15 2.120606000000000131e+04 1.033745111911055346e+03 1.924900000000000000e+04 2.518800000000000000e+04
1.919434249577509355e-01 9.899999999999985478e-01 1.443289932012703503e-15 2.088420999999999913e+04 1.050637818613055515e+03 1.914300000000000000e+04 2.439700000000000000e+04
2.111377674535260540e-01 9.899999999999985478e-01 1.443289932012703503e-15 2.054154000000000087e+04 9.227732378000565632e+02 1.829300000000000000e+04 2.347900000000000000e+04
2.322515441988786677e-01 9.899999999999985478e-01 1.443289932012703503e-15 2.004172000000000116e+04 8.572000825944895723e+02 1.817400000000000000e+04 2.260700000000000000e+04
2.554766986187665401e-01 9.899999999999985478e-01 1.443289932012703503e-15 1.985215000000000146e+04 9.259481235468865634e+02 1.812200000000000000e+04 2.316300000000000000e+04
2.810243684806432163e-01 9.899999999999985478e-01 1.443289932012703503e-15 1.936870000000000073e+04 8.643022677281367123e+02 1.771600000000000000e+04 2.202800000000000000e+04
3.091268053287075657e-01 9.899999999999985478e-01 1.443289932012703503e-15 1.907718999999999869e+04 8.650291751727220344e+02 1.742100000000000000e+04 2.231700000000000000e+04
3.400394858615783389e-01 9.899999999999985478e-01 1.443289932012703503e-15 1.872920000000000073e+04 8.479805186441492424e+02 1.673800000000000000e+04 2.070400000000000000e+04
3.740434344477361894e-01 9.899999999999985478e-01 1.443289932012703503e-15 1.840518999999999869e+04 8.230215512974128842e+02 1.688900000000000000e+04 2.055900000000000000e+04
4.114477778925098583e-01 9.899999999999985478e-01 1.443289932012703503e-15 1.819820999999999913e+04 7.075261591630375051e+02 1.662600000000000000e+04 2.031500000000000000e+04
4.525925556817608775e-01 9.899999999999985478e-01 1.443289932012703503e-15 1.801224000000000160e+04 6.877956254586094929e+02 1.661700000000000000e+04 1.951300000000000000e+04
4.978518112499369930e-01 9.899999999999985478e-01 1.443289932012703503e-15 1.774895000000000073e+04 7.687936572969368854e+02 1.580400000000000000e+04 2.007000000000000000e+04
5.476369923749306867e-01 9.899999999999985478e-01 1.443289932012703503e-15 1.757025000000000000e+04 7.565629567326171809e+02 1.575900000000000000e+04 2.023400000000000000e+04
6.024006916124238220e-01 9.899999999999985478e-01 1.443289932012703503e-15 1.749981999999999971e+04 6.181617649127127834e+02 1.631900000000000000e+04 1.942300000000000000e+04
6.626407607736662930e-01 9.899999999999985478e-01 1.443289932012703503e-15 1.737120000000000073e+04 6.941916161982943549e+02 1.560500000000000000e+04 1.941200000000000000e+04
7.289048368510330222e-01 9.899999999999985478e-01 1.443289932012703503e-15 1.730202999999999884e+04 6.992313988230218911e+02 1.585500000000000000e+04 1.910900000000000000e+04
8.017953205361363356e-01 9.899999999999985478e-01 1.443289932012703503e-15 1.719688999999999942e+04 5.961322486663508471e+02 1.569800000000000000e+04 1.862000000000000000e+04
8.819748525897500580e-01 9.899999999999985478e-01 1.443289932012703503e-15 1.727804000000000087e+04 7.117687113100718079e+02 1.587400000000000000e+04 1.944700000000000000e+04
9.701723378487251415e-01 9.899999999999985478e-01 1.443289932012703503e-15 1.717695999999999913e+04 7.843495129086267070e+02 1.586900000000000000e+04 1.982700000000000000e+04
9.801723378487251503e-01 9.899999999999985478e-01 1.443289932012703503e-15 1.716490000000000146e+04 7.937302249505180498e+02 1.551300000000000000e+04 1.962000000000000000e+04
9.901723378487251592e-01 9.899999999999985478e-01 1.443289932012703503e-15 1.719277999999999884e+04 7.140133133212573284e+02 1.565300000000000000e+04 2.076300000000000000e+04
1.000172337848725057e+00 9.899999999999985478e-01 1.443289932012703503e-15 1.715554999999999927e+04 6.822516013172852354e+02 1.550900000000000000e+04 1.899000000000000000e+04
