1.000000000000000021e-02 9.899999999999985478e-01 1.443289932012703503e-15 5.312030999999999767e+04 3.552110661831920424e+03 4.411800000000000000e+04 6.237000000000000000e+04
1.100000000000000110e-02 9.899999999999985478e-01 1.443289932012703503e-15 5.143748999999999796e+04 3.600901369088023330e+03 4.327000000000000000e+04 6.052000000000000000e+04
1.210000000000000138e-02 9.899999999999985478e-01 1.443289932012703503e-15 5.052898999999999796e+04 3.761820494109202173e+03 4.173300000000000000e+04 5.917200000000000000e+04
1.331000000000000238e-02 9.899999999999985478e-01 1.443289932012703503e-15 4.929773000000000320e+04 3.801121786670351412e+03 4.113600000000000000e+04 5.834400000000000000e+04
1.464100000000000297e-02 9.899999999999985478e-01 1.443289932012703503e-15 4.878829000000000087e+04 4.354333871661657213e+03 3.970300000000000000e+04 5.987600000000000000e+04
1.610510000000000413e-02 9.899999999999985478e-01 1.443289932012703503e-15 4.834200000000000000e+04 4.248052753909724743e+03 3.935100000000000000e+04 5.936000000000000000e+04
1.771561000000000663e-02 9.899999999999985478e-01 1.443289932012703503e-15 4.700902999999999884e+04 3.607267141355073818e+03 3.914800000000000000e+04 5.611000000000000000e+04
1.948717100000000799e-02 9.899999999999985478e-01 1.443289932012703503e-15 4.628462000000000262e+04 3.863499666830580736e+03 3.696700000000000000e+04 5.704600000000000000e+04
2.143588810000001191e-02 9.899999999999985478e-01 1.443289932012703503e-15 4.599066999999999825e+04 3.518280853072988521e+03 3.765900000000000000e+04 5.533100000000000000e+04
2.357947691000001483e-02 9.899999999999985478e-01 1.443289932012703503e-15 4.480605999999999767e+04 3.350304863202749402e+03 3.852000000000000000e+04 5.199600000000000000e+04
2.593742460100001770e-02 9.899999999999985478e-01 1.443289932012703503e-15 4.413233000000000175e+04 3.286742959390040141e+03 3.757700000000000000e+04 5.459600000000000000e+04
2.853116706110002052e-02 9.899999999999985478e-01 1.443289932012703503e-15 4.328523000000000320e+04 3.284812420382630989e+03 3.655700000000000000e+04 5.187600000000000000e+04
3.138428376721002361e-02 9.899999999999985478e-01 1.443289932012703503e-15 4.220493000000000029e+04 3.015636971702661867e+03 3.564500000000000000e+04 4.864900000000000000e+04
3.452271214393103083e-02 9.899999999999985478e-01 1.443289932012703503e-15 4.089083999999999651e+04 2.783105372493107552e+03 3.502600000000000000e+04 4.860600000000000000e+04
3.797498335832413807e-02 9.899999999999985478e-01 1.443289932012703503e-15 4.072329000000000087e+04 3.179073743388159073e+03 3.427200000000000000e+04 4.832200000000000000e+04
4.177248169415655188e-02 9.899999999999985478e-01 1.443289932012703503e-15 3.981026000000000204e+04 2.994153251321649350e+03 3.296200000000000000e+04 4.791200000000000000e+04
4.594972986357220845e-02 9.899999999999985478e-01 1.443289932012703503e-15 3.894923000000000320e+04 2.623639727001403116e+03 3.333800000000000000e+04 4.672700000000000000e+04
5.054470284992943624e-02 9.899999999999985478e-01 1.443289932012703503e-15 3.834956999999999971e+04 2.658049078760585871e+03 3.317300000000000000e+04 4.521000000000000000e+04
5.559917313492238750e-02 9.899999999999985478e-01 1.443289932012703503e-15 3.742097000000000116e+04 2.572561196376094358e+03 3.199700000000000000e+04 4.442900000000000000e+04
6.115909044841463110e-02 9.899999999999985478e-01 1.443289932012703503e-15 3.667162000000000262e+04 2.854123013396584156e+03 3.077700000000000000e+04 4.584300000000000000e+04
6.727499949325610462e-02 9.899999999999985478e-01 1.443289932012703503e-15 3.601031999999999971e+04 2.566167328449180332e+03 3.022500000000000000e+04 4.355300000000000000e+04
7.400249944258172063e-02 9.899999999999985478e-01 1.443289932012703503e-15 3.542926999999999680e+04 2.632573664135536092e+03 2.978800000000000000e+04 4.466400000000000000e+04
8.140274938683990380e-02 9.899999999999985478e-01 1.443289932012703503e-15 3.493527999999999884e+04 3.079493107899415918e+03 2.885400000000000000e+04 4.504700000000000000e+04
8.954302432552389834e-02 9.899999999999985478e-01 1.443289932012703503e-15 3.407658999999999651e+04 2.352408782907426485e+03 2.958800000000000000e+04 4.014700000000000000e+04
9.849732675807629234e-02 9.899999999999985478e-01 1.443289932012703503e-15 3.338086000000000058e+04 2.720963322134276950e+03 2.893000000000000000e+04 4.567700000000000000e+04
1.083470594338839244e-01 9.899999999999985478e-01 1.443289932012703503e-15 3.333987999999999738e+04 2.659960771440060398e+03 2.867500000000000000e+04 4.385400000000000000e+04
1.191817653772723196e-01 9.899999999999985478e-01 1.443289932012703503e-15 3.246761000000000058e+04 2.369554181254355626e+03 2.833200000000000000e+04 4.051300000000000000e+04
1.310999419149995737e-01 9.899999999999985478e-01 1.443289932012703503e-15 3.162672000000000116e+04 2.460923241712345316e+03 2.747000000000000000e+04 3.818500000000000000e+04
1.442099361064995422e-01 9.899999999999985478e-01 1.443289932012703503e-15 3.126618000000000029e+04 2.503798803338638663e+03 2.591000000000000000e+04 4.033600000000000000e+04
1.586309297171495103e-01 9.899999999999985478e-01 1.443289932012703503e-15 3.024456999999999971e+04 1.995313901394966251e+03 2.624500000000000000e+04 3.687300000000000000e+04
1.744940226888644641e-01 9.899999999999985478e-01 1.443289932012703503e-15 3.013668000000000029e+04 2.282928417099406033e+03 2.560800000000000000e+04 3.728300000000000000e+04
1.919434249577509355e-01 9.899999999999985478e-01 1.443289932012703503e-15 2.963868000000000029e+04 2.078355267417002779e+03 2.504600000000000000e+04 3.663800000000000000e+04
2.111377674535260540e-01 9.899999999999985478e-01 1.443289932012703503e-15 2.926704000000000087e+04 2.141879169887974513e+03 2.498500000000000000e+04 3.624600000000000000e+04
2.322515441988786677e-01 9.899999999999985478e-01 1.443289932012703503e-15 2.879722000000000116e+04 1.796800570903738617e+03 2.441200000000000000e+04 3.324900000000000000e+04
2.554766986187665401e-01 9.899999999999985478e-01 1.443289932012703503e-15 2.803179000000000087e+04 1.920168452480146016e+03 2.463700000000000000e+04 3.356100000000000000e+04
2.810243684806432163e-01 9.899999999999985478e-01 1.443289932012703503e-15 2.768490999999999985e+04 2.351183289728812269e+03 2.416200000000000000e+04 3.522500000000000000e+04
3.091268053287075657e-01 9.899999999999985478e-01 1.443289932012703503e-15 2.713450000000000000e+04 1.704802073555754305e+03 2.326900000000000000e+04 3.227000000000000000e+04
3.400394858615783389e-01 9.899999999999985478e-01 1.443289932012703503e-15 2.702115999999999985e+04 1.992374757519277409e+03 2.350500000000000000e+04 3.437500000000000000e+04
3.740434344477361894e-01 9.899999999999985478e-01 1.443289932012703503e-15 2.681456999999999971e+04 2.208862301072658283e+03 2.309600000000000000e+04 3.505800000000000000e+04
4.114477778925098583e-01 9.899999999999985478e-01 1.443289932012703503e-15 2.647809999999999854e+04 2.115232580592497925e+03 2.289600000000000000e+04 3.302500000000000000e+04
4.525925556817608775e-01 9.899999999999985478e-01 1.443289932012703503e-15 2.605061000000000058e+04 1.901650740251743173e+03 2.305900000000000000e+04 3.176900000000000000e+04
4.978518112499369930e-01 9.899999999999985478e-01 1.443289932012703503e-15 2.580938999999999942e+04 1.771351376181473142e+03 2.297900000000000000e+04 3.505600000000000000e+04
5.476369923749306867e-01 9.899999999999985478e-01 1.443289932012703503e-15 2.580124000000000160e+04 1.920753128957493118e+03 2.272300000000000000e+04 3.130100000000000000e+04
6.024006916124238220e-01 9.899999999999985478e-01 1.443289932012703503e-15 2.543602000000000044e+04 1.744656951838956502e+03 2.213400000000000000e+04 3.079500000000000000e+04
6.626407607736662930e-01 9.899999999999985478e-01 1.443289932012703503e-15 2.507936999999999898e+04 1.875521509634054155e+03 2.191600000000000000e+04 3.451800000000000000e+04
7.289048368510330222e-01 9.899999999999985478e-01 1.443289932012703503e-15 2.484752000000000044e+04 1.829989991666621336e+03 2.205400000000000000e+04 2.986100000000000000e+04
8.017953205361363356e-01 9.899999999999985478e-01 1.443289932012703503e-15 2.500802000000000044e+04 1.624627194035603907e+03 2.210400000000000000e+04 3.094900000000000000e+04
8.819748525897500580e-01 9.899999999999985478e-01 1.443289932012703503e-15 2.549474000000000160e+04 2.006790126645036253e+03 2.197100000000000000e+04 3.190900000000000000e+04
9.701723378487251415e-01 9.899999999999985478e-01 1.443289932012703503e-15 2.485961999999999898e+04 1.775877218616197297e+03 2.193200000000000000e+04 3.083100000000000000e+04
9.801723378487251503e-01 9.899999999999985478e-01 1.443289932012703503e-15 2.513399000000000160e+04 1.917728982390369310e+03 2.179400000000000000e+04 3.277500000000000000e+04
9.901723378487251592e-01 9.899999999999985478e-01 1.443289932012703503e-15 2.508352999999999884e+04 1.742725127236076560e+03 2.217600000000000000e+04 2.961600000000000000e+04
1.000172337848725057e+00 9.899999999999985478e-01 1.443289932012703503e-15 2.489143999999999869e+04 1.886125204327644724e+03 2.169800000000000000e+04 3.128200000000000000e+04
