1.000000000000000021e-02 9.899999999999985478e-01 1.443289932012703503e-15 5.605497000000000116e+04 3.650382627766573478e+03 4.800000000000000000e+04 6.351200000000000000e+04
1.100000000000000110e-02 9.899999999999985478e-01 1.443289932012703503e-15 5.442926000000000204e+04 3.526242874845690039e+03 4.647800000000000000e+04 6.255100000000000000e+04
1.210000000000000138e-02 9.899999999999985478e-01 1.443289932012703503e-15 5.419612999999999738e+04 3.585647879128679961e+03 4.703100000000000000e+04 6.578800000000000000e+04
1.331000000000000238e-02 9.899999999999985478e-01 1.443289932012703503e-15 5.321148999999999796e+04 3.812658134412263735e+03 4.596100000000000000e+04 6.422900000000000000e+04
1.464100000000000297e-02 9.899999999999985478e-01 1.443289932012703503e-15 5.256463999999999942e+04 3.270895686260875209e+03 4.514200000000000000e+04 6.075200000000000000e+04
1.610510000000000413e-02 9.899999999999985478e-01 1.443289932012703503e-15 5.150668000000000029e+04 3.233914441910916594e+03 4.291400000000000000e+04 5.921700000000000000e+04
1.771561000000000663e-02 9.899999999999985478e-01 1.443289932012703503e-15 5.140538999999999942e+04 3.230775463863126333e+03 4.588000000000000000e+04 6.008100000000000000e+04
1.948717100000000799e-02 9.899999999999985478e-01 1.443289932012703503e-15 4.975169999999999709e+04 3.265089274430333262e+03 4.374000000000000000e+04 5.946800000000000000e+04
2.143588810000001191e-02 9.899999999999985478e-01 1.443289932012703503e-15 4.989843000000000029e+04 3.600508078743887836e+03 4.104600000000000000e+04 6.142500000000000000e+04
2.357947691000001483e-02 9.899999999999985478e-01 1.443289932012703503e-15 4.780708000000000175e+04 3.383113198460850072e+03 4.071600000000000000e+04 5.670800000000000000e+04
2.593742460100001770e-02 9.899999999999985478e-01 1.443289932012703503e-15 4.825958000000000175e+04 3.620250859208516886e+03 4.062100000000000000e+04 6.015900000000000000e+04
2.853116706110002052e-02 9.899999999999985478e-01 1.443289932012703503e-15 4.706444000000000233e+04 3.352514648200660758e+03 3.971000000000000000e+04 5.980500000000000000e+04
3.138428376721002361e-02 9.899999999999985478e-01 1.443289932012703503e-15 4.594351000000000204e+04 3.043435307329531497e+03 4.032300000000000000e+04 5.373500000000000000e+04
3.452271214393103083e-02 9.899999999999985478e-01 1.443289932012703503e-15 4.530576999999999680e+04 2.672230210348651781e+03 4.024300000000000000e+04 5.548300000000000000e+04
3.797498335832413807e-02 9.899999999999985478e-01 1.443289932012703503e-15 4.436058999999999651e+04 3.023346665848955581e+03 3.847200000000000000e+04 5.574700000000000000e+04
4.177248169415655188e-02 9.899999999999985478e-01 1.443289932012703503e-15 4.378819999999999709e+04 3.161215326421153350e+03 3.790000000000000000e+04 5.465200000000000000e+04
4.594972986357220845e-02 9.899999999999985478e-01 1.443289932012703503e-15 4.332987000000000262e+04 2.966736461686477924e+03 3.701200000000000000e+04 5.217300000000000000e+04
5.054470284992943624e-02 9.899999999999985478e-01 1.443289932012703503e-15 4.213506999999999971e+04 2.849353215222711242e+03 3.612700000000000000e+04 4.964900000000000000e+04
5.559917313492238750e-02 9.899999999999985478e-01 1.443289932012703503e-15 4.166038999999999942e+04 2.828106305975785290e+03 3.638400000000000000e+04 4.916000000000000000e+04
6.115909044841463110e-02 9.899999999999985478e-01 1.443289932012703503e-15 4.113225000000000000e+04 3.058590608025206166e+03 3.551200000000000000e+04 4.911100000000000000e+04
6.727499949325610462e-02 9.899999999999985478e-01 1.443289932012703503e-15 4.039008000000000175e+04 2.647051554768058395e+03 3.531200000000000000e+04 4.742200000000000000e+04
7.400249944258172063e-02 9.899999999999985478e-01 1.443289932012703503e-15 3.991977999999999884e+04 3.068504455202892132e+03 3.499000000000000000e+04 5.105800000000000000e+04
8.140274938683990380e-02 9.899999999999985478e-01 1.443289932012703503e-15 3.902436000000000058e+04 2.595672038297596828e+03 3.383100000000000000e+04 4.711200000000000000e+04
8.954302432552389834e-02 9.899999999999985478e-01 1.443289932012703503e-15 3.814748000000000320e+04 2.631638879025767892e+03 3.339000000000000000e+04 4.616700000000000000e+04
9.849732675807629234e-02 9.899999999999985478e-01 1.443289932012703503e-15 3.786490000000000146e+04 3.117972830221585355e+03 3.237800000000000000e+04 4.808000000000000000e+04
1.083470594338839244e-01 9.899999999999985478e-01 1.443289932012703503e-15 3.687273999999999796e+04 2.260317772438203065e+03 3.292900000000000000e+04 4.435700000000000000e+04
1.191817653772723196e-01 9.899999999999985478e-01 1.443289932012703503e-15 3.645341999999999825e+04 2.226796331863334217e+03 3.226900000000000000e+04 4.615300000000000000e+04
1.310999419149995737e-01 9.899999999999985478e-01 1.443289932012703503e-15 3.606926000000000204e+04 2.244117490774491671e+03 3.083700000000000000e+04 4.324900000000000000e+04
1.442099361064995422e-01 9.899999999999985478e-01 1.443289932012703503e-15 3.505601999999999680e+04 2.377215677972867525e+03 3.022000000000000000e+04 4.336900000000000000e+04
1.586309297171495103e-01 9.899999999999985478e-01 1.443289932012703503e-15 3.474686000000000058e+04 2.196984984108903518e+03 2.979100000000000000e+04 4.246900000000000000e+04
1.744940226888644641e-01 9.899999999999985478e-01 1.443289932012703503e-15 3.460376999999999680e+04 2.596656669084305577e+03 2.962100000000000000e+04 4.546000000000000000e+04
1.919434249577509355e-01 9.899999999999985478e-01 1.443289932012703503e-15 3.352280999999999767e+04 2.236123175028602418e+03 2.941500000000000000e+04 4.256500000000000000e+04
2.111377674535260540e-01 9.899999999999985478e-01 1.443289932012703503e-15 3.320223000000000320e+04 2.670645827716583881e+03 2.885000000000000000e+04 4.285700000000000000e+04
2.322515441988786677e-01 9.899999999999985478e-01 1.443289932012703503e-15 3.285391999999999825e+04 1.865443109183445358e+03 2.954000000000000000e+04 4.228600000000000000e+04
2.554766986187665401e-01 9.899999999999985478e-01 1.443289932012703503e-15 3.225422000000000116e+04 2.047044506501996239e+03 2.857100000000000000e+04 3.786000000000000000e+04
2.810243684806432163e-01 9.899999999999985478e-01 1.443289932012703503e-15 3.153527999999999884e+04 1.892464166529977092e+03 2.802200000000000000e+04 3.741100000000000000e+04
3.091268053287075657e-01 9.899999999999985478e-01 1.443289932012703503e-15 3.157602999999999884e+04 1.969793895081411620e+03 2.783300000000000000e+04 4.094700000000000000e+04
3.400394858615783389e-01 9.899999999999985478e-01 1.443289932012703503e-15 3.065325999999999840e+04 1.910816001712357092e+03 2.707700000000000000e+04 3.870400000000000000e+04
3.740434344477361894e-01 9.899999999999985478e-01 1.443289932012703503e-15 3.092886999999999898e+04 2.217632997838009942e+03 2.722800000000000000e+04 3.767300000000000000e+04
4.114477778925098583e-01 9.899999999999985478e-01 1.443289932012703503e-15 3.029950000000000000e+04 2.272906784274269285e+03 2.717800000000000000e+04 3.792000000000000000e+04
4.525925556817608775e-01 9.899999999999985478e-01 1.443289932012703503e-15 3.017700999999999840e+04 1.993818600048660528e+03 2.681400000000000000e+04 3.682100000000000000e+04
4.978518112499369930e-01 9.899999999999985478e-01 1.443289932012703503e-15 2.969241999999999825e+04 2.031982805931192161e+03 2.636700000000000000e+04 3.969300000000000000e+04
5.476369923749306867e-01 9.899999999999985478e-01 1.443289932012703503e-15 2.962465000000000146e+04 1.715708683751411399e+03 2.695200000000000000e+04 3.430300000000000000e+04
6.024006916124238220e-01 9.899999999999985478e-01 1.443289932012703503e-15 2.920172000000000116e+04 2.033992360260972191e+03 2.588400000000000000e+04 3.729200000000000000e+04
6.626407607736662930e-01 9.899999999999985478e-01 1.443289932012703503e-15 2.927288999999999942e+04 1.921445960182070621e+03 2.619600000000000000e+04 3.549800000000000000e+04
7.289048368510330222e-01 9.899999999999985478e-01 1.443289932012703503e-15 2.918954999999999927e+04 1.847845823519916621e+03 2.518900000000000000e+04 3.586300000000000000e+04
8.017953205361363356e-01 9.899999999999985478e-01 1.443289932012703503e-15 2.857433000000000175e+04 1.648790181041845017e+03 2.547100000000000000e+04 3.376400000000000000e+04
8.819748525897500580e-01 9.899999999999985478e-01 1.443289932012703503e-15 2.901499000000000160e+04 1.863550211263436722e+03 2.601000000000000000e+04 3.520500000000000000e+04
9.701723378487251415e-01 9.899999999999985478e-01 1.443289932012703503e-15 2.881859999999999854e+04 1.854688879569832579e+03 2.513800000000000000e+04 3.690400000000000000e+04
9.801723378487251503e-01 9.899999999999985478e-01 1.443289932012703503e-15 2.896041999999999825e+04 1.864945619475269950e+03 2.577200000000000000e+04 3.337800000000000000e+04
9.901723378487251592e-01 9.899999999999985478e-01 1.443289932012703503e-15 2.897990999999999985e+04 1.932194307490838355e+03 2.546700000000000000e+04 3.487200000000000000e+04
1.000172337848725057e+00 9.899999999999985478e-01 1.443289932012703503e-15 2.891195999999999913e+04 2.014090037312134882e+03 2.552000000000000000e+04 3.865600000000000000e+04
