1.000000000000000021e-02 9.899999999999985478e-01 1.443289932012703503e-15 4.241733999999999651e+04 3.048728755465137510e+03 3.607000000000000000e+04 4.996900000000000000e+04
1.100000000000000110e-02 9.899999999999985478e-01 1.443289932012703503e-15 4.086491000000000349e+04 2.707943304779477785e+03 3.495600000000000000e+04 4.891000000000000000e+04
1.210000000000000138e-02 9.899999999999985478e-01 1.443289932012703503e-15 4.033977999999999884e+04 2.616057107862900011e+03 3.277500000000000000e+04 4.670100000000000000e+04
1.331000000000000238e-02 9.899999999999985478e-01 1.443289932012703503e-15 3.887719999999999709e+04 2.913227292883272185e+03 3.287200000000000000e+04 4.505300000000000000e+04
1.464100000000000297e-02 9.899999999999985478e-01 1.443289932012703503e-15 3.829131999999999971e+04 2.749213956315513315e+03 3.246500000000000000e+04 4.383200000000000000e+04
1.610510000000000413e-02 9.899999999999985478e-01 1.443289932012703503e-15 3.702622000000000116e+04 2.264319123180298902e+03 3.182000000000000000e+04 4.604300000000000000e+04
1.771561000000000663e-02 9.899999999999985478e-01 1.443289932012703503e-15 3.663281999999999971e+04 2.320508183049566014e+03 3.192900000000000000e+04 4.294600000000000000e+04
1.948717100000000799e-02 9.899999999999985478e-01 1.443289932012703503e-15 3.615658999999999651e+04 2.402938168555321226e+03 3.105500000000000000e+04 4.289800000000000000e+04
2.143588810000001191e-02 9.899999999999985478e-01 1.443289932012703503e-15 3.548791000000000349e+04 2.579630485534701165e+03 3.004800000000000000e+04 4.326500000000000000e+04
2.357947691000001483e-02 9.899999999999985478e-01 1.443289932012703503e-15 3.427852999999999884e+04 2.454150559582684309e+03 2.891800000000000000e+04 4.171700000000000000e+04
2.593742460100001770e-02 9.899999999999985478e-01 1.443289932012703503e-15 3.384561000000000058e+04 2.058286233228993751e+03 2.951100000000000000e+04 4.113200000000000000e+04
2.853116706110002052e-02 9.899999999999985478e-01 1.443289932012703503e-15 3.277270999999999913e+04 2.137913624518072083e+03 2.831800000000000000e+04 3.701700000000000000e+04
3.138428376721002361e-02 9.899999999999985478e-01 1.443289932012703503e-15 3.230529000000000087e+04 2.142550238827551766e+03 2.777300000000000000e+04 3.838700000000000000e+04
3.452271214393103083e-02 9.899999999999985478e-01 1.443289932012703503e-15 3.132213999999999942e+04 1.766733471806090165e+03 2.740200000000000000e+04 3.468200000000000000e+04
3.797498335832413807e-02 9.899999999999985478e-01 1.443289932012703503e-15 3.024170999999999913e+04 1.827370352692633560e+03 2.540500000000000000e+04 3.522500000000000000e+04
4.177248169415655188e-02 9.899999999999985478e-01 1.443289932012703503e-15 3.020313999999999942e+04 1.912287802711715585e+03 2.678500000000000000e+04 3.490600000000000000e+04
4.594972986357220845e-02 9.899999999999985478e-01 1.443289932012703503e-15 2.945563999999999942e+04 1.825183922348649276e+03 2.503400000000000000e+04 3.434700000000000000e+04
5.054470284992943624e-02 9.899999999999985478e-01 1.443289932012703503e-15 2.872106999999999971e+04 1.666493925911522638e+03 2.557500000000000000e+04 3.351900000000000000e+04
5.559917313492238750e-02 9.899999999999985478e-01 1.443289932012703503e-15 2.819747000000000116e+04 1.693700956219840009e+03 2.434600000000000000e+04 3.194400000000000000e+04
6.115909044841463110e-02 9.899999999999985478e-01 1.443289932012703503e-15 2.707795000000000073e+04 1.803849763006885723e+03 2.390400000000000000e+04 3.508400000000000000e+04
6.727499949325610462e-02 9.899999999999985478e-01 1.443289932012703503e-15 2.677031999999999971e+04 1.649408790324581560e+03 2.275100000000000000e+04 3.139900000000000000e+04
7.400249944258172063e-02 9.899999999999985478e-01 1.443289932012703503e-15 2.663725000000000000e+04 1.844576349056877689e+03 2.359300000000000000e+04 3.208500000000000000e+04
8.140274938683990380e-02 9.899999999999985478e-01 1.443289932012703503e-15 2.565791999999999825e+04 1.502482523558926232e+03 2.179300000000000000e+04 2.947600000000000000e+04
8.954302432552389834e-02 9.899999999999985478e-01 1.443289932012703503e-15 2.474604000000000087e+04 1.383802709348409735e+03 2.154900000000000000e+04 2.872500000000000000e+04
9.849732675807629234e-02 9.899999999999985478e-01 1.443289932012703503e-15 2.460790999999999985e+04 1.588381182808459243e+03 2.085000000000000000e+04 2.906700000000000000e+04
1.083470594338839244e-01 9.899999999999985478e-01 1.443289932012703503e-15 2.404588000000000102e+04 1.274346768191452611e+03 2.174800000000000000e+04 2.787600000000000000e+04
1.191817653772723196e-01 9.899999999999985478e-01 1.443289932012703503e-15 2.327145000000000073e+04 1.334493682075715469e+03 2.129800000000000000e+04 2.721500000000000000e+04
1.310999419149995737e-01 9.899999999999985478e-01 1.443289932012703503e-15 2.280474000000000160e+04 1.112486562795254713e+03 2.046200000000000000e+04 2.541000000000000000e+04
1.442099361064995422e-01 9.899999999999985478e-01 1.443289932012703503e-15 2.224284999999999854e+04 1.161579539893846686e+03 1.971200000000000000e+04 2.523800000000000000e+04
1.586309297171495103e-01 9.899999999999985478e-01 1.443289932012703503e-15 2.183979999999999927e+04 1.140547473803699177e+03 1.949700000000000000e+04 2.597700000000000000e+04
1.744940226888644641e-01 9.899999999999985478e-01 1.443289932012703503e-15 2.148568999999999869e+04 1.052378265596548545e+03 1.936900000000000000e+04 2.477300000000000000e+04
1.919434249577509355e-01 9.899999999999985478e-01 1.443289932012703503e-15 2.101034000000000015e+04 8.818028489407365669e+02 1.888300000000000000e+04 2.365000000000000000e+04
2.111377674535260540e-01 9.899999999999985478e-01 1.443289932012703503e-15 2.043761999999999898e+04 9.362742737040252905e+02 1.871300000000000000e+04 2.287900000000000000e+04
2.322515441988786677e-01 9.899999999999985478e-01 1.443289932012703503e-15 2.026299000000000160e+04 1.062505204646075981e+03 1.806900000000000000e+04 2.408100000000000000e+04
2.554766986187665401e-01 9.899999999999985478e-01 1.443289932012703503e-15 1.978388999999999942e+04 9.019343423442749099e+02 1.773300000000000000e+04 2.198200000000000000e+04
2.810243684806432163e-01 9.899999999999985478e-01 1.443289932012703503e-15 1.935795999999999913e+04 7.580377288763404522e+02 1.750700000000000000e+04 2.131900000000000000e+04
3.091268053287075657e-01 9.899999999999985478e-01 1.443289932012703503e-15 1.913274000000000160e+04 8.486673979834503143e+02 1.755700000000000000e+04 2.145100000000000000e+04
3.400394858615783389e-01 9.899999999999985478e-01 1.443289932012703503e-15 1.883836000000000058e+04 9.167115851782390337e+02 1.677300000000000000e+04 2.226800000000000000e+04
3.740434344477361894e-01 9.899999999999985478e-01 1.443289932012703503e-15 1.845279999999999927e+04 6.632379512663610512e+02 1.698000000000000000e+04 2.026700000000000000e+04
4.114477778925098583e-01 9.899999999999985478e-01 1.443289932012703503e-15 1.831727000000000044e+04 7.434736828563602558e+02 1.694400000000000000e+04 2.045000000000000000e+04
4.525925556817608775e-01 9.899999999999985478e-01 1.443289932012703503e-15 1.817020000000000073e+04 7.790966050497202104e+02 1.614600000000000000e+04 2.041600000000000000e+04
4.978518112499369930e-01 9.899999999999985478e-01 1.443289932012703503e-15 1.780954999999999927e+04 7.579282337398442451e+02 1.614400000000000000e+04 2.030500000000000000e+04
5.476369923749306867e-01 9.899999999999985478e-01 1.443289932012703503e-15 1.742827999999999884e+04 7.230940752073688600e+02 1.606800000000000000e+04 2.031400000000000000e+04
6.024006916124238220e-01 9.899999999999985478e-01 1.443289932012703503e-15 1.755377000000000044e+04 7.086305787220870798e+02 1.592100000000000000e+04 1.976300000000000000e+04
6.626407607736662930e-01 9.899999999999985478e-01 1.443289932012703503e-15 1.748404999999999927e+04 6.611970413575667180e+02 1.583800000000000000e+04 2.003700000000000000e+04
7.289048368510330222e-01 9.899999999999985478e-01 1.443289932012703503e-15 1.730749000000000160e+04 6.513343457088689092e+02 1.605600000000000000e+04 1.952400000000000000e+04
8.017953205361363356e-01 9.899999999999985478e-01 1.443289932012703503e-15 1.728727999999999884e+04 6.947154824818572934e+02 1.599400000000000000e+04 1.913900000000000000e+04
8.819748525897500580e-01 9.899999999999985478e-01 1.443289932012703503e-15 1.725604999999999927e+04 6.395864816426313837e+02 1.624100000000000000e+04 1.875700000000000000e+04
9.701723378487251415e-01 9.899999999999985478e-01 1.443289932012703503e-15 1.722704999999999927e+04 6.839819058279248338e+02 1.605300000000000000e+04 1.910200000000000000e+04
9.801723378487251503e-01 9.899999999999985478e-01 1.443289932012703503e-15 1.729227999999999884e+04 7.025769150776302467e+02 1.601600000000000000e+04 1.968700000000000000e+04
9.901723378487251592e-01 9.899999999999985478e-01 1.443289932012703503e-15 1.716634999999999854e+04 6.939380573941741659e+02 1.591000000000000000e+04 1.917900000000000000e+04
1.000172337848725057e+00 9.899999999999985478e-01 1.443289932012703503e-15 1.727070999999999913e+04 7.062090525474732203e+02 1.584700000000000000e+04 1.936600000000000000e+04
