1.000000000000000021e-02 9.899999999999985478e-01 1.443289932012703503e-15 4.190068000000000029e+04 3.148601317664717499e+03 3.528700000000000000e+04 5.265000000000000000e+04
1.100000000000000110e-02 9.899999999999985478e-01 1.443289932012703503e-15 4.067333000000000175e+04 2.996959899815144581e+03 3.409000000000000000e+04 4.790100000000000000e+04
1.210000000000000138e-02 9.899999999999985478e-01 1.443289932012703503e-15 3.951983999999999651e+04 3.287939676210620746e+03 3.213100000000000000e+04 5.036000000000000000e+04
1.331000000000000238e-02 9.899999999999985478e-01 1.443289932012703503e-15 3.929762000000000262e+04 2.762708463736266367e+03 3.203600000000000000e+04 4.680900000000000000e+04
1.464100000000000297e-02 9.899999999999985478e-01 1.443289932012703503e-15 3.853891000000000349e+04 2.740086436939536270e+03 3.302300000000000000e+04 4.750100000000000000e+04
1.610510000000000413e-02 9.899999999999985478e-01 1.443289932012703503e-15 3.751036000000000058e+04 2.319474097807518319e+03 3.313200000000000000e+04 4.350100000000000000e+04
1.771561000000000663e-02 9.899999999999985478e-01 1.443289932012703503e-15 3.663562000000000262e+04 2.475519629411166989e+03 3.182900000000000000e+04 4.530300000000000000e+04
1.948717100000000799e-02 9.899999999999985478e-01 1.443289932012703503e-15 3.612976999999999680e+04 2.147866247488423141e+03 3.039200000000000000e+04 4.080600000000000000e+04
2.143588810000001191e-02 9.899999999999985478e-01 1.443289932012703503e-15 3.507816999999999825e+04 2.095229887410925585e+03 2.909200000000000000e+04 3.937800000000000000e+04
2.357947691000001483e-02 9.899999999999985478e-01 1.443289932012703503e-15 3.420841000000000349e+04 2.514908416205249978e+03 2.906000000000000000e+04 4.071100000000000000e+04
2.593742460100001770e-02 9.899999999999985478e-01 1.443289932012703503e-15 3.323059999999999854e+04 2.129584518163108442e+03 2.764600000000000000e+04 4.003900000000000000e+04
2.853116706110002052e-02 9.899999999999985478e-01 1.443289932012703503e-15 3.333463999999999942e+04 2.163873755652117325e+03 2.846700000000000000e+04 4.010800000000000000e+04
3.138428376721002361e-02 9.899999999999985478e-01 1.443289932012703503e-15 3.197929999999999927e+04 2.033728755267034103e+03 2.642900000000000000e+04 3.676800000000000000e+04
3.452271214393103083e-02 9.899999999999985478e-01 1.443289932012703503e-15 3.138931000000000131e+04 2.264174355896647739e+03 2.641000000000000000e+04 3.711500000000000000e+04
3.797498335832413807e-02 9.899999999999985478e-01 1.443289932012703503e-15 3.058716999999999825e+04 1.822390896898905794e+03 2.736100000000000000e+04 3.480000000000000000e+04
4.177248169415655188e-02 9.899999999999985478e-01 1.443289932012703503e-15 2.999900999999999840e+04 2.039449477162894027e+03 2.600400000000000000e+04 3.445100000000000000e+04
4.594972986357220845e-02 9.899999999999985478e-01 1.443289932012703503e-15 2.923274000000000160e+04 1.731916762549516989e+03 2.455400000000000000e+04 3.317300000000000000e+04
5.054470284992943624e-02 9.899999999999985478e-01 1.443289932012703503e-15 2.848463999999999942e+04 1.569337424010527684e+03 2.517200000000000000e+04 3.263900000000000000e+04
5.559917313492238750e-02 9.899999999999985478e-01 1.443289932012703503e-15 2.783925000000000000e+04 1.674605519965821713e+03 2.368200000000000000e+04 3.127200000000000000e+04
6.115909044841463110e-02 9.899999999999985478e-01 1.443289932012703503e-15 2.765281999999999971e+04 1.653422960890527975e+03 2.357700000000000000e+04 3.126800000000000000e+04
6.727499949325610462e-02 9.899999999999985478e-01 1.443289932012703503e-15 2.683341999999999825e+04 1.535778207815177893e+03 2.301200000000000000e+04 3.059900000000000000e+04
7.400249944258172063e-02 9.899999999999985478e-01 1.443289932012703503e-15 2.595402000000000044e+04 1.303074656188201743e+03 2.359400000000000000e+04 2.919300000000000000e+04
8.140274938683990380e-02 9.899999999999985478e-01 1.443289932012703503e-15 2.562443000000000029e+04 1.343207230884348974e+03 2.294600000000000000e+04 2.984800000000000000e+04
8.954302432552389834e-02 9.899999999999985478e-01 1.443289932012703503e-15 2.491629000000000087e+04 1.209840520853885437e+03 2.218400000000000000e+04 2.754100000000000000e+04
9.849732675807629234e-02 9.899999999999985478e-01 1.443289932012703503e-15 2.439066999999999825e+04 1.243488182935406940e+03 2.201300000000000000e+04 2.814900000000000000e+04
1.083470594338839244e-01 9.899999999999985478e-01 1.443289932012703503e-15 2.389136999999999898e+04 1.623740241879839459e+03 2.075800000000000000e+04 3.057700000000000000e+04
1.191817653772723196e-01 9.899999999999985478e-01 1.443289932012703503e-15 2.344529000000000087e+04 1.157516464634520617e+03 2.093900000000000000e+04 2.614100000000000000e+04
1.310999419149995737e-01 9.899999999999985478e-01 1.443289932012703503e-15 2.276056000000000131e+04 1.257737447323565902e+03 1.990100000000000000e+04 2.671900000000000000e+04
1.442099361064995422e-01 9.899999999999985478e-01 1.443289932012703503e-15 2.227459999999999854e+04 1.166002101198793071e+03 1.996400000000000000e+04 2.526100000000000000e+04
1.586309297171495103e-01 9.899999999999985478e-01 1.443289932012703503e-15 2.194613999999999942e+04 1.164084481642118590e+03 1.938200000000000000e+04 2.539000000000000000e+04
1.744940226888644641e-01 9.899999999999985478e-01 1.443289932012703503e-15 2.136947000000000116e+04 9.286233515801764042e+02 1.945200000000000000e+04 2.331900000000000000e+04
1.919434249577509355e-01 9.899999999999985478e-01 1.443289932012703503e-15 2.104691999999999825e+04 1.005585040461521544e+03 1.858300000000000000e+04 2.375100000000000000e+04
2.111377674535260540e-01 9.899999999999985478e-01 1.443289932012703503e-15 2.052479000000000087e+04 9.531677952490838379e+02 1.826500000000000000e+04 2.403400000000000000e+04
2.322515441988786677e-01 9.899999999999985478e-01 1.443289932012703503e-15 2.014327999999999884e+04 8.159280860468035144e+02 1.828000000000000000e+04 2.257000000000000000e+04
2.554766986187665401e-01 9.899999999999985478e-01 1.443289932012703503e-15 1.984665999999999985e+04 8.668527812725756121e+02 1.792900000000000000e+04 2.215400000000000000e+04
2.810243684806432163e-01 9.899999999999985478e-01 1.443289932012703503e-15 1.957522000000000116e+04 8.241481490605922318e+02 1.787600000000000000e+04 2.162800000000000000e+04
3.091268053287075657e-01 9.899999999999985478e-01 1.443289932012703503e-15 1.898172999999999956e+04 6.454062729010307748e+02 1.752700000000000000e+04 2.099600000000000000e+04
3.400394858615783389e-01 9.899999999999985478e-01 1.443289932012703503e-15 1.878052000000000044e+04 7.352744994898164350e+02 1.742900000000000000e+04 2.104400000000000000e+04
3.740434344477361894e-01 9.899999999999985478e-01 1.443289932012703503e-15 1.852440000000000146e+04 6.588125681861267822e+02 1.673300000000000000e+04 2.008700000000000000e+04
4.114477778925098583e-01 9.899999999999985478e-01 1.443289932012703503e-15 1.832579000000000087e+04 8.179716045805012072e+02 1.630200000000000000e+04 2.142700000000000000e+04
4.525925556817608775e-01 9.899999999999985478e-01 1.443289932012703503e-15 1.787256999999999971e+04 6.938271435307211732e+02 1.642000000000000000e+04 1.961400000000000000e+04
4.978518112499369930e-01 9.899999999999985478e-01 1.443289932012703503e-15 1.792136999999999898e+04 6.751817481982166100e+02 1.649000000000000000e+04 2.032000000000000000e+04
5.476369923749306867e-01 9.899999999999985478e-01 1.443289932012703503e-15 1.756416999999999825e+04 6.364415457054952867e+02 1.570100000000000000e+04 1.911300000000000000e+04
6.024006916124238220e-01 9.899999999999985478e-01 1.443289932012703503e-15 1.751100999999999840e+04 7.013120488769603753e+02 1.604700000000000000e+04 1.933300000000000000e+04
6.626407607736662930e-01 9.899999999999985478e-01 1.443289932012703503e-15 1.738954999999999927e+04 6.820545194484089961e+02 1.587700000000000000e+04 1.898900000000000000e+04
7.289048368510330222e-01 9.899999999999985478e-01 1.443289932012703503e-15 1.737688999999999942e+04 6.239539068713329470e+02 1.613100000000000000e+04 1.939300000000000000e+04
8.017953205361363356e-01 9.899999999999985478e-01 1.443289932012703503e-15 1.729765000000000146e+04 6.272180382450748084e+02 1.604700000000000000e+04 1.943300000000000000e+04
8.819748525897500580e-01 9.899999999999985478e-01 1.443289932012703503e-15 1.738847999999999956e+04 7.893725923795431072e+02 1.590400000000000000e+04 2.033700000000000000e+04
9.701723378487251415e-01 9.899999999999985478e-01 1.443289932012703503e-15 1.715331000000000131e+04 8.282907423725079070e+02 1.520600000000000000e+04 1.960600000000000000e+04
9.801723378487251503e-01 9.899999999999985478e-01 1.443289932012703503e-15 1.710470999999999913e+04 6.419881976329471627e+02 1.576800000000000000e+04 1.903800000000000000e+04
9.901723378487251592e-01 9.899999999999985478e-01 1.443289932012703503e-15 1.733534999999999854e+04 6.487333562412218271e+02 1.600000000000000000e+04 1.900000000000000000e+04
1.000172337848725057e+00 9.899999999999985478e-01 1.443289932012703503e-15 1.717102000000000044e+04 5.825875209786079267e+02 1.590600000000000000e+04 1.857800000000000000e+04
