1.000000000000000021e-02 9.899999999999985478e-01 1.443289932012703503e-15 5.298825000000000000e+04 4.040708886754896866e+03 4.311100000000000000e+04 6.437200000000000000e+04
1.100000000000000110e-02 9.899999999999985478e-01 1.443289932012703503e-15 5.234345999999999913e+04 3.346782838548088876e+03 4.548200000000000000e+04 6.235400000000000000e+04
1.210000000000000138e-02 9.899999999999985478e-01 1.443289932012703503e-15 5.216669999999999709e+04 3.504848831262198928e+03 4.518800000000000000e+04 6.233500000000000000e+04
1.331000000000000238e-02 9.899999999999985478e-01 1.443289932012703503e-15 5.086873000000000320e+04 3.765271333795215014e+03 4.353700000000000000e+04 5.929400000000000000e+04
1.464100000000000297e-02 9.899999999999985478e-01 1.443289932012703503e-15 4.984788999999999942e+04 3.483771590948523226e+03 4.260200000000000000e+04 5.936800000000000000e+04
1.610510000000000413e-02 9.899999999999985478e-01 1.443289932012703503e-15 4.917898000000000320e+04 4.236302021763793164e+03 3.997900000000000000e+04 5.946400000000000000e+04
1.771561000000000663e-02 9.899999999999985478e-01 1.443289932012703503e-15 4.803150000000000000e+04 3.314465744279159026e+03 4.051500000000000000e+04 5.638000000000000000e+04
1.948717100000000799e-02 9.899999999999985478e-01 1.443289932012703503e-15 4.800276999999999680e+04 3.529995246044957184e+03 4.115300000000000000e+04 5.684300000000000000e+04
2.143588810000001191e-02 9.899999999999985478e-01 1.443289932012703503e-15 4.648301000000000204e+04 3.418516454531116779e+03 3.847900000000000000e+04 5.606000000000000000e+04
2.357947691000001483e-02 9.899999999999985478e-01 1.443289932012703503e-15 4.601866999999999825e+04 2.975335816525589962e+03 4.022200000000000000e+04 5.431300000000000000e+04
2.593742460100001770e-02 9.899999999999985478e-01 1.443289932012703503e-15 4.460854000000000087e+04 3.398005775215810900e+03 3.792000000000000000e+04 5.550200000000000000e+04
2.853116706110002052e-02 9.899999999999985478e-01 1.443289932012703503e-15 4.348398999999999796e+04 3.023851585296473786e+03 3.782300000000000000e+04 5.519300000000000000e+04
3.138428376721002361e-02 9.899999999999985478e-01 1.443289932012703503e-15 4.330219999999999709e+04 3.355233371913197061e+03 3.569200000000000000e+04 5.309800000000000000e+04
3.452271214393103083e-02 9.899999999999985478e-01 1.443289932012703503e-15 4.206609999999999854e+04 2.928883567163433781e+03 3.708100000000000000e+04 5.182300000000000000e+04
3.797498335832413807e-02 9.899999999999985478e-01 1.443289932012703503e-15 4.144658000000000175e+04 3.173598302180035262e+03 3.606600000000000000e+04 5.232000000000000000e+04
4.177248169415655188e-02 9.899999999999985478e-01 1.443289932012703503e-15 4.109887999999999738e+04 3.093146677026487851e+03 3.409400000000000000e+04 4.948000000000000000e+04
4.594972986357220845e-02 9.899999999999985478e-01 1.443289932012703503e-15 3.994715000000000146e+04 3.179279466718834556e+03 3.420100000000000000e+04 5.097400000000000000e+04
5.054470284992943624e-02 9.899999999999985478e-01 1.443289932012703503e-15 3.927551999999999680e+04 2.687928382528076327e+03 3.401400000000000000e+04 4.700800000000000000e+04
5.559917313492238750e-02 9.899999999999985478e-01 1.443289932012703503e-15 3.888794000000000233e+04 2.576630422936125797e+03 3.323900000000000000e+04 4.508900000000000000e+04
6.115909044841463110e-02 9.899999999999985478e-01 1.443289932012703503e-15 3.769430999999999767e+04 2.588747831269009566e+03 3.220400000000000000e+04 4.461800000000000000e+04
6.727499949325610462e-02 9.899999999999985478e-01 1.443289932012703503e-15 3.763044000000000233e+04 2.413975013623794439e+03 3.286200000000000000e+04 4.414700000000000000e+04
7.400249944258172063e-02 9.899999999999985478e-01 1.443289932012703503e-15 3.664837999999999738e+04 2.537488332111105137e+03 3.054500000000000000e+04 4.434900000000000000e+04
8.140274938683990380e-02 9.899999999999985478e-01 1.443289932012703503e-15 3.621661000000000058e+04 2.966745897089941536e+03 3.100900000000000000e+04 4.604700000000000000e+04
8.954302432552389834e-02 9.899999999999985478e-01 1.443289932012703503e-15 3.509218000000000029e+04 2.516764849484353363e+03 2.947900000000000000e+04 4.168000000000000000e+04
9.849732675807629234e-02 9.899999999999985478e-01 1.443289932012703503e-15 3.405330000000000291e+04 2.311247773389949543e+03 2.887900000000000000e+04 4.163300000000000000e+04
1.083470594338839244e-01 9.899999999999985478e-01 1.443289932012703503e-15 3.422908000000000175e+04 2.385661558897237683e+03 2.885700000000000000e+04 3.941100000000000000e+04
1.191817653772723196e-01 9.899999999999985478e-01 1.443289932012703503e-15 3.360030000000000291e+04 3.084817445165921072e+03 2.771700000000000000e+04 4.711700000000000000e+04
1.310999419149995737e-01 9.899999999999985478e-01 1.443289932012703503e-15 3.291884999999999854e+04 2.295594316838233681e+03 2.881700000000000000e+04 4.065600000000000000e+04
1.442099361064995422e-01 9.899999999999985478e-01 1.443289932012703503e-15 3.211045999999999913e+04 1.942161179820048119e+03 2.816900000000000000e+04 3.740800000000000000e+04
1.586309297171495103e-01 9.899999999999985478e-01 1.443289932012703503e-15 3.206095000000000073e+04 2.242085570958432527e+03 2.778000000000000000e+04 3.853900000000000000e+04
1.744940226888644641e-01 9.899999999999985478e-01 1.443289932012703503e-15 3.065027000000000044e+04 2.070206549381003697e+03 2.713100000000000000e+04 3.571900000000000000e+04
1.919434249577509355e-01 9.899999999999985478e-01 1.443289932012703503e-15 3.124236999999999898e+04 2.251439586819952638e+03 2.696600000000000000e+04 3.767500000000000000e+04
2.111377674535260540e-01 9.899999999999985478e-01 1.443289932012703503e-15 3.007600999999999840e+04 1.782498827461045266e+03 2.671900000000000000e+04 3.681600000000000000e+04
2.322515441988786677e-01 9.899999999999985478e-01 1.443289932012703503e-15 2.983847999999999956e+04 2.107174015025811514e+03 2.561000000000000000e+04 3.577100000000000000e+04
2.554766986187665401e-01 9.899999999999985478e-01 1.443289932012703503e-15 2.962159000000000015e+04 2.043844074752279084e+03 2.638600000000000000e+04 3.719600000000000000e+04
2.810243684806432163e-01 9.899999999999985478e-01 1.443289932012703503e-15 2.901847000000000116e+04 1.916491635541360665e+03 2.584400000000000000e+04 3.578700000000000000e+04
3.091268053287075657e-01 9.899999999999985478e-01 1.443289932012703503e-15 2.860884999999999854e+04 1.982371379812571831e+03 2.474300000000000000e+04 3.460900000000000000e+04
3.400394858615783389e-01 9.899999999999985478e-01 1.443289932012703503e-15 2.853143999999999869e+04 2.193139367755729836e+03 2.490500000000000000e+04 3.766900000000000000e+04
3.740434344477361894e-01 9.899999999999985478e-01 1.443289932012703503e-15 2.785243999999999869e+04 1.812428041716415009e+03 2.464300000000000000e+04 3.354100000000000000e+04
4.114477778925098583e-01 9.899999999999985478e-01 1.443289932012703503e-15 2.775691999999999825e+04 2.025775741191506995e+03 2.463400000000000000e+04 3.537000000000000000e+04
4.525925556817608775e-01 9.899999999999985478e-01 1.443289932012703503e-15 2.713761999999999898e+04 1.564733330507150413e+03 2.312400000000000000e+04 3.183400000000000000e+04
4.978518112499369930e-01 9.899999999999985478e-01 1.443289932012703503e-15 2.708483000000000175e+04 1.970057679637832507e+03 2.347500000000000000e+04 3.676000000000000000e+04
5.476369923749306867e-01 9.899999999999985478e-01 1.443289932012703503e-15 2.687845000000000073e+04 1.679954846863450712e+03 2.368600000000000000e+04 3.223200000000000000e+04
6.024006916124238220e-01 9.899999999999985478e-01 1.443289932012703503e-15 2.666136000000000058e+04 1.567305136340718946e+03 2.357700000000000000e+04 3.124200000000000000e+04
6.626407607736662930e-01 9.899999999999985478e-01 1.443289932012703503e-15 2.634195000000000073e+04 1.690494882423487297e+03 2.353900000000000000e+04 3.096300000000000000e+04
7.289048368510330222e-01 9.899999999999985478e-01 1.443289932012703503e-15 2.657534999999999854e+04 1.846427401091090587e+03 2.340100000000000000e+04 3.431000000000000000e+04
8.017953205361363356e-01 9.899999999999985478e-01 1.443289932012703503e-15 2.624197999999999956e+04 1.687987867136490877e+03 2.308700000000000000e+04 3.168100000000000000e+04
8.819748525897500580e-01 9.899999999999985478e-01 1.443289932012703503e-15 2.640940999999999985e+04 1.992060019653023119e+03 2.297800000000000000e+04 3.253100000000000000e+04
9.701723378487251415e-01 9.899999999999985478e-01 1.443289932012703503e-15 2.627606999999999971e+04 1.648654386188930857e+03 2.346600000000000000e+04 3.284100000000000000e+04
9.801723378487251503e-01 9.899999999999985478e-01 1.443289932012703503e-15 2.647656999999999971e+04 1.803659143269592278e+03 2.308100000000000000e+04 3.241900000000000000e+04
9.901723378487251592e-01 9.899999999999985478e-01 1.443289932012703503e-15 2.648156999999999971e+04 2.083351675809919925e+03 2.333800000000000000e+04 3.722500000000000000e+04
1.000172337848725057e+00 9.899999999999985478e-01 1.443289932012703503e-15 2.697856000000000131e+04 2.127848553445475318e+03 2.331600000000000000e+04 3.605900000000000000e+04
