1.000000000000000021e-02 9.899999999999985478e-01 1.443289932012703503e-15 4.257751999999999680e+04 2.979308277033446302e+03 3.670000000000000000e+04 4.953400000000000000e+04
1.100000000000000110e-02 9.899999999999985478e-01 1.443289932012703503e-15 4.148016999999999825e+04 3.183856023927588922e+03 3.419700000000000000e+04 4.917200000000000000e+04
1.210000000000000138e-02 9.899999999999985478e-01 1.443289932012703503e-15 3.996126000000000204e+04 2.715442967988832152e+03 3.263500000000000000e+04 4.814400000000000000e+04
1.331000000000000238e-02 9.899999999999985478e-01 1.443289932012703503e-15 3.952318000000000029e+04 2.955018600212187721e+03 3.397700000000000000e+04 4.661400000000000000e+04
1.464100000000000297e-02 9.899999999999985478e-01 1.443289932012703503e-15 3.888691000000000349e+04 2.276235410035614223e+03 3.403000000000000000e+04 4.539700000000000000e+04
1.610510000000000413e-02 9.899999999999985478e-01 1.443289932012703503e-15 3.833120999999999913e+04 2.562316882413258099e+03 3.236600000000000000e+04 4.628100000000000000e+04
1.771561000000000663e-02 9.899999999999985478e-01 1.443289932012703503e-15 3.732063999999999942e+04 2.793921697256384505e+03 3.054500000000000000e+04 4.382200000000000000e+04
1.948717100000000799e-02 9.899999999999985478e-01 1.443289932012703503e-15 3.658237999999999738e+04 2.284981858921422827e+03 2.991200000000000000e+04 4.206400000000000000e+04
2.143588810000001191e-02 9.899999999999985478e-01 1.443289932012703503e-15 3.546648999999999796e+04 2.309553132079883653e+03 3.073200000000000000e+04 4.241100000000000000e+04
2.357947691000001483e-02 9.899999999999985478e-01 1.443289932012703503e-15 3.459162000000000262e+04 2.333252690044522751e+03 2.970700000000000000e+04 4.194600000000000000e+04
2.593742460100001770e-02 9.899999999999985478e-01 1.443289932012703503e-15 3.421984999999999854e+04 2.027785153190544861e+03 2.911400000000000000e+04 3.989900000000000000e+04
2.853116706110002052e-02 9.899999999999985478e-01 1.443289932012703503e-15 3.275981999999999971e+04 1.986185280279762765e+03 2.834800000000000000e+04 3.806800000000000000e+04
3.138428376721002361e-02 9.899999999999985478e-01 1.443289932012703503e-15 3.205825999999999840e+04 1.902141512190930825e+03 2.779200000000000000e+04 3.697800000000000000e+04
3.452271214393103083e-02 9.899999999999985478e-01 1.443289932012703503e-15 3.172684999999999854e+04 2.004059217563194125e+03 2.729300000000000000e+04 3.767300000000000000e+04
3.797498335832413807e-02 9.899999999999985478e-01 1.443289932012703503e-15 3.099843999999999869e+04 2.038855258815593515e+03 2.676500000000000000e+04 3.764200000000000000e+04
4.177248169415655188e-02 9.899999999999985478e-01 1.443289932012703503e-15 3.036675000000000000e+04 1.836891109320310306e+03 2.600400000000000000e+04 3.522900000000000000e+04
4.594972986357220845e-02 9.899999999999985478e-01 1.443289932012703503e-15 2.954431000000000131e+04 2.007057805321012893e+03 2.568600000000000000e+04 3.484200000000000000e+04
5.054470284992943624e-02 9.899999999999985478e-01 1.443289932012703503e-15 2.912884999999999854e+04 1.791391578494216446e+03 2.494200000000000000e+04 3.399800000000000000e+04
5.559917313492238750e-02 9.899999999999985478e-01 1.443289932012703503e-15 2.861995000000000073e+04 1.747922437495439453e+03 2.410900000000000000e+04 3.266700000000000000e+04
6.115909044841463110e-02 9.899999999999985478e-01 1.443289932012703503e-15 2.754861999999999898e+04 1.605233065819415515e+03 2.429100000000000000e+04 3.261900000000000000e+04
6.727499949325610462e-02 9.899999999999985478e-01 1.443289932012703503e-15 2.713224000000000160e+04 1.763365169895334020e+03 2.364200000000000000e+04 3.418500000000000000e+04
7.400249944258172063e-02 9.899999999999985478e-01 1.443289932012703503e-15 2.650647999999999956e+04 1.536885138714015511e+03 2.288200000000000000e+04 2.981300000000000000e+04
8.140274938683990380e-02 9.899999999999985478e-01 1.443289932012703503e-15 2.605581999999999971e+04 1.699127707854827804e+03 2.211200000000000000e+04 3.055300000000000000e+04
8.954302432552389834e-02 9.899999999999985478e-01 1.443289932012703503e-15 2.553168000000000029e+04 1.519672352054876683e+03 2.178700000000000000e+04 3.096900000000000000e+04
9.849732675807629234e-02 9.899999999999985478e-01 1.443289932012703503e-15 2.486470000000000073e+04 1.221617816667717307e+03 2.175900000000000000e+04 2.787700000000000000e+04
1.083470594338839244e-01 9.899999999999985478e-01 1.443289932012703503e-15 2.436765000000000146e+04 1.332082552809696836e+03 2.112900000000000000e+04 2.895700000000000000e+04
1.191817653772723196e-01 9.899999999999985478e-01 1.443289932012703503e-15 2.374343999999999869e+04 1.316545512468140942e+03 2.092400000000000000e+04 2.847800000000000000e+04
1.310999419149995737e-01 9.899999999999985478e-01 1.443289932012703503e-15 2.328354999999999927e+04 1.246152786579559006e+03 2.085000000000000000e+04 2.728400000000000000e+04
1.442099361064995422e-01 9.899999999999985478e-01 1.443289932012703503e-15 2.263927000000000044e+04 9.695037375379218929e+02 2.032500000000000000e+04 2.507100000000000000e+04
1.586309297171495103e-01 9.899999999999985478e-01 1.443289932012703503e-15 2.207322999999999956e+04 1.112259087218441209e+03 1.947100000000000000e+04 2.492400000000000000e+04
1.744940226888644641e-01 9.899999999999985478e-01 1.443289932012703503e-15 2.189184999999999854e+04 1.155379438755943738e+03 1.970800000000000000e+04 2.482600000000000000e+04
1.919434249577509355e-01 9.899999999999985478e-01 1.443289932012703503e-15 2.139216999999999825e+04 1.048633711598096625e+03 1.943900000000000000e+04 2.475200000000000000e+04
2.111377674535260540e-01 9.899999999999985478e-01 1.443289932012703503e-15 2.086620000000000073e+04 8.457750646596291517e+02 1.886400000000000000e+04 2.457900000000000000e+04
2.322515441988786677e-01 9.899999999999985478e-01 1.443289932012703503e-15 2.039493000000000029e+04 8.483948285438802941e+02 1.861500000000000000e+04 2.263500000000000000e+04
2.554766986187665401e-01 9.899999999999985478e-01 1.443289932012703503e-15 2.014524000000000160e+04 1.046540702696268454e+03 1.803000000000000000e+04 2.286600000000000000e+04
2.810243684806432163e-01 9.899999999999985478e-01 1.443289932012703503e-15 1.978297000000000116e+04 7.901100487273910176e+02 1.786900000000000000e+04 2.250500000000000000e+04
3.091268053287075657e-01 9.899999999999985478e-01 1.443289932012703503e-15 1.935352000000000044e+04 7.557146614959907538e+02 1.781400000000000000e+04 2.123500000000000000e+04
3.400394858615783389e-01 9.899999999999985478e-01 1.443289932012703503e-15 1.888625999999999840e+04 7.346754605946765651e+02 1.719200000000000000e+04 2.072100000000000000e+04
3.740434344477361894e-01 9.899999999999985478e-01 1.443289932012703503e-15 1.875574000000000160e+04 8.297759892886753050e+02 1.710200000000000000e+04 2.072000000000000000e+04
4.114477778925098583e-01 9.899999999999985478e-01 1.443289932012703503e-15 1.843725000000000000e+04 7.326515594059702607e+02 1.697500000000000000e+04 2.067900000000000000e+04
4.525925556817608775e-01 9.899999999999985478e-01 1.443289932012703503e-15 1.819170000000000073e+04 6.927638919574256988e+02 1.685800000000000000e+04 1.975500000000000000e+04
4.978518112499369930e-01 9.899999999999985478e-01 1.443289932012703503e-15 1.801786999999999898e+04 7.213630106264110964e+02 1.663700000000000000e+04 2.035400000000000000e+04
5.476369923749306867e-01 9.899999999999985478e-01 1.443289932012703503e-15 1.775815000000000146e+04 7.878446594983049636e+02 1.616400000000000000e+04 2.055900000000000000e+04
6.024006916124238220e-01 9.899999999999985478e-01 1.443289932012703503e-15 1.775697000000000116e+04 6.985189826339724277e+02 1.614300000000000000e+04 1.965100000000000000e+04
6.626407607736662930e-01 9.899999999999985478e-01 1.443289932012703503e-15 1.765227000000000044e+04 7.020359371855545305e+02 1.610300000000000000e+04 2.006500000000000000e+04
7.289048368510330222e-01 9.899999999999985478e-01 1.443289932012703503e-15 1.757195000000000073e+04 7.300217034444933688e+02 1.619200000000000000e+04 1.940500000000000000e+04
8.017953205361363356e-01 9.899999999999985478e-01 1.443289932012703503e-15 1.743915999999999985e+04 6.988262977307022084e+02 1.600600000000000000e+04 2.043600000000000000e+04
8.819748525897500580e-01 9.899999999999985478e-01 1.443289932012703503e-15 1.741308000000000175e+04 7.313772854006336956e+02 1.609400000000000000e+04 1.982700000000000000e+04
9.701723378487251415e-01 9.899999999999985478e-01 1.443289932012703503e-15 1.726831999999999971e+04 5.708554962510214636e+02 1.598200000000000000e+04 1.913200000000000000e+04
9.801723378487251503e-01 9.899999999999985478e-01 1.443289932012703503e-15 1.733175000000000000e+04 5.743161563981984727e+02 1.621700000000000000e+04 1.902800000000000000e+04
9.901723378487251592e-01 9.899999999999985478e-01 1.443289932012703503e-15 1.724127999999999884e+04 5.784895691367303243e+02 1.626500000000000000e+04 1.903200000000000000e+04
1.000172337848725057e+00 9.899999999999985478e-01 1.443289932012703503e-15 1.731227000000000044e+04 6.316702756185381986e+02 1.620900000000000000e+04 1.907200000000000000e+04
