1.000000000000000021e-02 9.899999999999985478e-01 1.443289932012703503e-15 5.180113999999999942e+04 3.950481474504089874e+03 4.390700000000000000e+04 6.542900000000000000e+04
1.100000000000000110e-02 9.899999999999985478e-01 1.443289932012703503e-15 5.140422000000000116e+04 3.907255752008051331e+03 4.152400000000000000e+04 6.197000000000000000e+04
1.210000000000000138e-02 9.899999999999985478e-01 1.443289932012703503e-15 5.015651999999999680e+04 4.114892344837225210e+03 4.292700000000000000e+04 6.497200000000000000e+04
1.331000000000000238e-02 9.899999999999985478e-01 1.443289932012703503e-15 4.982383000000000175e+04 3.972669555991286416e+03 4.026700000000000000e+04 6.298800000000000000e+04
1.464100000000000297e-02 9.899999999999985478e-01 1.443289932012703503e-15 4.895683000000000175e+04 3.681078904492540914e+03 4.015100000000000000e+04 6.042600000000000000e+04
1.610510000000000413e-02 9.899999999999985478e-01 1.443289932012703503e-15 4.775587000000000262e+04 3.429578701983670271e+03 4.101900000000000000e+04 5.783500000000000000e+04
1.771561000000000663e-02 9.899999999999985478e-01 1.443289932012703503e-15 4.670755000000000291e+04 3.721799966078241596e+03 3.797600000000000000e+04 5.891400000000000000e+04
1.948717100000000799e-02 9.899999999999985478e-01 1.443289932012703503e-15 4.571676999999999680e+04 3.498400325448762032e+03 3.730300000000000000e+04 5.384300000000000000e+04
2.143588810000001191e-02 9.899999999999985478e-01 1.443289932012703503e-15 4.496622000000000116e+04 3.419622972141812170e+03 3.645700000000000000e+04 5.499300000000000000e+04
2.357947691000001483e-02 9.899999999999985478e-01 1.443289932012703503e-15 4.419973000000000320e+04 3.673631227695561847e+03 3.629200000000000000e+04 5.536700000000000000e+04
2.593742460100001770e-02 9.899999999999985478e-01 1.443289932012703503e-15 4.357533999999999651e+04 2.977741933814950244e+03 3.673100000000000000e+04 5.017800000000000000e+04
2.853116706110002052e-02 9.899999999999985478e-01 1.443289932012703503e-15 4.286233000000000175e+04 2.936249274346440870e+03 3.688400000000000000e+04 5.220000000000000000e+04
3.138428376721002361e-02 9.899999999999985478e-01 1.443289932012703503e-15 4.161909999999999854e+04 2.830671847812811848e+03 3.411700000000000000e+04 4.784100000000000000e+04
3.452271214393103083e-02 9.899999999999985478e-01 1.443289932012703503e-15 4.119225000000000000e+04 3.447945963541192214e+03 3.484600000000000000e+04 5.177500000000000000e+04
3.797498335832413807e-02 9.899999999999985478e-01 1.443289932012703503e-15 4.044437000000000262e+04 2.410723898147607997e+03 3.545500000000000000e+04 4.722700000000000000e+04
4.177248169415655188e-02 9.899999999999985478e-01 1.443289932012703503e-15 3.886987999999999738e+04 2.809016145485816196e+03 3.208800000000000000e+04 4.616300000000000000e+04
4.594972986357220845e-02 9.899999999999985478e-01 1.443289932012703503e-15 3.827556999999999971e+04 2.837872707698496924e+03 3.094800000000000000e+04 4.596300000000000000e+04
5.054470284992943624e-02 9.899999999999985478e-01 1.443289932012703503e-15 3.830261000000000058e+04 2.758139793030803048e+03 3.309900000000000000e+04 4.642500000000000000e+04
5.559917313492238750e-02 9.899999999999985478e-01 1.443289932012703503e-15 3.708698999999999796e+04 3.109788833650927700e+03 3.096000000000000000e+04 4.923100000000000000e+04
6.115909044841463110e-02 9.899999999999985478e-01 1.443289932012703503e-15 3.653029000000000087e+04 2.627305266979838507e+03 3.128200000000000000e+04 4.772600000000000000e+04
6.727499949325610462e-02 9.899999999999985478e-01 1.443289932012703503e-15 3.579723000000000320e+04 2.535105409465254979e+03 3.028700000000000000e+04 4.171900000000000000e+04
7.400249944258172063e-02 9.899999999999985478e-01 1.443289932012703503e-15 3.459283000000000175e+04 2.257903806874863221e+03 2.933400000000000000e+04 4.233200000000000000e+04
8.140274938683990380e-02 9.899999999999985478e-01 1.443289932012703503e-15 3.405072000000000116e+04 2.203222817056867370e+03 2.995300000000000000e+04 4.220000000000000000e+04
8.954302432552389834e-02 9.899999999999985478e-01 1.443289932012703503e-15 3.379684999999999854e+04 2.672220389021085339e+03 2.834700000000000000e+04 4.430200000000000000e+04
9.849732675807629234e-02 9.899999999999985478e-01 1.443289932012703503e-15 3.304515000000000146e+04 2.249931969527078763e+03 2.843800000000000000e+04 3.914600000000000000e+04
1.083470594338839244e-01 9.899999999999985478e-01 1.443289932012703503e-15 3.236154999999999927e+04 2.461720278077913008e+03 2.745500000000000000e+04 3.920100000000000000e+04
1.191817653772723196e-01 9.899999999999985478e-01 1.443289932012703503e-15 3.225056999999999971e+04 2.052237263354312290e+03 2.850700000000000000e+04 3.743900000000000000e+04
1.310999419149995737e-01 9.899999999999985478e-01 1.443289932012703503e-15 3.134352999999999884e+04 2.187768815277336671e+03 2.744800000000000000e+04 4.058000000000000000e+04
1.442099361064995422e-01 9.899999999999985478e-01 1.443289932012703503e-15 3.085670000000000073e+04 2.295114901263114916e+03 2.657400000000000000e+04 3.766300000000000000e+04
1.586309297171495103e-01 9.899999999999985478e-01 1.443289932012703503e-15 2.980622000000000116e+04 2.076386797203257174e+03 2.619900000000000000e+04 3.547800000000000000e+04
1.744940226888644641e-01 9.899999999999985478e-01 1.443289932012703503e-15 3.030538000000000102e+04 2.639895012230600059e+03 2.651900000000000000e+04 3.890700000000000000e+04
1.919434249577509355e-01 9.899999999999985478e-01 1.443289932012703503e-15 2.905822000000000116e+04 1.971428540830227575e+03 2.503400000000000000e+04 3.498700000000000000e+04
2.111377674535260540e-01 9.899999999999985478e-01 1.443289932012703503e-15 2.876984999999999854e+04 2.133185891454375451e+03 2.513500000000000000e+04 3.433500000000000000e+04
2.322515441988786677e-01 9.899999999999985478e-01 1.443289932012703503e-15 2.835490000000000146e+04 2.236031321336980000e+03 2.455500000000000000e+04 3.497000000000000000e+04
2.554766986187665401e-01 9.899999999999985478e-01 1.443289932012703503e-15 2.847236999999999898e+04 2.226463966270282526e+03 2.484100000000000000e+04 3.449000000000000000e+04
2.810243684806432163e-01 9.899999999999985478e-01 1.443289932012703503e-15 2.763813000000000102e+04 2.107907358756546728e+03 2.374200000000000000e+04 3.422000000000000000e+04
3.091268053287075657e-01 9.899999999999985478e-01 1.443289932012703503e-15 2.717108000000000175e+04 2.319312676979971457e+03 2.346400000000000000e+04 3.598200000000000000e+04
3.400394858615783389e-01 9.899999999999985478e-01 1.443289932012703503e-15 2.679961000000000058e+04 2.233232737065261972e+03 2.334400000000000000e+04 3.563000000000000000e+04
3.740434344477361894e-01 9.899999999999985478e-01 1.443289932012703503e-15 2.643515000000000146e+04 2.057051420723361844e+03 2.302000000000000000e+04 3.414700000000000000e+04
4.114477778925098583e-01 9.899999999999985478e-01 1.443289932012703503e-15 2.604715999999999985e+04 1.818766531031402337e+03 2.296400000000000000e+04 3.034600000000000000e+04
4.525925556817608775e-01 9.899999999999985478e-01 1.443289932012703503e-15 2.590250999999999840e+04 2.129874191096742379e+03 2.191900000000000000e+04 3.427800000000000000e+04
4.978518112499369930e-01 9.899999999999985478e-01 1.443289932012703503e-15 2.606704999999999927e+04 1.900535547549689909e+03 2.301900000000000000e+04 3.392400000000000000e+04
5.476369923749306867e-01 9.899999999999985478e-01 1.443289932012703503e-15 2.565429000000000087e+04 1.812106725858054915e+03 2.204100000000000000e+04 3.007100000000000000e+04
6.024006916124238220e-01 9.899999999999985478e-01 1.443289932012703503e-15 2.566670999999999913e+04 2.355276672898536162e+03 2.166300000000000000e+04 3.235000000000000000e+04
6.626407607736662930e-01 9.899999999999985478e-01 1.443289932012703503e-15 2.511991999999999825e+04 2.068294556778603237e+03 2.190400000000000000e+04 3.178600000000000000e+04
7.289048368510330222e-01 9.899999999999985478e-01 1.443289932012703503e-15 2.483177000000000044e+04 1.443309896418645394e+03 2.210400000000000000e+04 2.926100000000000000e+04
8.017953205361363356e-01 9.899999999999985478e-01 1.443289932012703503e-15 2.450093999999999869e+04 1.790875762413462098e+03 2.120000000000000000e+04 3.245400000000000000e+04
8.819748525897500580e-01 9.899999999999985478e-01 1.443289932012703503e-15 2.498727999999999884e+04 1.984834764306590841e+03 2.142600000000000000e+04 3.258700000000000000e+04
9.701723378487251415e-01 9.899999999999985478e-01 1.443289932012703503e-15 2.475724000000000160e+04 1.911057325775446088e+03 2.192800000000000000e+04 3.057600000000000000e+04
9.801723378487251503e-01 9.899999999999985478e-01 1.443289932012703503e-15 2.479193000000000029e+04 2.031223125385293315e+03 2.155400000000000000e+04 3.595500000000000000e+04
9.901723378487251592e-01 9.899999999999985478e-01 1.443289932012703503e-15 2.490990999999999985e+04 1.926185573069220027e+03 2.195300000000000000e+04 3.563100000000000000e+04
1.000172337848725057e+00 9.899999999999985478e-01 1.443289932012703503e-15 2.485211000000000058e+04 2.170849155952573255e+03 2.191900000000000000e+04 3.352100000000000000e+04
