1.000000000000000021e-02 9.899999999999985478e-01 1.443289932012703503e-15 6.225033999999999651e+04 3.695532460201101458e+03 5.307100000000000000e+04 7.193400000000000000e+04
1.100000000000000110e-02 9.899999999999985478e-01 1.443289932012703503e-15 6.082862999999999738e+04 3.718713752509057485e+03 5.373700000000000000e+04 6.911500000000000000e+04
1.210000000000000138e-02 9.899999999999985478e-01 1.443289932012703503e-15 5.990362999999999738e+04 3.513672892159997446e+03 5.236000000000000000e+04 7.138600000000000000e+04
1.331000000000000238e-02 9.899999999999985478e-01 1.443289932012703503e-15 5.892176999999999680e+04 4.026770700834602394e+03 5.265700000000000000e+04 7.067100000000000000e+04
1.464100000000000297e-02 9.899999999999985478e-01 1.443289932012703503e-15 5.840330000000000291e+04 3.614078556146781011e+03 5.144200000000000000e+04 7.176200000000000000e+04
1.610510000000000413e-02 9.899999999999985478e-01 1.443289932012703503e-15 5.751430999999999767e+04 3.663558498768648406e+03 4.901100000000000000e+04 6.452800000000000000e+04
1.771561000000000663e-02 9.899999999999985478e-01 1.443289932012703503e-15 5.734341000000000349e+04 3.984148654593601805e+03 5.106200000000000000e+04 7.505900000000000000e+04
1.948717100000000799e-02 9.899999999999985478e-01 1.443289932012703503e-15 5.570573000000000320e+04 3.607797868104586541e+03 4.816700000000000000e+04 6.399100000000000000e+04
2.143588810000001191e-02 9.899999999999985478e-01 1.443289932012703503e-15 5.453412999999999738e+04 3.564670124022698019e+03 4.588100000000000000e+04 6.490600000000000000e+04
2.357947691000001483e-02 9.899999999999985478e-01 1.443289932012703503e-15 5.429855000000000291e+04 3.335999173785869061e+03 4.535300000000000000e+04 6.214100000000000000e+04
2.593742460100001770e-02 9.899999999999985478e-01 1.443289932012703503e-15 5.338106999999999971e+04 3.151602418627704537e+03 4.672000000000000000e+04 6.402200000000000000e+04
2.853116706110002052e-02 9.899999999999985478e-01 1.443289932012703503e-15 5.236486000000000058e+04 3.304482597987163899e+03 4.556200000000000000e+04 5.993300000000000000e+04
3.138428376721002361e-02 9.899999999999985478e-01 1.443289932012703503e-15 5.151465000000000146e+04 3.284602281479448720e+03 4.457100000000000000e+04 5.957000000000000000e+04
3.452271214393103083e-02 9.899999999999985478e-01 1.443289932012703503e-15 5.094127999999999884e+04 2.936512721171151497e+03 4.440400000000000000e+04 5.772200000000000000e+04
3.797498335832413807e-02 9.899999999999985478e-01 1.443289932012703503e-15 4.982643000000000029e+04 2.949264960138374136e+03 4.281400000000000000e+04 5.809400000000000000e+04
4.177248169415655188e-02 9.899999999999985478e-01 1.443289932012703503e-15 4.937834999999999854e+04 2.874841374319633815e+03 4.288600000000000000e+04 6.144000000000000000e+04
4.594972986357220845e-02 9.899999999999985478e-01 1.443289932012703503e-15 4.844080999999999767e+04 2.637187458998695547e+03 4.119600000000000000e+04 5.669200000000000000e+04
5.054470284992943624e-02 9.899999999999985478e-01 1.443289932012703503e-15 4.775598999999999796e+04 2.701662523317817886e+03 4.279800000000000000e+04 5.593500000000000000e+04
5.559917313492238750e-02 9.899999999999985478e-01 1.443289932012703503e-15 4.725950000000000000e+04 2.862105352708037572e+03 4.089700000000000000e+04 5.721200000000000000e+04
6.115909044841463110e-02 9.899999999999985478e-01 1.443289932012703503e-15 4.594230999999999767e+04 2.568190552490215850e+03 4.117800000000000000e+04 5.373900000000000000e+04
6.727499949325610462e-02 9.899999999999985478e-01 1.443289932012703503e-15 4.567701999999999680e+04 2.934049638230410437e+03 4.011500000000000000e+04 5.486800000000000000e+04
7.400249944258172063e-02 9.899999999999985478e-01 1.443289932012703503e-15 4.470326999999999680e+04 2.807408551867718415e+03 3.930800000000000000e+04 5.251200000000000000e+04
8.140274938683990380e-02 9.899999999999985478e-01 1.443289932012703503e-15 4.367629000000000087e+04 2.582728066579987171e+03 3.768100000000000000e+04 5.166500000000000000e+04
8.954302432552389834e-02 9.899999999999985478e-01 1.443289932012703503e-15 4.315019000000000233e+04 2.289637520198339644e+03 3.862300000000000000e+04 5.148500000000000000e+04
9.849732675807629234e-02 9.899999999999985478e-01 1.443289932012703503e-15 4.259976999999999680e+04 2.555002606084775834e+03 3.774900000000000000e+04 5.158800000000000000e+04
1.083470594338839244e-01 9.899999999999985478e-01 1.443289932012703503e-15 4.195550000000000000e+04 1.997544860572598054e+03 3.725700000000000000e+04 4.683400000000000000e+04
1.191817653772723196e-01 9.899999999999985478e-01 1.443289932012703503e-15 4.118706999999999971e+04 2.345005587434708104e+03 3.725600000000000000e+04 4.846100000000000000e+04
1.310999419149995737e-01 9.899999999999985478e-01 1.443289932012703503e-15 4.060080000000000291e+04 2.139168123360106620e+03 3.498100000000000000e+04 4.679000000000000000e+04
1.442099361064995422e-01 9.899999999999985478e-01 1.443289932012703503e-15 3.955494000000000233e+04 2.202214906951635385e+03 3.576300000000000000e+04 4.674900000000000000e+04
1.586309297171495103e-01 9.899999999999985478e-01 1.443289932012703503e-15 3.916748000000000320e+04 2.393984225010682621e+03 3.506900000000000000e+04 5.145700000000000000e+04
1.744940226888644641e-01 9.899999999999985478e-01 1.443289932012703503e-15 3.894386000000000058e+04 2.314840867187202093e+03 3.322100000000000000e+04 4.711500000000000000e+04
1.919434249577509355e-01 9.899999999999985478e-01 1.443289932012703503e-15 3.808363999999999942e+04 1.851384960077185269e+03 3.422800000000000000e+04 4.492700000000000000e+04
2.111377674535260540e-01 9.899999999999985478e-01 1.443289932012703503e-15 3.792733999999999651e+04 2.218088078593814771e+03 3.386900000000000000e+04 4.550600000000000000e+04
2.322515441988786677e-01 9.899999999999985478e-01 1.443289932012703503e-15 3.748026999999999680e+04 2.432514632453420290e+03 3.322600000000000000e+04 4.417700000000000000e+04
2.554766986187665401e-01 9.899999999999985478e-01 1.443289932012703503e-15 3.645987999999999738e+04 1.759158885831521502e+03 3.250000000000000000e+04 4.126200000000000000e+04
2.810243684806432163e-01 9.899999999999985478e-01 1.443289932012703503e-15 3.615044999999999709e+04 1.866698322573842916e+03 3.236000000000000000e+04 4.230700000000000000e+04
3.091268053287075657e-01 9.899999999999985478e-01 1.443289932012703503e-15 3.604880000000000291e+04 1.886100554053255792e+03 3.243000000000000000e+04 4.382700000000000000e+04
3.400394858615783389e-01 9.899999999999985478e-01 1.443289932012703503e-15 3.541108999999999651e+04 2.033875163794474020e+03 3.172900000000000000e+04 4.536800000000000000e+04
3.740434344477361894e-01 9.899999999999985478e-01 1.443289932012703503e-15 3.525547000000000116e+04 2.067962405146669880e+03 3.191500000000000000e+04 4.411300000000000000e+04
4.114477778925098583e-01 9.899999999999985478e-01 1.443289932012703503e-15 3.436837999999999738e+04 1.614935929255399060e+03 3.064900000000000000e+04 3.975100000000000000e+04
4.525925556817608775e-01 9.899999999999985478e-01 1.443289932012703503e-15 3.432754000000000087e+04 1.702371278070679637e+03 3.138300000000000000e+04 4.077400000000000000e+04
4.978518112499369930e-01 9.899999999999985478e-01 1.443289932012703503e-15 3.468361000000000058e+04 1.965269248194761076e+03 3.029700000000000000e+04 4.068800000000000000e+04
5.476369923749306867e-01 9.899999999999985478e-01 1.443289932012703503e-15 3.390905999999999767e+04 1.937328190162936835e+03 3.068100000000000000e+04 4.120700000000000000e+04
6.024006916124238220e-01 9.899999999999985478e-01 1.443289932012703503e-15 3.385538999999999942e+04 2.476644782341626524e+03 2.953600000000000000e+04 4.335400000000000000e+04
6.626407607736662930e-01 9.899999999999985478e-01 1.443289932012703503e-15 3.340563999999999942e+04 1.768743014233554504e+03 3.003300000000000000e+04 3.783000000000000000e+04
7.289048368510330222e-01 9.899999999999985478e-01 1.443289932012703503e-15 3.315584999999999854e+04 1.816917088779782262e+03 2.987500000000000000e+04 3.824700000000000000e+04
8.017953205361363356e-01 9.899999999999985478e-01 1.443289932012703503e-15 3.383245999999999913e+04 1.986947152895617364e+03 3.054300000000000000e+04 4.077800000000000000e+04
8.819748525897500580e-01 9.899999999999985478e-01 1.443289932012703503e-15 3.309541000000000349e+04 1.483687784508586901e+03 3.058800000000000000e+04 3.705600000000000000e+04
9.701723378487251415e-01 9.899999999999985478e-01 1.443289932012703503e-15 3.365455000000000291e+04 1.802814895517562263e+03 3.071600000000000000e+04 4.163700000000000000e+04
9.801723378487251503e-01 9.899999999999985478e-01 1.443289932012703503e-15 3.354400000000000000e+04 2.220240036572622557e+03 3.028300000000000000e+04 4.558800000000000000e+04
9.901723378487251592e-01 9.899999999999985478e-01 1.443289932012703503e-15 3.344490000000000146e+04 2.171088549552965560e+03 2.967100000000000000e+04 4.684300000000000000e+04
1.000172337848725057e+00 9.899999999999985478e-01 1.443289932012703503e-15 3.305302999999999884e+04 1.516684769192332851e+03 2.973100000000000000e+04 3.744000000000000000e+04
