1.000000000000000021e-02 9.899999999999985478e-01 1.443289932012703503e-15 4.232116000000000349e+04 2.823591895865973584e+03 3.712400000000000000e+04 5.448900000000000000e+04
1.100000000000000110e-02 9.899999999999985478e-01 1.443289932012703503e-15 4.101281999999999971e+04 2.827180458973215536e+03 3.392500000000000000e+04 4.755600000000000000e+04
1.210000000000000138e-02 9.899999999999985478e-01 1.443289932012703503e-15 3.958943000000000029e+04 2.655269975934651029e+03 3.372500000000000000e+04 4.818700000000000000e+04
1.331000000000000238e-02 9.899999999999985478e-01 1.443289932012703503e-15 3.916237000000000262e+04 2.425472039232775387e+03 3.394200000000000000e+04 4.527400000000000000e+04
1.464100000000000297e-02 9.899999999999985478e-01 1.443289932012703503e-15 3.859633999999999651e+04 2.778473693307172198e+03 3.190200000000000000e+04 4.515700000000000000e+04
1.610510000000000413e-02 9.899999999999985478e-01 1.443289932012703503e-15 3.771111000000000058e+04 2.472413334760189173e+03 3.258900000000000000e+04 4.657200000000000000e+04
1.771561000000000663e-02 9.899999999999985478e-01 1.443289932012703503e-15 3.700201999999999680e+04 2.562980054467845548e+03 3.178500000000000000e+04 4.328800000000000000e+04
1.948717100000000799e-02 9.899999999999985478e-01 1.443289932012703503e-15 3.598376000000000204e+04 2.449348636352121957e+03 3.126800000000000000e+04 4.256800000000000000e+04
2.143588810000001191e-02 9.899999999999985478e-01 1.443289932012703503e-15 3.548841000000000349e+04 2.045845957519773947e+03 3.012100000000000000e+04 4.123200000000000000e+04
2.357947691000001483e-02 9.899999999999985478e-01 1.443289932012703503e-15 3.455015000000000146e+04 2.382052045506143259e+03 2.987900000000000000e+04 4.107600000000000000e+04
2.593742460100001770e-02 9.899999999999985478e-01 1.443289932012703503e-15 3.364608999999999651e+04 2.386519252363156284e+03 2.892500000000000000e+04 3.966200000000000000e+04
2.853116706110002052e-02 9.899999999999985478e-01 1.443289932012703503e-15 3.288588999999999942e+04 2.180937110028622556e+03 2.864500000000000000e+04 3.860100000000000000e+04
3.138428376721002361e-02 9.899999999999985478e-01 1.443289932012703503e-15 3.214043000000000029e+04 2.075393510903414608e+03 2.758700000000000000e+04 3.715200000000000000e+04
3.452271214393103083e-02 9.899999999999985478e-01 1.443289932012703503e-15 3.141697000000000116e+04 1.917093980247186664e+03 2.830300000000000000e+04 3.839000000000000000e+04
3.797498335832413807e-02 9.899999999999985478e-01 1.443289932012703503e-15 3.072674000000000160e+04 1.933359209355571465e+03 2.651300000000000000e+04 3.512600000000000000e+04
4.177248169415655188e-02 9.899999999999985478e-01 1.443289932012703503e-15 2.995106000000000131e+04 1.993617284335185559e+03 2.343000000000000000e+04 3.650600000000000000e+04
4.594972986357220845e-02 9.899999999999985478e-01 1.443289932012703503e-15 2.958379000000000087e+04 1.676523589425451746e+03 2.534300000000000000e+04 3.453300000000000000e+04
5.054470284992943624e-02 9.899999999999985478e-01 1.443289932012703503e-15 2.878218999999999869e+04 1.491598677225211304e+03 2.590100000000000000e+04 3.236900000000000000e+04
5.559917313492238750e-02 9.899999999999985478e-01 1.443289932012703503e-15 2.800377000000000044e+04 1.541928058341244650e+03 2.493800000000000000e+04 3.172000000000000000e+04
6.115909044841463110e-02 9.899999999999985478e-01 1.443289932012703503e-15 2.773740000000000146e+04 1.786289942870417235e+03 2.450400000000000000e+04 3.441500000000000000e+04
6.727499949325610462e-02 9.899999999999985478e-01 1.443289932012703503e-15 2.688134000000000015e+04 1.321587660505348595e+03 2.266000000000000000e+04 3.024300000000000000e+04
7.400249944258172063e-02 9.899999999999985478e-01 1.443289932012703503e-15 2.630263000000000102e+04 1.725504457571756120e+03 2.339600000000000000e+04 3.304900000000000000e+04
8.140274938683990380e-02 9.899999999999985478e-01 1.443289932012703503e-15 2.556920999999999913e+04 1.350913285855164986e+03 2.250900000000000000e+04 2.901100000000000000e+04
8.954302432552389834e-02 9.899999999999985478e-01 1.443289932012703503e-15 2.503622000000000116e+04 1.293084510617925389e+03 2.188300000000000000e+04 2.886100000000000000e+04
9.849732675807629234e-02 9.899999999999985478e-01 1.443289932012703503e-15 2.476729000000000087e+04 1.230461200485411609e+03 2.254600000000000000e+04 2.839200000000000000e+04
1.083470594338839244e-01 9.899999999999985478e-01 1.443289932012703503e-15 2.392213999999999942e+04 1.274221252530344600e+03 2.165100000000000000e+04 2.707400000000000000e+04
1.191817653772723196e-01 9.899999999999985478e-01 1.443289932012703503e-15 2.363402999999999884e+04 1.159543241582650126e+03 2.122500000000000000e+04 2.696300000000000000e+04
1.310999419149995737e-01 9.899999999999985478e-01 1.443289932012703503e-15 2.283302999999999884e+04 1.193504934677691153e+03 1.994000000000000000e+04 2.595300000000000000e+04
1.442099361064995422e-01 9.899999999999985478e-01 1.443289932012703503e-15 2.242400999999999840e+04 1.006485752457529884e+03 2.025300000000000000e+04 2.540100000000000000e+04
1.586309297171495103e-01 9.899999999999985478e-01 1.443289932012703503e-15 2.213109999999999854e+04 1.036972694915348256e+03 1.972600000000000000e+04 2.511900000000000000e+04
1.744940226888644641e-01 9.899999999999985478e-01 1.443289932012703503e-15 2.157197000000000116e+04 1.183467164352268810e+03 1.877200000000000000e+04 2.501300000000000000e+04
1.919434249577509355e-01 9.899999999999985478e-01 1.443289932012703503e-15 2.123709999999999854e+04 1.037493156603936313e+03 1.924100000000000000e+04 2.473800000000000000e+04
2.111377674535260540e-01 9.899999999999985478e-01 1.443289932012703503e-15 2.070381000000000131e+04 8.415347253084689783e+02 1.902900000000000000e+04 2.345300000000000000e+04
2.322515441988786677e-01 9.899999999999985478e-01 1.443289932012703503e-15 2.032043000000000029e+04 9.406902067630982174e+02 1.824700000000000000e+04 2.264800000000000000e+04
2.554766986187665401e-01 9.899999999999985478e-01 1.443289932012703503e-15 1.999031000000000131e+04 8.589979591943161950e+02 1.816600000000000000e+04 2.337900000000000000e+04
2.810243684806432163e-01 9.899999999999985478e-01 1.443289932012703503e-15 1.946229000000000087e+04 8.688402073454013816e+02 1.728300000000000000e+04 2.212800000000000000e+04
3.091268053287075657e-01 9.899999999999985478e-01 1.443289932012703503e-15 1.921277999999999884e+04 7.934045951467635405e+02 1.734900000000000000e+04 2.189800000000000000e+04
3.400394858615783389e-01 9.899999999999985478e-01 1.443289932012703503e-15 1.885584000000000015e+04 8.872176026206872166e+02 1.720500000000000000e+04 2.179300000000000000e+04
3.740434344477361894e-01 9.899999999999985478e-01 1.443289932012703503e-15 1.861038000000000102e+04 8.183242484492317317e+02 1.645600000000000000e+04 2.093600000000000000e+04
4.114477778925098583e-01 9.899999999999985478e-01 1.443289932012703503e-15 1.834890000000000146e+04 8.155993685627764762e+02 1.675700000000000000e+04 2.088200000000000000e+04
4.525925556817608775e-01 9.899999999999985478e-01 1.443289932012703503e-15 1.810779000000000087e+04 7.713658832875613598e+02 1.654600000000000000e+04 2.088900000000000000e+04
4.978518112499369930e-01 9.899999999999985478e-01 1.443289932012703503e-15 1.791561000000000058e+04 6.859558425292402717e+02 1.641300000000000000e+04 1.969100000000000000e+04
5.476369923749306867e-01 9.899999999999985478e-01 1.443289932012703503e-15 1.779208000000000175e+04 6.935875817804122789e+02 1.624500000000000000e+04 1.975500000000000000e+04
6.024006916124238220e-01 9.899999999999985478e-01 1.443289932012703503e-15 1.766127999999999884e+04 7.794501790364795397e+02 1.560600000000000000e+04 2.014200000000000000e+04
6.626407607736662930e-01 9.899999999999985478e-01 1.443289932012703503e-15 1.747822000000000116e+04 6.529044276155585749e+02 1.605800000000000000e+04 1.931600000000000000e+04
7.289048368510330222e-01 9.899999999999985478e-01 1.443289932012703503e-15 1.742497000000000116e+04 6.657259714777544559e+02 1.589400000000000000e+04 1.946900000000000000e+04
8.017953205361363356e-01 9.899999999999985478e-01 1.443289932012703503e-15 1.725252999999999884e+04 7.114541370320365559e+02 1.580900000000000000e+04 1.911700000000000000e+04
8.819748525897500580e-01 9.899999999999985478e-01 1.443289932012703503e-15 1.728125999999999840e+04 7.090585535765011400e+02 1.589400000000000000e+04 2.000500000000000000e+04
9.701723378487251415e-01 9.899999999999985478e-01 1.443289932012703503e-15 1.730124000000000160e+04 7.352349436744692639e+02 1.569700000000000000e+04 2.032700000000000000e+04
9.801723378487251503e-01 9.899999999999985478e-01 1.443289932012703503e-15 1.721377999999999884e+04 6.606891792666200445e+02 1.600700000000000000e+04 1.978100000000000000e+04
9.901723378487251592e-01 9.899999999999985478e-01 1.443289932012703503e-15 1.724956000000000131e+04 7.307401360264811956e+02 1.587300000000000000e+04 1.983800000000000000e+04
1.000172337848725057e+00 9.899999999999985478e-01 1.443289932012703503e-15 1.718740999999999985e+04 5.892599612225491228e+02 1.556800000000000000e+04 1.876000000000000000e+04
