1.000000000000000021e-02 9.899999999999985478e-01 1.443289932012703503e-15 5.131369000000000233e+04 4.104006427127033930e+03 4.180300000000000000e+04 6.267300000000000000e+04
1.100000000000000110e-02 9.899999999999985478e-01 1.443289932012703503e-15 5.054025000000000000e+04 4.198244798424693727e+03 4.158200000000000000e+04 6.254300000000000000e+04
1.210000000000000138e-02 9.899999999999985478e-01 1.443289932012703503e-15 4.950563999999999942e+04 3.637392075429867418e+03 4.116300000000000000e+04 5.748300000000000000e+04
1.331000000000000238e-02 9.899999999999985478e-01 1.443289932012703503e-15 4.835754000000000087e+04 3.589319504920118106e+03 3.921900000000000000e+04 5.732400000000000000e+04
1.464100000000000297e-02 9.899999999999985478e-01 1.443289932012703503e-15 4.804013999999999942e+04 3.966709916341249482e+03 3.823100000000000000e+04 5.860200000000000000e+04
1.610510000000000413e-02 9.899999999999985478e-01 1.443289932012703503e-15 4.741788999999999942e+04 3.587494336985076643e+03 4.066700000000000000e+04 5.885200000000000000e+04
1.771561000000000663e-02 9.899999999999985478e-01 1.443289932012703503e-15 4.632912999999999738e+04 3.466167135771152971e+03 3.720800000000000000e+04 5.358100000000000000e+04
1.948717100000000799e-02 9.899999999999985478e-01 1.443289932012703503e-15 4.498819999999999709e+04 3.308415043491369488e+03 3.847800000000000000e+04 5.568000000000000000e+04
2.143588810000001191e-02 9.899999999999985478e-01 1.443289932012703503e-15 4.445172000000000116e+04 3.850151742671967895e+03 3.593700000000000000e+04 5.579100000000000000e+04
2.357947691000001483e-02 9.899999999999985478e-01 1.443289932012703503e-15 4.294355999999999767e+04 3.050198371647325985e+03 3.659800000000000000e+04 5.086700000000000000e+04
2.593742460100001770e-02 9.899999999999985478e-01 1.443289932012703503e-15 4.252002999999999884e+04 3.278477913468382667e+03 3.590900000000000000e+04 4.989900000000000000e+04
2.853116706110002052e-02 9.899999999999985478e-01 1.443289932012703503e-15 4.135366999999999825e+04 2.760476897403780185e+03 3.530600000000000000e+04 4.889700000000000000e+04
3.138428376721002361e-02 9.899999999999985478e-01 1.443289932012703503e-15 4.075818000000000029e+04 3.005797762258798230e+03 3.286600000000000000e+04 4.788300000000000000e+04
3.452271214393103083e-02 9.899999999999985478e-01 1.443289932012703503e-15 4.005569000000000233e+04 3.499297411467051461e+03 3.420800000000000000e+04 4.974900000000000000e+04
3.797498335832413807e-02 9.899999999999985478e-01 1.443289932012703503e-15 3.924691000000000349e+04 2.600761742624648377e+03 3.249100000000000000e+04 4.708600000000000000e+04
4.177248169415655188e-02 9.899999999999985478e-01 1.443289932012703503e-15 3.874455000000000291e+04 2.585357798738890779e+03 3.359600000000000000e+04 4.579300000000000000e+04
4.594972986357220845e-02 9.899999999999985478e-01 1.443289932012703503e-15 3.735973000000000320e+04 2.702751138580835686e+03 3.177300000000000000e+04 4.540100000000000000e+04
5.054470284992943624e-02 9.899999999999985478e-01 1.443289932012703503e-15 3.675402999999999884e+04 2.681464332990465664e+03 3.149800000000000000e+04 4.367300000000000000e+04
5.559917313492238750e-02 9.899999999999985478e-01 1.443289932012703503e-15 3.609052999999999884e+04 2.342234196040182269e+03 3.099400000000000000e+04 4.102700000000000000e+04
6.115909044841463110e-02 9.899999999999985478e-01 1.443289932012703503e-15 3.539833999999999651e+04 2.797601909564690231e+03 2.937700000000000000e+04 4.270000000000000000e+04
6.727499949325610462e-02 9.899999999999985478e-01 1.443289932012703503e-15 3.486113999999999942e+04 2.802854363037794883e+03 2.943000000000000000e+04 4.353300000000000000e+04
7.400249944258172063e-02 9.899999999999985478e-01 1.443289932012703503e-15 3.392433999999999651e+04 2.276450009202925230e+03 2.865500000000000000e+04 4.242600000000000000e+04
8.140274938683990380e-02 9.899999999999985478e-01 1.443289932012703503e-15 3.320519000000000233e+04 2.204594768636630761e+03 2.870000000000000000e+04 3.910700000000000000e+04
8.954302432552389834e-02 9.899999999999985478e-01 1.443289932012703503e-15 3.306780000000000291e+04 2.412413952869614604e+03 2.870400000000000000e+04 3.885800000000000000e+04
9.849732675807629234e-02 9.899999999999985478e-01 1.443289932012703503e-15 3.204690999999999985e+04 2.410710352136897200e+03 2.645700000000000000e+04 3.734600000000000000e+04
1.083470594338839244e-01 9.899999999999985478e-01 1.443289932012703503e-15 3.143904000000000087e+04 2.325024790921593649e+03 2.656900000000000000e+04 3.765700000000000000e+04
1.191817653772723196e-01 9.899999999999985478e-01 1.443289932012703503e-15 3.091127999999999884e+04 2.377963456741923437e+03 2.539100000000000000e+04 3.702400000000000000e+04
1.310999419149995737e-01 9.899999999999985478e-01 1.443289932012703503e-15 3.047411000000000058e+04 2.377851782155481487e+03 2.518900000000000000e+04 3.613200000000000000e+04
1.442099361064995422e-01 9.899999999999985478e-01 1.443289932012703503e-15 2.944377999999999884e+04 2.261676787606929793e+03 2.419200000000000000e+04 3.569700000000000000e+04
1.586309297171495103e-01 9.899999999999985478e-01 1.443289932012703503e-15 2.931304000000000087e+04 2.317000918946731417e+03 2.543300000000000000e+04 3.624900000000000000e+04
1.744940226888644641e-01 9.899999999999985478e-01 1.443289932012703503e-15 2.864597999999999956e+04 1.953320193823838736e+03 2.470800000000000000e+04 3.425400000000000000e+04
1.919434249577509355e-01 9.899999999999985478e-01 1.443289932012703503e-15 2.811433000000000175e+04 2.226674718296320862e+03 2.408600000000000000e+04 3.848700000000000000e+04
2.111377674535260540e-01 9.899999999999985478e-01 1.443289932012703503e-15 2.764938999999999942e+04 2.135137503277013366e+03 2.380800000000000000e+04 3.681300000000000000e+04
2.322515441988786677e-01 9.899999999999985478e-01 1.443289932012703503e-15 2.696291999999999825e+04 1.890926950889430827e+03 2.315000000000000000e+04 3.172500000000000000e+04
2.554766986187665401e-01 9.899999999999985478e-01 1.443289932012703503e-15 2.663452000000000044e+04 1.964522061367599008e+03 2.339000000000000000e+04 3.498200000000000000e+04
2.810243684806432163e-01 9.899999999999985478e-01 1.443289932012703503e-15 2.639818999999999869e+04 2.250571334994738663e+03 2.270000000000000000e+04 3.483600000000000000e+04
3.091268053287075657e-01 9.899999999999985478e-01 1.443289932012703503e-15 2.608441999999999825e+04 2.449782203298897002e+03 2.230500000000000000e+04 3.752200000000000000e+04
3.400394858615783389e-01 9.899999999999985478e-01 1.443289932012703503e-15 2.564590999999999985e+04 1.798309373244770086e+03 2.241500000000000000e+04 3.122200000000000000e+04
3.740434344477361894e-01 9.899999999999985478e-01 1.443289932012703503e-15 2.492554999999999927e+04 1.734125349419701024e+03 2.216900000000000000e+04 2.955900000000000000e+04
4.114477778925098583e-01 9.899999999999985478e-01 1.443289932012703503e-15 2.492418000000000029e+04 1.974184420868526558e+03 2.098500000000000000e+04 3.042500000000000000e+04
4.525925556817608775e-01 9.899999999999985478e-01 1.443289932012703503e-15 2.459990000000000146e+04 1.924995057136510923e+03 2.044900000000000000e+04 2.986000000000000000e+04
4.978518112499369930e-01 9.899999999999985478e-01 1.443289932012703503e-15 2.475909000000000015e+04 2.094024049981279404e+03 2.137100000000000000e+04 3.241200000000000000e+04
5.476369923749306867e-01 9.899999999999985478e-01 1.443289932012703503e-15 2.440047999999999956e+04 1.812819905451172872e+03 2.124800000000000000e+04 2.936800000000000000e+04
6.024006916124238220e-01 9.899999999999985478e-01 1.443289932012703503e-15 2.410847000000000116e+04 2.045944908618021145e+03 2.086700000000000000e+04 3.516800000000000000e+04
6.626407607736662930e-01 9.899999999999985478e-01 1.443289932012703503e-15 2.396754999999999927e+04 1.752047141917134695e+03 2.072900000000000000e+04 2.982700000000000000e+04
7.289048368510330222e-01 9.899999999999985478e-01 1.443289932012703503e-15 2.401399000000000160e+04 1.787773584629776678e+03 2.074600000000000000e+04 2.869000000000000000e+04
8.017953205361363356e-01 9.899999999999985478e-01 1.443289932012703503e-15 2.409595000000000073e+04 2.089861068946928299e+03 2.066000000000000000e+04 3.426800000000000000e+04
8.819748525897500580e-01 9.899999999999985478e-01 1.443289932012703503e-15 2.359836999999999898e+04 1.719255703233233135e+03 2.042300000000000000e+04 2.799900000000000000e+04
9.701723378487251415e-01 9.899999999999985478e-01 1.443289932012703503e-15 2.436079000000000087e+04 2.227342996913587285e+03 1.988000000000000000e+04 3.158100000000000000e+04
9.801723378487251503e-01 9.899999999999985478e-01 1.443289932012703503e-15 2.385138999999999942e+04 2.075971189082353249e+03 2.033900000000000000e+04 3.240700000000000000e+04
9.901723378487251592e-01 9.899999999999985478e-01 1.443289932012703503e-15 2.411490000000000146e+04 2.048984375245453066e+03 2.054900000000000000e+04 2.986500000000000000e+04
1.000172337848725057e+00 9.899999999999985478e-01 1.443289932012703503e-15 2.366356000000000131e+04 2.162382303479196707e+03 2.034900000000000000e+04 3.341700000000000000e+04
