1.000000000000000021e-02 9.899999999999985478e-01 1.443289932012703503e-15 1.571223200000000070e+05 1.020444735287511867e+04 1.370080000000000000e+05 1.881780000000000000e+05
1.100000000000000110e-02 9.899999999999985478e-01 1.443289932012703503e-15 1.564001799999999930e+05 9.981663543097411093e+03 1.330010000000000000e+05 1.933680000000000000e+05
1.210000000000000138e-02 9.899999999999985478e-01 1.443289932012703503e-15 1.565688999999999942e+05 9.953356770959233472e+03 1.385490000000000000e+05 1.958130000000000000e+05
1.331000000000000238e-02 9.899999999999985478e-01 1.443289932012703503e-15 1.556290799999999872e+05 9.811683971347627448e+03 1.302240000000000000e+05 1.813430000000000000e+05
1.464100000000000297e-02 9.899999999999985478e-01 1.443289932012703503e-15 1.522744400000000023e+05 1.016433589106538784e+04 1.339040000000000000e+05 1.812610000000000000e+05
1.610510000000000413e-02 9.899999999999985478e-01 1.443289932012703503e-15 1.533084800000000105e+05 1.078774333628678687e+04 1.276280000000000000e+05 1.847800000000000000e+05
1.771561000000000663e-02 9.899999999999985478e-01 1.443289932012703503e-15 1.509500000000000000e+05 8.257450983202988937e+03 1.339020000000000000e+05 1.715940000000000000e+05
1.948717100000000799e-02 9.899999999999985478e-01 1.443289932012703503e-15 1.514063200000000070e+05 9.007101633577805842e+03 1.319990000000000000e+05 1.740340000000000000e+05
2.143588810000001191e-02 9.899999999999985478e-01 1.443289932012703503e-15 1.502776499999999942e+05 1.007883727458182693e+04 1.283090000000000000e+05 1.847700000000000000e+05
2.357947691000001483e-02 9.899999999999985478e-01 1.443289932012703503e-15 1.503815199999999895e+05 9.874138045905578110e+03 1.221140000000000000e+05 1.836010000000000000e+05
2.593742460100001770e-02 9.899999999999985478e-01 1.443289932012703503e-15 1.489879200000000128e+05 9.532809841468568266e+03 1.305860000000000000e+05 1.781940000000000000e+05
2.853116706110002052e-02 9.899999999999985478e-01 1.443289932012703503e-15 1.491295799999999872e+05 1.009256071488301677e+04 1.270320000000000000e+05 1.719700000000000000e+05
3.138428376721002361e-02 9.899999999999985478e-01 1.443289932012703503e-15 1.494241099999999860e+05 1.016836540344120476e+04 1.266760000000000000e+05 1.817530000000000000e+05
3.452271214393103083e-02 9.899999999999985478e-01 1.443289932012703503e-15 1.469898500000000058e+05 1.079651221957813505e+04 1.278930000000000000e+05 1.852850000000000000e+05
3.797498335832413807e-02 9.899999999999985478e-01 1.443289932012703503e-15 1.465571499999999942e+05 1.076527841384048952e+04 1.219180000000000000e+05 1.771360000000000000e+05
4.177248169415655188e-02 9.899999999999985478e-01 1.443289932012703503e-15 1.442410100000000093e+05 9.676710579008757122e+03 1.224370000000000000e+05 1.685890000000000000e+05
4.594972986357220845e-02 9.899999999999985478e-01 1.443289932012703503e-15 1.442480100000000093e+05 1.030222263542678593e+04 1.167730000000000000e+05 1.720920000000000000e+05
5.054470284992943624e-02 9.899999999999985478e-01 1.443289932012703503e-15 1.441377999999999884e+05 1.044840260614032741e+04 1.168770000000000000e+05 1.693070000000000000e+05
5.559917313492238750e-02 9.899999999999985478e-01 1.443289932012703503e-15 1.436018800000000047e+05 1.090696362630773729e+04 1.224850000000000000e+05 1.819310000000000000e+05
6.115909044841463110e-02 9.899999999999985478e-01 1.443289932012703503e-15 1.412730299999999988e+05 9.844060964312440774e+03 1.194750000000000000e+05 1.749700000000000000e+05
6.727499949325610462e-02 9.899999999999985478e-01 1.443289932012703503e-15 1.390554800000000105e+05 1.085064157594379321e+04 1.053430000000000000e+05 1.741160000000000000e+05
7.400249944258172063e-02 9.899999999999985478e-01 1.443289932012703503e-15 1.418804100000000035e+05 1.145452913924880704e+04 1.186210000000000000e+05 1.818140000000000000e+05
8.140274938683990380e-02 9.899999999999985478e-01 1.443289932012703503e-15 1.377953099999999977e+05 9.696434627939283018e+03 1.183530000000000000e+05 1.580150000000000000e+05
8.954302432552389834e-02 9.899999999999985478e-01 1.443289932012703503e-15 1.383549299999999930e+05 1.149591373424053018e+04 1.178730000000000000e+05 1.779180000000000000e+05
9.849732675807629234e-02 9.899999999999985478e-01 1.443289932012703503e-15 1.365844400000000023e+05 1.108189724399211627e+04 1.167110000000000000e+05 1.757290000000000000e+05
1.083470594338839244e-01 9.899999999999985478e-01 1.443289932012703503e-15 1.356637999999999884e+05 1.028441227489447010e+04 1.162080000000000000e+05 1.605350000000000000e+05
1.191817653772723196e-01 9.899999999999985478e-01 1.443289932012703503e-15 1.362675000000000000e+05 1.134503637235244787e+04 1.175680000000000000e+05 1.663220000000000000e+05
1.310999419149995737e-01 9.899999999999985478e-01 1.443289932012703503e-15 1.328371099999999860e+05 1.028988733455814327e+04 1.142010000000000000e+05 1.632910000000000000e+05
1.442099361064995422e-01 9.899999999999985478e-01 1.443289932012703503e-15 1.352353500000000058e+05 1.186564721738767912e+04 1.120090000000000000e+05 1.807710000000000000e+05
1.586309297171495103e-01 9.899999999999985478e-01 1.443289932012703503e-15 1.309403999999999942e+05 1.074171835694829679e+04 1.061980000000000000e+05 1.644710000000000000e+05
1.744940226888644641e-01 9.899999999999985478e-01 1.443289932012703503e-15 1.342060899999999965e+05 1.380708677027489466e+04 1.053320000000000000e+05 1.749130000000000000e+05
1.919434249577509355e-01 9.899999999999985478e-01 1.443289932012703503e-15 1.317994599999999919e+05 1.296190595971133007e+04 1.077540000000000000e+05 1.855890000000000000e+05
2.111377674535260540e-01 9.899999999999985478e-01 1.443289932012703503e-15 1.298127700000000041e+05 1.211732735289015545e+04 1.042430000000000000e+05 1.585330000000000000e+05
2.322515441988786677e-01 9.899999999999985478e-01 1.443289932012703503e-15 1.335884299999999930e+05 1.585267487161393910e+04 9.524700000000000000e+04 1.784030000000000000e+05
2.554766986187665401e-01 9.899999999999985478e-01 1.443289932012703503e-15 1.312416000000000058e+05 1.649294926385210783e+04 1.031440000000000000e+05 2.002140000000000000e+05
2.810243684806432163e-01 9.899999999999985478e-01 1.443289932012703503e-15 1.296013399999999965e+05 1.595525736879227043e+04 1.058180000000000000e+05 1.952380000000000000e+05
3.091268053287075657e-01 9.899999999999985478e-01 1.443289932012703503e-15 1.314871900000000023e+05 1.488539852183675976e+04 9.826700000000000000e+04 1.709120000000000000e+05
3.400394858615783389e-01 9.899999999999985478e-01 1.443289932012703503e-15 1.303506600000000035e+05 1.485608849274935892e+04 1.060300000000000000e+05 1.754410000000000000e+05
3.740434344477361894e-01 9.899999999999985478e-01 1.443289932012703503e-15 1.339002099999999919e+05 2.640895881146964530e+04 9.624800000000000000e+04 3.312530000000000000e+05
4.114477778925098583e-01 9.821039999999986447e-01 7.856420803393875107e-02 4.326739799999999814e+05 2.971730924656194169e+06 9.441700000000000000e+04 3.000000000000000000e+07
4.525925556817608775e-01 9.899999999999985478e-01 1.443289932012703503e-15 1.326352200000000012e+05 2.592441829225103720e+04 1.011550000000000000e+05 2.314860000000000000e+05
4.978518112499369930e-01 9.899999999999985478e-01 1.443289932012703503e-15 1.333053999999999942e+05 2.456046294351961478e+04 9.181000000000000000e+04 2.409840000000000000e+05
5.476369923749306867e-01 9.899999999999985478e-01 1.443289932012703503e-15 1.303660399999999936e+05 2.333586642399206175e+04 8.921400000000000000e+04 2.244110000000000000e+05
6.024006916124238220e-01 9.899999999999985478e-01 1.443289932012703503e-15 1.334417900000000081e+05 3.097998027284555792e+04 9.372700000000000000e+04 2.887640000000000000e+05
6.626407607736662930e-01 9.817399999999986138e-01 8.218596230500681277e-02 4.223827600000000093e+05 2.972730390070071910e+06 8.297500000000000000e+04 3.000000000000000000e+07
7.289048368510330222e-01 9.899999999999985478e-01 1.443289932012703503e-15 1.249245700000000070e+05 2.689195364649247858e+04 9.479300000000000000e+04 3.042150000000000000e+05
8.017953205361363356e-01 9.899999999999985478e-01 1.443289932012703503e-15 1.250906300000000047e+05 2.221570023278807639e+04 8.718100000000000000e+04 2.067920000000000000e+05
8.819748525897500580e-01 9.899999999999985478e-01 1.443289932012703503e-15 1.158581699999999983e+05 1.885042544668686969e+04 8.796100000000000000e+04 2.045440000000000000e+05
9.701723378487251415e-01 9.899999999999985478e-01 1.443289932012703503e-15 1.145317500000000000e+05 1.611588282060588790e+04 8.503300000000000000e+04 1.819340000000000000e+05
9.801723378487251503e-01 9.899999999999985478e-01 1.443289932012703503e-15 1.194656900000000023e+05 3.327323370419382263e+04 8.127700000000000000e+04 3.783420000000000000e+05
9.901723378487251592e-01 9.899999999999985478e-01 1.443289932012703503e-15 1.164437599999999948e+05 2.076897604607410904e+04 8.958300000000000000e+04 2.466110000000000000e+05
1.000172337848725057e+00 9.899999999999985478e-01 1.443289932012703503e-15 1.194657299999999959e+05 2.290041991268064521e+04 7.818400000000000000e+04 2.730340000000000000e+05
