1.000000000000000021e-02 9.899999999999985478e-01 1.443289932012703503e-15 4.294811000000000058e+04 2.854724697392028247e+03 3.602600000000000000e+04 5.046700000000000000e+04
1.100000000000000110e-02 9.899999999999985478e-01 1.443289932012703503e-15 4.104719999999999709e+04 3.289503175253065365e+03 3.414700000000000000e+04 5.082100000000000000e+04
1.210000000000000138e-02 9.899999999999985478e-01 1.443289932012703503e-15 4.050806999999999971e+04 2.853434590997312171e+03 3.446600000000000000e+04 4.764700000000000000e+04
1.331000000000000238e-02 9.899999999999985478e-01 1.443289932012703503e-15 3.967676000000000204e+04 2.442871654917630622e+03 3.322900000000000000e+04 4.524300000000000000e+04
1.464100000000000297e-02 9.899999999999985478e-01 1.443289932012703503e-15 3.908505000000000291e+04 2.760347236762070679e+03 3.301800000000000000e+04 4.896000000000000000e+04
1.610510000000000413e-02 9.899999999999985478e-01 1.443289932012703503e-15 3.815808999999999651e+04 2.616899704211072731e+03 3.265400000000000000e+04 4.446700000000000000e+04
1.771561000000000663e-02 9.899999999999985478e-01 1.443289932012703503e-15 3.761991999999999825e+04 2.507892113628494826e+03 3.250400000000000000e+04 4.465800000000000000e+04
1.948717100000000799e-02 9.899999999999985478e-01 1.443289932012703503e-15 3.646293000000000029e+04 2.606800940827664817e+03 2.943400000000000000e+04 4.414900000000000000e+04
2.143588810000001191e-02 9.899999999999985478e-01 1.443289932012703503e-15 3.514448999999999796e+04 2.280473295151688944e+03 3.099300000000000000e+04 4.127200000000000000e+04
2.357947691000001483e-02 9.899999999999985478e-01 1.443289932012703503e-15 3.464316000000000349e+04 2.279080984607611299e+03 2.976500000000000000e+04 4.005900000000000000e+04
2.593742460100001770e-02 9.899999999999985478e-01 1.443289932012703503e-15 3.414001999999999680e+04 2.334384659733695571e+03 2.943200000000000000e+04 4.007000000000000000e+04
2.853116706110002052e-02 9.899999999999985478e-01 1.443289932012703503e-15 3.339102999999999884e+04 1.921617092216864648e+03 2.899800000000000000e+04 3.846000000000000000e+04
3.138428376721002361e-02 9.899999999999985478e-01 1.443289932012703503e-15 3.283344000000000233e+04 1.904457388969361773e+03 2.817200000000000000e+04 3.752300000000000000e+04
3.452271214393103083e-02 9.899999999999985478e-01 1.443289932012703503e-15 3.185788999999999942e+04 1.811564770550586900e+03 2.831500000000000000e+04 3.612400000000000000e+04
3.797498335832413807e-02 9.899999999999985478e-01 1.443289932012703503e-15 3.117595999999999913e+04 1.954523071851545183e+03 2.737600000000000000e+04 3.657200000000000000e+04
4.177248169415655188e-02 9.899999999999985478e-01 1.443289932012703503e-15 3.052097000000000116e+04 1.817746888073254240e+03 2.632200000000000000e+04 3.492900000000000000e+04
4.594972986357220845e-02 9.899999999999985478e-01 1.443289932012703503e-15 2.971831999999999971e+04 1.940054916129952971e+03 2.545600000000000000e+04 3.530100000000000000e+04
5.054470284992943624e-02 9.899999999999985478e-01 1.443289932012703503e-15 2.922063000000000102e+04 1.601128531099236852e+03 2.557400000000000000e+04 3.442600000000000000e+04
5.559917313492238750e-02 9.899999999999985478e-01 1.443289932012703503e-15 2.866354000000000087e+04 1.725231726000886965e+03 2.479600000000000000e+04 3.369400000000000000e+04
6.115909044841463110e-02 9.899999999999985478e-01 1.443289932012703503e-15 2.796240999999999985e+04 1.450672858331608722e+03 2.524700000000000000e+04 3.170700000000000000e+04
6.727499949325610462e-02 9.899999999999985478e-01 1.443289932012703503e-15 2.709524000000000160e+04 1.532034093093231604e+03 2.395000000000000000e+04 3.241600000000000000e+04
7.400249944258172063e-02 9.899999999999985478e-01 1.443289932012703503e-15 2.646075000000000000e+04 1.369814136114823441e+03 2.335100000000000000e+04 2.995400000000000000e+04
8.140274938683990380e-02 9.899999999999985478e-01 1.443289932012703503e-15 2.598779999999999927e+04 1.257511956205586102e+03 2.372600000000000000e+04 2.949400000000000000e+04
8.954302432552389834e-02 9.899999999999985478e-01 1.443289932012703503e-15 2.524170000000000073e+04 1.356354109368199261e+03 2.254600000000000000e+04 3.007400000000000000e+04
9.849732675807629234e-02 9.899999999999985478e-01 1.443289932012703503e-15 2.477752000000000044e+04 1.179934629375712348e+03 2.235500000000000000e+04 2.803100000000000000e+04
1.083470594338839244e-01 9.899999999999985478e-01 1.443289932012703503e-15 2.415383000000000175e+04 1.319321219832380393e+03 2.139200000000000000e+04 2.775200000000000000e+04
1.191817653772723196e-01 9.899999999999985478e-01 1.443289932012703503e-15 2.379018999999999869e+04 1.094778129987989587e+03 2.014700000000000000e+04 2.689700000000000000e+04
1.310999419149995737e-01 9.899999999999985478e-01 1.443289932012703503e-15 2.338815000000000146e+04 1.271865884242516813e+03 2.085300000000000000e+04 2.713600000000000000e+04
1.442099361064995422e-01 9.899999999999985478e-01 1.443289932012703503e-15 2.276113000000000102e+04 1.326042779513541973e+03 2.050900000000000000e+04 2.619100000000000000e+04
1.586309297171495103e-01 9.899999999999985478e-01 1.443289932012703503e-15 2.216359999999999854e+04 1.073441912727465933e+03 1.960900000000000000e+04 2.514600000000000000e+04
1.744940226888644641e-01 9.899999999999985478e-01 1.443289932012703503e-15 2.173425000000000000e+04 9.535541345408764755e+02 2.002300000000000000e+04 2.437800000000000000e+04
1.919434249577509355e-01 9.899999999999985478e-01 1.443289932012703503e-15 2.134368000000000029e+04 9.501032773335749653e+02 1.881000000000000000e+04 2.373500000000000000e+04
2.111377674535260540e-01 9.899999999999985478e-01 1.443289932012703503e-15 2.085106999999999971e+04 9.912704500286487246e+02 1.878700000000000000e+04 2.326700000000000000e+04
2.322515441988786677e-01 9.899999999999985478e-01 1.443289932012703503e-15 2.042886000000000058e+04 8.819241466248670349e+02 1.853300000000000000e+04 2.361500000000000000e+04
2.554766986187665401e-01 9.899999999999985478e-01 1.443289932012703503e-15 2.002131000000000131e+04 8.223308907611339009e+02 1.846500000000000000e+04 2.268500000000000000e+04
2.810243684806432163e-01 9.899999999999985478e-01 1.443289932012703503e-15 1.967666999999999825e+04 8.096556435300134353e+02 1.823400000000000000e+04 2.287500000000000000e+04
3.091268053287075657e-01 9.899999999999985478e-01 1.443289932012703503e-15 1.943852000000000044e+04 8.230670747879544251e+02 1.777300000000000000e+04 2.275500000000000000e+04
3.400394858615783389e-01 9.899999999999985478e-01 1.443289932012703503e-15 1.898472000000000116e+04 7.266378751482749294e+02 1.732500000000000000e+04 2.122400000000000000e+04
3.740434344477361894e-01 9.899999999999985478e-01 1.443289932012703503e-15 1.878756999999999971e+04 8.543904406651563477e+02 1.733900000000000000e+04 2.290100000000000000e+04
4.114477778925098583e-01 9.899999999999985478e-01 1.443289932012703503e-15 1.851750000000000000e+04 7.679967643161005526e+02 1.695100000000000000e+04 2.100900000000000000e+04
4.525925556817608775e-01 9.899999999999985478e-01 1.443289932012703503e-15 1.818904999999999927e+04 6.223964070429710773e+02 1.666100000000000000e+04 1.964200000000000000e+04
4.978518112499369930e-01 9.899999999999985478e-01 1.443289932012703503e-15 1.797186999999999898e+04 6.021431500067071738e+02 1.662500000000000000e+04 1.929600000000000000e+04
5.476369923749306867e-01 9.899999999999985478e-01 1.443289932012703503e-15 1.789538000000000102e+04 5.876969930159589239e+02 1.611700000000000000e+04 1.914700000000000000e+04
6.024006916124238220e-01 9.899999999999985478e-01 1.443289932012703503e-15 1.761618999999999869e+04 6.308103153088096633e+02 1.611100000000000000e+04 1.895900000000000000e+04
6.626407607736662930e-01 9.899999999999985478e-01 1.443289932012703503e-15 1.751511000000000058e+04 6.454715159478380428e+02 1.630300000000000000e+04 1.987200000000000000e+04
7.289048368510330222e-01 9.899999999999985478e-01 1.443289932012703503e-15 1.749570000000000073e+04 6.008828754424611134e+02 1.623800000000000000e+04 1.976100000000000000e+04
8.017953205361363356e-01 9.899999999999985478e-01 1.443289932012703503e-15 1.750475999999999840e+04 6.947489635832499744e+02 1.609500000000000000e+04 1.950900000000000000e+04
8.819748525897500580e-01 9.899999999999985478e-01 1.443289932012703503e-15 1.740897999999999956e+04 7.253167994745469969e+02 1.584700000000000000e+04 1.916500000000000000e+04
9.701723378487251415e-01 9.899999999999985478e-01 1.443289932012703503e-15 1.747956999999999971e+04 6.751630359402090562e+02 1.608400000000000000e+04 1.914500000000000000e+04
9.801723378487251503e-01 9.899999999999985478e-01 1.443289932012703503e-15 1.736959000000000015e+04 6.423686183960110156e+02 1.604600000000000000e+04 1.953500000000000000e+04
9.901723378487251592e-01 9.899999999999985478e-01 1.443289932012703503e-15 1.756665000000000146e+04 6.646731584019320280e+02 1.574700000000000000e+04 1.948600000000000000e+04
1.000172337848725057e+00 9.899999999999985478e-01 1.443289932012703503e-15 1.733666999999999825e+04 7.533249638104396126e+02 1.596400000000000000e+04 2.006300000000000000e+04
