1.000000000000000021e-02 9.899999999999985478e-01 1.443289932012703503e-15 5.478209999999999854e+04 4.260848285259638942e+03 4.458500000000000000e+04 6.598100000000000000e+04
1.100000000000000110e-02 9.899999999999985478e-01 1.443289932012703503e-15 5.368162999999999738e+04 3.735122438836510355e+03 4.541000000000000000e+04 6.353900000000000000e+04
1.210000000000000138e-02 9.899999999999985478e-01 1.443289932012703503e-15 5.300434999999999854e+04 3.384604757944418907e+03 4.627200000000000000e+04 6.400500000000000000e+04
1.331000000000000238e-02 9.899999999999985478e-01 1.443289932012703503e-15 5.176316999999999825e+04 3.727986684673108812e+03 4.431100000000000000e+04 6.031500000000000000e+04
1.464100000000000297e-02 9.899999999999985478e-01 1.443289932012703503e-15 5.026944999999999709e+04 3.793744238545871667e+03 4.155100000000000000e+04 6.171400000000000000e+04
1.610510000000000413e-02 9.899999999999985478e-01 1.443289932012703503e-15 5.071766999999999825e+04 3.628820422823372155e+03 4.443000000000000000e+04 6.338400000000000000e+04
1.771561000000000663e-02 9.899999999999985478e-01 1.443289932012703503e-15 4.923356999999999971e+04 3.693565494897850840e+03 4.105100000000000000e+04 5.894900000000000000e+04
1.948717100000000799e-02 9.899999999999985478e-01 1.443289932012703503e-15 4.831730000000000291e+04 3.333978357758190214e+03 4.048200000000000000e+04 5.856100000000000000e+04
2.143588810000001191e-02 9.899999999999985478e-01 1.443289932012703503e-15 4.743486000000000058e+04 3.729593661566900664e+03 3.965100000000000000e+04 5.684900000000000000e+04
2.357947691000001483e-02 9.899999999999985478e-01 1.443289932012703503e-15 4.612922000000000116e+04 3.487164006983324271e+03 3.998700000000000000e+04 5.437800000000000000e+04
2.593742460100001770e-02 9.899999999999985478e-01 1.443289932012703503e-15 4.610655000000000291e+04 3.416387078113369171e+03 3.717500000000000000e+04 5.529200000000000000e+04
2.853116706110002052e-02 9.899999999999985478e-01 1.443289932012703503e-15 4.523483000000000175e+04 3.006630080522045319e+03 3.698100000000000000e+04 5.198000000000000000e+04
3.138428376721002361e-02 9.899999999999985478e-01 1.443289932012703503e-15 4.389444000000000233e+04 3.419949895305484915e+03 3.795400000000000000e+04 5.460000000000000000e+04
3.452271214393103083e-02 9.899999999999985478e-01 1.443289932012703503e-15 4.359255999999999767e+04 3.007943331647057221e+03 3.783900000000000000e+04 5.261400000000000000e+04
3.797498335832413807e-02 9.899999999999985478e-01 1.443289932012703503e-15 4.273355000000000291e+04 3.151307263263930054e+03 3.581400000000000000e+04 5.530200000000000000e+04
4.177248169415655188e-02 9.899999999999985478e-01 1.443289932012703503e-15 4.160648000000000320e+04 2.618719127665279302e+03 3.505000000000000000e+04 4.878600000000000000e+04
4.594972986357220845e-02 9.899999999999985478e-01 1.443289932012703503e-15 4.110605000000000291e+04 2.571363771911706863e+03 3.532500000000000000e+04 4.775200000000000000e+04
5.054470284992943624e-02 9.899999999999985478e-01 1.443289932012703503e-15 4.011688999999999942e+04 2.467162110178413059e+03 3.421400000000000000e+04 4.497400000000000000e+04
5.559917313492238750e-02 9.899999999999985478e-01 1.443289932012703503e-15 3.992433999999999651e+04 2.810966596101774485e+03 3.427600000000000000e+04 4.661900000000000000e+04
6.115909044841463110e-02 9.899999999999985478e-01 1.443289932012703503e-15 3.954748999999999796e+04 2.437283489850944534e+03 3.474900000000000000e+04 4.931600000000000000e+04
6.727499949325610462e-02 9.899999999999985478e-01 1.443289932012703503e-15 3.811080999999999767e+04 2.710283777374613237e+03 3.305400000000000000e+04 4.599300000000000000e+04
7.400249944258172063e-02 9.899999999999985478e-01 1.443289932012703503e-15 3.783684999999999854e+04 2.797277359773249373e+03 3.300900000000000000e+04 4.923300000000000000e+04
8.140274938683990380e-02 9.899999999999985478e-01 1.443289932012703503e-15 3.657908000000000175e+04 2.667207973443391438e+03 3.190600000000000000e+04 4.622000000000000000e+04
8.954302432552389834e-02 9.899999999999985478e-01 1.443289932012703503e-15 3.623451999999999680e+04 2.277766012917042190e+03 3.004200000000000000e+04 4.419500000000000000e+04
9.849732675807629234e-02 9.899999999999985478e-01 1.443289932012703503e-15 3.575476000000000204e+04 2.139467490381661264e+03 3.068700000000000000e+04 4.313300000000000000e+04
1.083470594338839244e-01 9.899999999999985478e-01 1.443289932012703503e-15 3.509436000000000058e+04 2.320937916102021973e+03 3.049600000000000000e+04 4.261200000000000000e+04
1.191817653772723196e-01 9.899999999999985478e-01 1.443289932012703503e-15 3.451836000000000058e+04 2.511705968141971425e+03 3.001400000000000000e+04 4.284400000000000000e+04
1.310999419149995737e-01 9.899999999999985478e-01 1.443289932012703503e-15 3.427969999999999709e+04 2.366226512825854115e+03 3.004400000000000000e+04 4.400000000000000000e+04
1.442099361064995422e-01 9.899999999999985478e-01 1.443289932012703503e-15 3.346373999999999796e+04 2.429290808528283833e+03 2.902600000000000000e+04 4.207500000000000000e+04
1.586309297171495103e-01 9.899999999999985478e-01 1.443289932012703503e-15 3.286483000000000175e+04 1.879387586715417001e+03 2.934300000000000000e+04 3.817700000000000000e+04
1.744940226888644641e-01 9.899999999999985478e-01 1.443289932012703503e-15 3.231788999999999942e+04 1.784155497119014399e+03 2.885500000000000000e+04 3.834400000000000000e+04
1.919434249577509355e-01 9.899999999999985478e-01 1.443289932012703503e-15 3.243831999999999971e+04 2.600592451269517824e+03 2.782500000000000000e+04 4.075300000000000000e+04
2.111377674535260540e-01 9.899999999999985478e-01 1.443289932012703503e-15 3.157556000000000131e+04 2.159205739710785565e+03 2.713400000000000000e+04 3.734800000000000000e+04
2.322515441988786677e-01 9.899999999999985478e-01 1.443289932012703503e-15 3.110759000000000015e+04 2.051385127639371149e+03 2.678400000000000000e+04 3.762200000000000000e+04
2.554766986187665401e-01 9.899999999999985478e-01 1.443289932012703503e-15 3.069479999999999927e+04 1.860080353103058542e+03 2.725700000000000000e+04 3.634500000000000000e+04
2.810243684806432163e-01 9.899999999999985478e-01 1.443289932012703503e-15 3.034720999999999913e+04 2.082428665260828893e+03 2.655800000000000000e+04 3.862400000000000000e+04
3.091268053287075657e-01 9.899999999999985478e-01 1.443289932012703503e-15 2.979004999999999927e+04 1.869594631865421206e+03 2.631700000000000000e+04 3.550400000000000000e+04
3.400394858615783389e-01 9.899999999999985478e-01 1.443289932012703503e-15 2.952375000000000000e+04 2.284603669676646405e+03 2.629400000000000000e+04 3.899700000000000000e+04
3.740434344477361894e-01 9.899999999999985478e-01 1.443289932012703503e-15 2.941236999999999898e+04 1.979989983080722368e+03 2.545000000000000000e+04 3.545600000000000000e+04
4.114477778925098583e-01 9.899999999999985478e-01 1.443289932012703503e-15 2.860506000000000131e+04 1.988410268631702820e+03 2.497100000000000000e+04 3.527300000000000000e+04
4.525925556817608775e-01 9.899999999999985478e-01 1.443289932012703503e-15 2.860554999999999927e+04 1.914797171373511901e+03 2.514900000000000000e+04 3.585400000000000000e+04
4.978518112499369930e-01 9.899999999999985478e-01 1.443289932012703503e-15 2.831684999999999854e+04 1.776892823864174943e+03 2.494300000000000000e+04 3.420800000000000000e+04
5.476369923749306867e-01 9.899999999999985478e-01 1.443289932012703503e-15 2.818322999999999956e+04 1.991906151679842651e+03 2.480400000000000000e+04 3.549100000000000000e+04
6.024006916124238220e-01 9.899999999999985478e-01 1.443289932012703503e-15 2.806450000000000000e+04 1.780525582517701423e+03 2.506900000000000000e+04 3.490400000000000000e+04
6.626407607736662930e-01 9.899999999999985478e-01 1.443289932012703503e-15 2.810145999999999913e+04 2.034904255339793508e+03 2.484500000000000000e+04 3.592900000000000000e+04
7.289048368510330222e-01 9.899999999999985478e-01 1.443289932012703503e-15 2.748608000000000175e+04 1.681191331645509081e+03 2.437600000000000000e+04 3.238900000000000000e+04
8.017953205361363356e-01 9.899999999999985478e-01 1.443289932012703503e-15 2.785913000000000102e+04 1.961428523576630141e+03 2.448200000000000000e+04 3.618600000000000000e+04
8.819748525897500580e-01 9.899999999999985478e-01 1.443289932012703503e-15 2.780163000000000102e+04 1.736216574365076212e+03 2.432000000000000000e+04 3.399600000000000000e+04
9.701723378487251415e-01 9.899999999999985478e-01 1.443289932012703503e-15 2.753541999999999825e+04 1.884525670719292293e+03 2.411900000000000000e+04 3.546700000000000000e+04
9.801723378487251503e-01 9.899999999999985478e-01 1.443289932012703503e-15 2.742329999999999927e+04 1.674333410644367859e+03 2.405300000000000000e+04 3.382400000000000000e+04
9.901723378487251592e-01 9.899999999999985478e-01 1.443289932012703503e-15 2.755179000000000087e+04 1.756674234427089004e+03 2.472200000000000000e+04 3.428500000000000000e+04
1.000172337848725057e+00 9.899999999999985478e-01 1.443289932012703503e-15 2.776809999999999854e+04 2.201119794559123875e+03 2.413500000000000000e+04 4.091300000000000000e+04
