1.000000000000000021e-02 9.899999999999985478e-01 1.443289932012703503e-15 9.890979999999999563e+03 2.821347195933179841e-01 9.890000000000000000e+03 9.892000000000000000e+03
1.100000000000000110e-02 9.899999999999985478e-01 1.443289932012703503e-15 9.891010000000000218e+03 1.729161646579055189e-01 9.890000000000000000e+03 9.892000000000000000e+03
1.210000000000000138e-02 9.899999999999985478e-01 1.443289932012703503e-15 9.890979999999999563e+03 1.989974874213238376e-01 9.890000000000000000e+03 9.892000000000000000e+03
1.331000000000000238e-02 9.899999999999985478e-01 1.443289932012703503e-15 9.890979999999999563e+03 3.155946767611900183e-01 9.890000000000000000e+03 9.892000000000000000e+03
1.464100000000000297e-02 9.899999999999985478e-01 1.443289932012703503e-15 9.891000000000000000e+03 3.464101615137754608e-01 9.890000000000000000e+03 9.892000000000000000e+03
1.610510000000000413e-02 9.899999999999985478e-01 1.443289932012703503e-15 9.891000000000000000e+03 2.828427124746190069e-01 9.890000000000000000e+03 9.892000000000000000e+03
1.771561000000000663e-02 9.899999999999985478e-01 1.443289932012703503e-15 9.891000000000000000e+03 3.162277660168379412e-01 9.890000000000000000e+03 9.892000000000000000e+03
1.948717100000000799e-02 9.899999999999985478e-01 1.443289932012703503e-15 9.890989999999999782e+03 4.357751713900183121e-01 9.889000000000000000e+03 9.893000000000000000e+03
2.143588810000001191e-02 9.899999999999985478e-01 1.443289932012703503e-15 9.890940000000000509e+03 4.431703961232065225e-01 9.890000000000000000e+03 9.892000000000000000e+03
2.357947691000001483e-02 9.899999999999985478e-01 1.443289932012703503e-15 9.890950000000000728e+03 3.840572873934303133e-01 9.889000000000000000e+03 9.892000000000000000e+03
2.593742460100001770e-02 9.899999999999985478e-01 1.443289932012703503e-15 9.891049999999999272e+03 4.092676385936221961e-01 9.890000000000000000e+03 9.892000000000000000e+03
2.853116706110002052e-02 9.899999999999985478e-01 1.443289932012703503e-15 9.890969999999999345e+03 4.572745346069471695e-01 9.889000000000000000e+03 9.892000000000000000e+03
3.138428376721002361e-02 9.899999999999985478e-01 1.443289932012703503e-15 9.891030000000000655e+03 4.572745346069474470e-01 9.889000000000000000e+03 9.892000000000000000e+03
3.452271214393103083e-02 9.899999999999985478e-01 1.443289932012703503e-15 9.891040000000000873e+03 5.276362383309169957e-01 9.890000000000000000e+03 9.893000000000000000e+03
3.797498335832413807e-02 9.899999999999985478e-01 1.443289932012703503e-15 9.891040000000000873e+03 4.673328578219169693e-01 9.890000000000000000e+03 9.892000000000000000e+03
4.177248169415655188e-02 9.899999999999985478e-01 1.443289932012703503e-15 9.891030000000000655e+03 4.786439177509727583e-01 9.890000000000000000e+03 9.892000000000000000e+03
4.594972986357220845e-02 9.899999999999985478e-01 1.443289932012703503e-15 9.890950000000000728e+03 5.361902647381801001e-01 9.889000000000000000e+03 9.893000000000000000e+03
5.054470284992943624e-02 9.899999999999985478e-01 1.443289932012703503e-15 9.891159999999999854e+03 5.953150426454890676e-01 9.890000000000000000e+03 9.893000000000000000e+03
5.559917313492238750e-02 9.899999999999985478e-01 1.443289932012703503e-15 9.890879999999999200e+03 5.344155686354959967e-01 9.889000000000000000e+03 9.892000000000000000e+03
6.115909044841463110e-02 9.899999999999985478e-01 1.443289932012703503e-15 9.891059999999999491e+03 8.697125962063562143e-01 9.888000000000000000e+03 9.893000000000000000e+03
6.727499949325610462e-02 9.899999999999985478e-01 1.443289932012703503e-15 9.890920000000000073e+03 6.273754856543242164e-01 9.889000000000000000e+03 9.893000000000000000e+03
7.400249944258172063e-02 9.899999999999985478e-01 1.443289932012703503e-15 9.891100000000000364e+03 7.280109889280529378e-01 9.889000000000000000e+03 9.893000000000000000e+03
8.140274938683990380e-02 9.899999999999985478e-01 1.443289932012703503e-15 9.890969999999999345e+03 6.396092557178952864e-01 9.889000000000000000e+03 9.893000000000000000e+03
8.954302432552389834e-02 9.899999999999985478e-01 1.443289932012703503e-15 9.891120000000000800e+03 9.195651146058126946e-01 9.888000000000000000e+03 9.893000000000000000e+03
9.849732675807629234e-02 9.899999999999985478e-01 1.443289932012703503e-15 9.891000000000000000e+03 9.165151389911679880e-01 9.889000000000000000e+03 9.893000000000000000e+03
1.083470594338839244e-01 9.899999999999985478e-01 1.443289932012703503e-15 9.891090000000000146e+03 8.377947242612600043e-01 9.889000000000000000e+03 9.894000000000000000e+03
1.191817653772723196e-01 9.899999999999985478e-01 1.443289932012703503e-15 9.890959999999999127e+03 9.687104830649859721e-01 9.888000000000000000e+03 9.894000000000000000e+03
1.310999419149995737e-01 9.899999999999985478e-01 1.443289932012703503e-15 9.890930000000000291e+03 8.631917515824626408e-01 9.888000000000000000e+03 9.893000000000000000e+03
1.442099361064995422e-01 9.899999999999985478e-01 1.443289932012703503e-15 9.891040000000000873e+03 1.085541339608952160e+00 9.888000000000000000e+03 9.894000000000000000e+03
1.586309297171495103e-01 9.899999999999985478e-01 1.443289932012703503e-15 9.891129999999999200e+03 1.045514227545470298e+00 9.888000000000000000e+03 9.894000000000000000e+03
1.744940226888644641e-01 9.899999999999985478e-01 1.443289932012703503e-15 9.890969999999999345e+03 1.053138167573467898e+00 9.887000000000000000e+03 9.893000000000000000e+03
1.919434249577509355e-01 9.899999999999985478e-01 1.443289932012703503e-15 9.891190000000000509e+03 1.154945886178222469e+00 9.888000000000000000e+03 9.894000000000000000e+03
2.111377674535260540e-01 9.899999999999985478e-01 1.443289932012703503e-15 9.891010000000000218e+03 1.187392100361122971e+00 9.888000000000000000e+03 9.894000000000000000e+03
2.322515441988786677e-01 9.899999999999985478e-01 1.443289932012703503e-15 9.890899999999999636e+03 1.212435565298215279e+00 9.887000000000000000e+03 9.894000000000000000e+03
2.554766986187665401e-01 9.899999999999985478e-01 1.443289932012703503e-15 9.891040000000000873e+03 1.303226764611593369e+00 9.888000000000000000e+03 9.894000000000000000e+03
2.810243684806432163e-01 9.899999999999985478e-01 1.443289932012703503e-15 9.890860000000000582e+03 1.341789849417559521e+00 9.887000000000000000e+03 9.893000000000000000e+03
3.091268053287075657e-01 9.899999999999985478e-01 1.443289932012703503e-15 9.891069999999999709e+03 1.251039567719583356e+00 9.887000000000000000e+03 9.894000000000000000e+03
3.400394858615783389e-01 9.899999999999985478e-01 1.443289932012703503e-15 9.890920000000000073e+03 1.426043477598070153e+00 9.887000000000000000e+03 9.895000000000000000e+03
3.740434344477361894e-01 9.899999999999985478e-01 1.443289932012703503e-15 9.891040000000000873e+03 1.542206211892561241e+00 9.887000000000000000e+03 9.894000000000000000e+03
4.114477778925098583e-01 9.899999999999985478e-01 1.443289932012703503e-15 9.891200000000000728e+03 1.600000000000001643e+00 9.885000000000000000e+03 9.895000000000000000e+03
4.525925556817608775e-01 9.899999999999985478e-01 1.443289932012703503e-15 9.891049999999999272e+03 1.633248297106109526e+00 9.887000000000000000e+03 9.894000000000000000e+03
4.978518112499369930e-01 9.899999999999985478e-01 1.443289932012703503e-15 9.890920000000000073e+03 1.597998748435053518e+00 9.884000000000000000e+03 9.895000000000000000e+03
5.476369923749306867e-01 9.899999999999985478e-01 1.443289932012703503e-15 9.891129999999999200e+03 1.566237529878530710e+00 9.886000000000000000e+03 9.894000000000000000e+03
6.024006916124238220e-01 9.899999999999985478e-01 1.443289932012703503e-15 9.890750000000000000e+03 1.807622748252521783e+00 9.886000000000000000e+03 9.894000000000000000e+03
6.626407607736662930e-01 9.899999999999985478e-01 1.443289932012703503e-15 9.890559999999999491e+03 2.108648856495553670e+00 9.883000000000000000e+03 9.895000000000000000e+03
7.289048368510330222e-01 9.899999999999985478e-01 1.443289932012703503e-15 9.891120000000000800e+03 1.882976367350371660e+00 9.885000000000000000e+03 9.894000000000000000e+03
8.017953205361363356e-01 9.899999999999985478e-01 1.443289932012703503e-15 9.891159999999999854e+03 1.803995565404746815e+00 9.886000000000000000e+03 9.895000000000000000e+03
8.819748525897500580e-01 9.899999999999985478e-01 1.443289932012703503e-15 9.890930000000000291e+03 1.861477907470298954e+00 9.887000000000000000e+03 9.895000000000000000e+03
9.701723378487251415e-01 9.899999999999985478e-01 1.443289932012703503e-15 9.890969999999999345e+03 1.972080120076261878e+00 9.885000000000000000e+03 9.895000000000000000e+03
9.801723378487251503e-01 9.899999999999985478e-01 1.443289932012703503e-15 9.890979999999999563e+03 2.014844907182683276e+00 9.886000000000000000e+03 9.894000000000000000e+03
9.901723378487251592e-01 9.899999999999985478e-01 1.443289932012703503e-15 9.891190000000000509e+03 1.831365610685098844e+00 9.887000000000000000e+03 9.895000000000000000e+03
1.000172337848725057e+00 9.899999999999985478e-01 1.443289932012703503e-15 9.891030000000000655e+03 2.032018700701350156e+00 9.885000000000000000e+03 9.895000000000000000e+03
