1.000000000000000021e-02 9.899999999999985478e-01 1.443289932012703503e-15 7.346349000000000524e+04 3.927714372239916884e+03 6.446900000000000000e+04 8.481400000000000000e+04
1.100000000000000110e-02 9.899999999999985478e-01 1.443289932012703503e-15 7.162758000000000175e+04 3.378205056475997480e+03 6.410900000000000000e+04 7.916000000000000000e+04
1.210000000000000138e-02 9.899999999999985478e-01 1.443289932012703503e-15 7.140296000000000640e+04 4.124679325523377884e+03 6.339500000000000000e+04 8.517700000000000000e+04
1.331000000000000238e-02 9.899999999999985478e-01 1.443289932012703503e-15 7.025030000000000291e+04 4.098512680229256148e+03 5.848600000000000000e+04 7.959900000000000000e+04
1.464100000000000297e-02 9.899999999999985478e-01 1.443289932012703503e-15 6.970278999999999360e+04 3.814359889404772275e+03 6.141700000000000000e+04 8.021000000000000000e+04
1.610510000000000413e-02 9.899999999999985478e-01 1.443289932012703503e-15 6.872233999999999651e+04 3.751712972016915955e+03 6.131200000000000000e+04 7.890300000000000000e+04
1.771561000000000663e-02 9.899999999999985478e-01 1.443289932012703503e-15 6.744702000000000407e+04 4.003230732745741534e+03 5.781100000000000000e+04 8.142300000000000000e+04
1.948717100000000799e-02 9.899999999999985478e-01 1.443289932012703503e-15 6.656180000000000291e+04 3.971930759718754416e+03 5.785700000000000000e+04 7.618800000000000000e+04
2.143588810000001191e-02 9.899999999999985478e-01 1.443289932012703503e-15 6.571758000000000175e+04 3.595332115896945197e+03 5.781300000000000000e+04 7.372000000000000000e+04
2.357947691000001483e-02 9.899999999999985478e-01 1.443289932012703503e-15 6.476805000000000291e+04 3.279315036329996019e+03 5.830900000000000000e+04 7.497200000000000000e+04
2.593742460100001770e-02 9.899999999999985478e-01 1.443289932012703503e-15 6.392673000000000320e+04 3.543453193863297201e+03 5.660400000000000000e+04 7.812300000000000000e+04
2.853116706110002052e-02 9.899999999999985478e-01 1.443289932012703503e-15 6.253631999999999971e+04 3.777786211208886925e+03 5.584100000000000000e+04 7.756300000000000000e+04
3.138428376721002361e-02 9.899999999999985478e-01 1.443289932012703503e-15 6.241137000000000262e+04 3.021438417889730317e+03 5.583400000000000000e+04 7.167500000000000000e+04
3.452271214393103083e-02 9.899999999999985478e-01 1.443289932012703503e-15 6.134050000000000000e+04 2.654808993129260671e+03 5.470100000000000000e+04 6.925000000000000000e+04
3.797498335832413807e-02 9.899999999999985478e-01 1.443289932012703503e-15 6.066952999999999884e+04 3.245987164038083392e+03 5.435100000000000000e+04 6.967100000000000000e+04
4.177248169415655188e-02 9.899999999999985478e-01 1.443289932012703503e-15 5.987163999999999942e+04 3.196934004698877288e+03 5.343300000000000000e+04 6.985100000000000000e+04
4.594972986357220845e-02 9.899999999999985478e-01 1.443289932012703503e-15 5.898151999999999680e+04 2.870025733264425526e+03 5.150200000000000000e+04 6.694800000000000000e+04
5.054470284992943624e-02 9.899999999999985478e-01 1.443289932012703503e-15 5.826676000000000204e+04 2.810789604790796602e+03 5.062300000000000000e+04 6.553300000000000000e+04
5.559917313492238750e-02 9.899999999999985478e-01 1.443289932012703503e-15 5.743820999999999913e+04 3.200298465127902091e+03 5.167700000000000000e+04 6.600600000000000000e+04
6.115909044841463110e-02 9.899999999999985478e-01 1.443289932012703503e-15 5.679412999999999738e+04 3.226329377651946743e+03 5.036000000000000000e+04 6.803200000000000000e+04
6.727499949325610462e-02 9.899999999999985478e-01 1.443289932012703503e-15 5.599868000000000029e+04 2.881962188787354989e+03 4.810300000000000000e+04 6.480600000000000000e+04
7.400249944258172063e-02 9.899999999999985478e-01 1.443289932012703503e-15 5.509323999999999796e+04 2.849995284627677847e+03 4.908400000000000000e+04 6.399600000000000000e+04
8.140274938683990380e-02 9.899999999999985478e-01 1.443289932012703503e-15 5.370430000000000291e+04 2.567781090747417693e+03 4.738300000000000000e+04 6.189400000000000000e+04
8.954302432552389834e-02 9.899999999999985478e-01 1.443289932012703503e-15 5.339441000000000349e+04 2.446440079360211712e+03 4.873000000000000000e+04 6.033500000000000000e+04
9.849732675807629234e-02 9.899999999999985478e-01 1.443289932012703503e-15 5.247675000000000000e+04 2.753278864826445442e+03 4.769500000000000000e+04 6.026300000000000000e+04
1.083470594338839244e-01 9.899999999999985478e-01 1.443289932012703503e-15 5.130712000000000262e+04 2.451744053852277375e+03 4.618900000000000000e+04 6.029100000000000000e+04
1.191817653772723196e-01 9.899999999999985478e-01 1.443289932012703503e-15 5.088923000000000320e+04 2.636637479271657867e+03 4.605600000000000000e+04 6.117100000000000000e+04
1.310999419149995737e-01 9.899999999999985478e-01 1.443289932012703503e-15 5.015136000000000058e+04 2.165959808122024697e+03 4.405300000000000000e+04 5.628100000000000000e+04
1.442099361064995422e-01 9.899999999999985478e-01 1.443289932012703503e-15 4.934297000000000116e+04 2.469667198045112400e+03 4.341900000000000000e+04 5.773800000000000000e+04
1.586309297171495103e-01 9.899999999999985478e-01 1.443289932012703503e-15 4.876116999999999825e+04 2.610752175351004098e+03 4.282200000000000000e+04 5.756500000000000000e+04
1.744940226888644641e-01 9.899999999999985478e-01 1.443289932012703503e-15 4.772947000000000116e+04 2.509502892825590152e+03 4.262000000000000000e+04 5.375400000000000000e+04
1.919434249577509355e-01 9.899999999999985478e-01 1.443289932012703503e-15 4.636394999999999709e+04 2.061708211047334316e+03 4.253300000000000000e+04 5.260500000000000000e+04
2.111377674535260540e-01 9.899999999999985478e-01 1.443289932012703503e-15 4.581876000000000204e+04 2.307242605882614498e+03 4.057000000000000000e+04 5.179000000000000000e+04
2.322515441988786677e-01 9.899999999999985478e-01 1.443289932012703503e-15 4.522450000000000000e+04 2.352664644610446885e+03 4.054600000000000000e+04 5.119500000000000000e+04
2.554766986187665401e-01 9.899999999999985478e-01 1.443289932012703503e-15 4.495208999999999651e+04 2.189359651108058642e+03 4.130500000000000000e+04 5.284800000000000000e+04
2.810243684806432163e-01 9.899999999999985478e-01 1.443289932012703503e-15 4.393641000000000349e+04 2.123290621158582780e+03 3.930000000000000000e+04 5.060700000000000000e+04
3.091268053287075657e-01 9.899999999999985478e-01 1.443289932012703503e-15 4.295791999999999825e+04 1.719897774171477067e+03 3.910900000000000000e+04 4.908000000000000000e+04
3.400394858615783389e-01 9.899999999999985478e-01 1.443289932012703503e-15 4.317129000000000087e+04 2.240911414112570583e+03 3.932900000000000000e+04 4.928800000000000000e+04
3.740434344477361894e-01 9.899999999999985478e-01 1.443289932012703503e-15 4.235479000000000087e+04 1.801783634596562933e+03 3.867300000000000000e+04 4.957900000000000000e+04
4.114477778925098583e-01 9.899999999999985478e-01 1.443289932012703503e-15 4.189030999999999767e+04 2.093007404167505683e+03 3.717700000000000000e+04 4.795600000000000000e+04
4.525925556817608775e-01 9.899999999999985478e-01 1.443289932012703503e-15 4.120200000000000000e+04 1.926406135787570747e+03 3.759900000000000000e+04 4.718000000000000000e+04
4.978518112499369930e-01 9.899999999999985478e-01 1.443289932012703503e-15 4.068480000000000291e+04 1.722647166427298316e+03 3.619900000000000000e+04 4.670700000000000000e+04
5.476369923749306867e-01 9.899999999999985478e-01 1.443289932012703503e-15 4.033512000000000262e+04 1.601882063573969617e+03 3.625200000000000000e+04 4.653000000000000000e+04
6.024006916124238220e-01 9.899999999999985478e-01 1.443289932012703503e-15 3.993555000000000291e+04 1.672213798382252435e+03 3.675600000000000000e+04 4.715700000000000000e+04
6.626407607736662930e-01 9.899999999999985478e-01 1.443289932012703503e-15 3.987670999999999913e+04 2.091019073538067914e+03 3.643600000000000000e+04 4.967400000000000000e+04
7.289048368510330222e-01 9.899999999999985478e-01 1.443289932012703503e-15 3.983301999999999680e+04 1.981696147142643895e+03 3.666500000000000000e+04 4.770100000000000000e+04
8.017953205361363356e-01 9.899999999999985478e-01 1.443289932012703503e-15 3.989131999999999971e+04 1.917137271454498432e+03 3.652800000000000000e+04 4.605700000000000000e+04
8.819748525897500580e-01 9.899999999999985478e-01 1.443289932012703503e-15 3.993176999999999680e+04 2.347672625623087242e+03 3.585300000000000000e+04 4.977500000000000000e+04
9.701723378487251415e-01 9.899999999999985478e-01 1.443289932012703503e-15 4.005108000000000175e+04 2.116402072764057721e+03 3.635500000000000000e+04 4.667000000000000000e+04
9.801723378487251503e-01 9.899999999999985478e-01 1.443289932012703503e-15 3.932262999999999738e+04 1.899806756778172712e+03 3.555200000000000000e+04 4.975800000000000000e+04
9.901723378487251592e-01 9.899999999999985478e-01 1.443289932012703503e-15 3.943255999999999767e+04 2.027023020688221095e+03 3.603500000000000000e+04 4.507200000000000000e+04
1.000172337848725057e+00 9.899999999999985478e-01 1.443289932012703503e-15 3.988870999999999913e+04 2.248089781547881557e+03 3.605300000000000000e+04 5.086800000000000000e+04
