1.000000000000000021e-02 9.899999999999985478e-01 1.443289932012703503e-15 9.891040000000000873e+03 3.440930106817044476e-01 9.889000000000000000e+03 9.892000000000000000e+03
1.100000000000000110e-02 9.899999999999985478e-01 1.443289932012703503e-15 9.891030000000000655e+03 2.628687885618983255e-01 9.890000000000000000e+03 9.892000000000000000e+03
1.210000000000000138e-02 9.899999999999985478e-01 1.443289932012703503e-15 9.890989999999999782e+03 2.998332870112989657e-01 9.889000000000000000e+03 9.892000000000000000e+03
1.331000000000000238e-02 9.899999999999985478e-01 1.443289932012703503e-15 9.891010000000000218e+03 3.604164258188021219e-01 9.889000000000000000e+03 9.892000000000000000e+03
1.464100000000000297e-02 9.899999999999985478e-01 1.443289932012703503e-15 9.891000000000000000e+03 3.464101615137754608e-01 9.890000000000000000e+03 9.892000000000000000e+03
1.610510000000000413e-02 9.899999999999985478e-01 1.443289932012703503e-15 9.891010000000000218e+03 2.998332870112991877e-01 9.890000000000000000e+03 9.892000000000000000e+03
1.771561000000000663e-02 9.899999999999985478e-01 1.443289932012703503e-15 9.891000000000000000e+03 3.162277660168379412e-01 9.890000000000000000e+03 9.892000000000000000e+03
1.948717100000000799e-02 9.899999999999985478e-01 1.443289932012703503e-15 9.891010000000000218e+03 3.871692136521192595e-01 9.890000000000000000e+03 9.892000000000000000e+03
2.143588810000001191e-02 9.899999999999985478e-01 1.443289932012703503e-15 9.891049999999999272e+03 4.092676385936222516e-01 9.890000000000000000e+03 9.892000000000000000e+03
2.357947691000001483e-02 9.899999999999985478e-01 1.443289932012703503e-15 9.891010000000000218e+03 4.794788837894738975e-01 9.890000000000000000e+03 9.892000000000000000e+03
2.593742460100001770e-02 9.899999999999985478e-01 1.443289932012703503e-15 9.891020000000000437e+03 4.686149805543986524e-01 9.890000000000000000e+03 9.893000000000000000e+03
2.853116706110002052e-02 9.899999999999985478e-01 1.443289932012703503e-15 9.891049999999999272e+03 4.769696007084725520e-01 9.889000000000000000e+03 9.892000000000000000e+03
3.138428376721002361e-02 9.899999999999985478e-01 1.443289932012703503e-15 9.890979999999999563e+03 5.996665740225982644e-01 9.888000000000000000e+03 9.892000000000000000e+03
3.452271214393103083e-02 9.899999999999985478e-01 1.443289932012703503e-15 9.891040000000000873e+03 3.979949748426478973e-01 9.890000000000000000e+03 9.893000000000000000e+03
3.797498335832413807e-02 9.899999999999985478e-01 1.443289932012703503e-15 9.891000000000000000e+03 5.830951894845300965e-01 9.889000000000000000e+03 9.892000000000000000e+03
4.177248169415655188e-02 9.899999999999985478e-01 1.443289932012703503e-15 9.890950000000000728e+03 6.062177826491066401e-01 9.889000000000000000e+03 9.892000000000000000e+03
4.594972986357220845e-02 9.899999999999985478e-01 1.443289932012703503e-15 9.891079999999999927e+03 6.273754856543244385e-01 9.889000000000000000e+03 9.893000000000000000e+03
5.054470284992943624e-02 9.899999999999985478e-01 1.443289932012703503e-15 9.891069999999999709e+03 6.042350536008315176e-01 9.889000000000000000e+03 9.892000000000000000e+03
5.559917313492238750e-02 9.899999999999985478e-01 1.443289932012703503e-15 9.890850000000000364e+03 8.291561975888509517e-01 9.888000000000000000e+03 9.893000000000000000e+03
6.115909044841463110e-02 9.899999999999985478e-01 1.443289932012703503e-15 9.890920000000000073e+03 6.431174076325406608e-01 9.889000000000000000e+03 9.893000000000000000e+03
6.727499949325610462e-02 9.899999999999985478e-01 1.443289932012703503e-15 9.890940000000000509e+03 6.606057825965503394e-01 9.889000000000000000e+03 9.893000000000000000e+03
7.400249944258172063e-02 9.899999999999985478e-01 1.443289932012703503e-15 9.891049999999999272e+03 8.874119674649421086e-01 9.888000000000000000e+03 9.893000000000000000e+03
8.140274938683990380e-02 9.899999999999985478e-01 1.443289932012703503e-15 9.890989999999999782e+03 7.680494775728965440e-01 9.889000000000000000e+03 9.893000000000000000e+03
8.954302432552389834e-02 9.899999999999985478e-01 1.443289932012703503e-15 9.891010000000000218e+03 7.415524256584961060e-01 9.889000000000000000e+03 9.893000000000000000e+03
9.849732675807629234e-02 9.899999999999985478e-01 1.443289932012703503e-15 9.890920000000000073e+03 8.328265125462799290e-01 9.888000000000000000e+03 9.893000000000000000e+03
1.083470594338839244e-01 9.899999999999985478e-01 1.443289932012703503e-15 9.890969999999999345e+03 9.322553298319085080e-01 9.888000000000000000e+03 9.894000000000000000e+03
1.191817653772723196e-01 9.899999999999985478e-01 1.443289932012703503e-15 9.891059999999999491e+03 9.881295461628500920e-01 9.888000000000000000e+03 9.894000000000000000e+03
1.310999419149995737e-01 9.899999999999985478e-01 1.443289932012703503e-15 9.890989999999999782e+03 1.004937809021035466e+00 9.888000000000000000e+03 9.894000000000000000e+03
1.442099361064995422e-01 9.899999999999985478e-01 1.443289932012703503e-15 9.891010000000000218e+03 9.643132271207314199e-01 9.888000000000000000e+03 9.893000000000000000e+03
1.586309297171495103e-01 9.899999999999985478e-01 1.443289932012703503e-15 9.890829999999999927e+03 1.233328828820601686e+00 9.888000000000000000e+03 9.894000000000000000e+03
1.744940226888644641e-01 9.899999999999985478e-01 1.443289932012703503e-15 9.891010000000000218e+03 1.228779882647823563e+00 9.887000000000000000e+03 9.894000000000000000e+03
1.919434249577509355e-01 9.899999999999985478e-01 1.443289932012703503e-15 9.890989999999999782e+03 1.236891264420603376e+00 9.888000000000000000e+03 9.894000000000000000e+03
2.111377674535260540e-01 9.899999999999985478e-01 1.443289932012703503e-15 9.891059999999999491e+03 1.206813987323646975e+00 9.888000000000000000e+03 9.894000000000000000e+03
2.322515441988786677e-01 9.899999999999985478e-01 1.443289932012703503e-15 9.891190000000000509e+03 1.230406436914242674e+00 9.887000000000000000e+03 9.894000000000000000e+03
2.554766986187665401e-01 9.899999999999985478e-01 1.443289932012703503e-15 9.890889999999999418e+03 1.165289663560095113e+00 9.888000000000000000e+03 9.894000000000000000e+03
2.810243684806432163e-01 9.899999999999985478e-01 1.443289932012703503e-15 9.890860000000000582e+03 1.349221998041834070e+00 9.887000000000000000e+03 9.894000000000000000e+03
3.091268053287075657e-01 9.899999999999985478e-01 1.443289932012703503e-15 9.891149999999999636e+03 1.458595214581483113e+00 9.888000000000000000e+03 9.894000000000000000e+03
3.400394858615783389e-01 9.899999999999985478e-01 1.443289932012703503e-15 9.891129999999999200e+03 1.411771936255995064e+00 9.887000000000000000e+03 9.895000000000000000e+03
3.740434344477361894e-01 9.899999999999985478e-01 1.443289932012703503e-15 9.891090000000000146e+03 1.463523146383409301e+00 9.886000000000000000e+03 9.894000000000000000e+03
4.114477778925098583e-01 9.899999999999985478e-01 1.443289932012703503e-15 9.890790000000000873e+03 1.614280025274426711e+00 9.886000000000000000e+03 9.894000000000000000e+03
4.525925556817608775e-01 9.899999999999985478e-01 1.443289932012703503e-15 9.890809999999999491e+03 1.730288993203159764e+00 9.885000000000000000e+03 9.894000000000000000e+03
4.978518112499369930e-01 9.899999999999985478e-01 1.443289932012703503e-15 9.891120000000000800e+03 1.692808317559906461e+00 9.888000000000000000e+03 9.894000000000000000e+03
5.476369923749306867e-01 9.899999999999985478e-01 1.443289932012703503e-15 9.890950000000000728e+03 1.935846068260596020e+00 9.887000000000000000e+03 9.895000000000000000e+03
6.024006916124238220e-01 9.899999999999985478e-01 1.443289932012703503e-15 9.891090000000000146e+03 1.569044295104505160e+00 9.887000000000000000e+03 9.895000000000000000e+03
6.626407607736662930e-01 9.899999999999985478e-01 1.443289932012703503e-15 9.891040000000000873e+03 1.743100685560074359e+00 9.886000000000000000e+03 9.894000000000000000e+03
7.289048368510330222e-01 9.899999999999985478e-01 1.443289932012703503e-15 9.890780000000000655e+03 1.706341114783325397e+00 9.885000000000000000e+03 9.895000000000000000e+03
8.017953205361363356e-01 9.899999999999985478e-01 1.443289932012703503e-15 9.891030000000000655e+03 2.007261816505262253e+00 9.884000000000000000e+03 9.895000000000000000e+03
8.819748525897500580e-01 9.899999999999985478e-01 1.443289932012703503e-15 9.891000000000000000e+03 1.886796226411320720e+00 9.884000000000000000e+03 9.895000000000000000e+03
9.701723378487251415e-01 9.899999999999985478e-01 1.443289932012703503e-15 9.891420000000000073e+03 1.668412419037929917e+00 9.886000000000000000e+03 9.895000000000000000e+03
9.801723378487251503e-01 9.899999999999985478e-01 1.443289932012703503e-15 9.891020000000000437e+03 2.186229631122951655e+00 9.884000000000000000e+03 9.895000000000000000e+03
9.901723378487251592e-01 9.899999999999985478e-01 1.443289932012703503e-15 9.890850000000000364e+03 2.056088519495207212e+00 9.886000000000000000e+03 9.895000000000000000e+03
1.000172337848725057e+00 9.899999999999985478e-01 1.443289932012703503e-15 9.890899999999999636e+03 1.946792233393176419e+00 9.885000000000000000e+03 9.895000000000000000e+03
