1.000000000000000021e-02 9.899999999999985478e-01 1.443289932012703503e-15 5.092279000000000087e+04 3.332582260935203067e+03 4.161900000000000000e+04 5.919300000000000000e+04
1.100000000000000110e-02 9.899999999999985478e-01 1.443289932012703503e-15 4.977008000000000175e+04 3.818574903494758473e+03 3.910700000000000000e+04 6.060400000000000000e+04
1.210000000000000138e-02 9.899999999999985478e-01 1.443289932012703503e-15 4.917376000000000204e+04 3.940756146020709821e+03 4.214900000000000000e+04 6.214800000000000000e+04
1.331000000000000238e-02 9.899999999999985478e-01 1.443289932012703503e-15 4.877916000000000349e+04 3.918266046914120579e+03 3.997200000000000000e+04 6.099000000000000000e+04
1.464100000000000297e-02 9.899999999999985478e-01 1.443289932012703503e-15 4.749358000000000175e+04 3.197186513733598531e+03 4.052900000000000000e+04 5.595400000000000000e+04
1.610510000000000413e-02 9.899999999999985478e-01 1.443289932012703503e-15 4.642745999999999913e+04 4.234651637195201147e+03 3.899200000000000000e+04 6.297300000000000000e+04
1.771561000000000663e-02 9.899999999999985478e-01 1.443289932012703503e-15 4.600455999999999767e+04 3.181976789104533509e+03 3.982600000000000000e+04 5.550000000000000000e+04
1.948717100000000799e-02 9.899999999999985478e-01 1.443289932012703503e-15 4.423155000000000291e+04 3.187491459988559654e+03 3.802500000000000000e+04 5.342000000000000000e+04
2.143588810000001191e-02 9.899999999999985478e-01 1.443289932012703503e-15 4.439327999999999884e+04 3.503151178810301190e+03 3.819500000000000000e+04 5.300500000000000000e+04
2.357947691000001483e-02 9.899999999999985478e-01 1.443289932012703503e-15 4.285600000000000000e+04 3.610485496439502185e+03 3.327300000000000000e+04 5.898300000000000000e+04
2.593742460100001770e-02 9.899999999999985478e-01 1.443289932012703503e-15 4.230080999999999767e+04 3.031356771134008341e+03 3.554400000000000000e+04 4.869100000000000000e+04
2.853116706110002052e-02 9.899999999999985478e-01 1.443289932012703503e-15 4.152630999999999767e+04 2.747887281876750876e+03 3.592300000000000000e+04 4.902800000000000000e+04
3.138428376721002361e-02 9.899999999999985478e-01 1.443289932012703503e-15 4.041137999999999738e+04 2.962079579552176256e+03 3.344200000000000000e+04 4.901000000000000000e+04
3.452271214393103083e-02 9.899999999999985478e-01 1.443289932012703503e-15 3.956894999999999709e+04 2.899948162898778264e+03 3.219500000000000000e+04 4.765400000000000000e+04
3.797498335832413807e-02 9.899999999999985478e-01 1.443289932012703503e-15 3.862983000000000175e+04 2.831818910364856038e+03 3.346100000000000000e+04 4.725700000000000000e+04
4.177248169415655188e-02 9.899999999999985478e-01 1.443289932012703503e-15 3.779129000000000087e+04 2.887166743695278910e+03 3.110800000000000000e+04 4.419900000000000000e+04
4.594972986357220845e-02 9.899999999999985478e-01 1.443289932012703503e-15 3.750062999999999738e+04 2.705311925286990117e+03 3.140900000000000000e+04 4.620400000000000000e+04
5.054470284992943624e-02 9.899999999999985478e-01 1.443289932012703503e-15 3.632780000000000291e+04 2.769684989308351305e+03 3.070000000000000000e+04 4.614400000000000000e+04
5.559917313492238750e-02 9.899999999999985478e-01 1.443289932012703503e-15 3.595952999999999884e+04 2.955214261115427234e+03 2.963100000000000000e+04 4.344200000000000000e+04
6.115909044841463110e-02 9.899999999999985478e-01 1.443289932012703503e-15 3.508027999999999884e+04 2.790073053093771705e+03 3.063800000000000000e+04 4.635600000000000000e+04
6.727499949325610462e-02 9.899999999999985478e-01 1.443289932012703503e-15 3.414479000000000087e+04 2.830199018779420840e+03 2.838600000000000000e+04 4.449100000000000000e+04
7.400249944258172063e-02 9.899999999999985478e-01 1.443289932012703503e-15 3.389829000000000087e+04 2.742713941682580753e+03 2.850100000000000000e+04 4.861200000000000000e+04
8.140274938683990380e-02 9.899999999999985478e-01 1.443289932012703503e-15 3.300173999999999796e+04 2.514547639715739933e+03 2.806200000000000000e+04 4.049200000000000000e+04
8.954302432552389834e-02 9.899999999999985478e-01 1.443289932012703503e-15 3.211850999999999840e+04 2.201679143267701875e+03 2.719100000000000000e+04 3.744900000000000000e+04
9.849732675807629234e-02 9.899999999999985478e-01 1.443289932012703503e-15 3.197084999999999854e+04 2.647101571058428362e+03 2.671800000000000000e+04 4.061800000000000000e+04
1.083470594338839244e-01 9.899999999999985478e-01 1.443289932012703503e-15 3.140959000000000015e+04 2.443287461986411017e+03 2.571100000000000000e+04 3.893400000000000000e+04
1.191817653772723196e-01 9.899999999999985478e-01 1.443289932012703503e-15 3.077329000000000087e+04 2.797097110559445355e+03 2.659700000000000000e+04 4.689700000000000000e+04
1.310999419149995737e-01 9.899999999999985478e-01 1.443289932012703503e-15 2.984597000000000116e+04 2.551410023712377551e+03 2.480000000000000000e+04 3.915500000000000000e+04
1.442099361064995422e-01 9.899999999999985478e-01 1.443289932012703503e-15 2.943979000000000087e+04 2.303446180378434747e+03 2.516600000000000000e+04 3.445600000000000000e+04
1.586309297171495103e-01 9.899999999999985478e-01 1.443289932012703503e-15 2.892940999999999985e+04 2.147426497438271326e+03 2.476500000000000000e+04 3.553900000000000000e+04
1.744940226888644641e-01 9.899999999999985478e-01 1.443289932012703503e-15 2.802238999999999942e+04 1.859498587764991726e+03 2.406200000000000000e+04 3.310200000000000000e+04
1.919434249577509355e-01 9.899999999999985478e-01 1.443289932012703503e-15 2.738758000000000175e+04 1.859467241873327339e+03 2.408500000000000000e+04 3.482000000000000000e+04
2.111377674535260540e-01 9.899999999999985478e-01 1.443289932012703503e-15 2.742731000000000131e+04 1.781498884058028352e+03 2.456400000000000000e+04 3.328100000000000000e+04
2.322515441988786677e-01 9.899999999999985478e-01 1.443289932012703503e-15 2.666929000000000087e+04 2.148427603132113745e+03 2.318600000000000000e+04 3.557700000000000000e+04
2.554766986187665401e-01 9.899999999999985478e-01 1.443289932012703503e-15 2.634377000000000044e+04 2.455733771625092231e+03 2.174000000000000000e+04 3.673400000000000000e+04
2.810243684806432163e-01 9.899999999999985478e-01 1.443289932012703503e-15 2.596609999999999854e+04 2.187378323473102682e+03 2.225500000000000000e+04 3.608800000000000000e+04
3.091268053287075657e-01 9.899999999999985478e-01 1.443289932012703503e-15 2.521147000000000116e+04 1.640120882465679870e+03 2.144800000000000000e+04 3.218800000000000000e+04
3.400394858615783389e-01 9.899999999999985478e-01 1.443289932012703503e-15 2.524245000000000073e+04 1.865744748753161730e+03 2.205500000000000000e+04 3.411300000000000000e+04
3.740434344477361894e-01 9.899999999999985478e-01 1.443289932012703503e-15 2.517020000000000073e+04 2.181399660768287504e+03 2.174300000000000000e+04 3.425300000000000000e+04
4.114477778925098583e-01 9.899999999999985478e-01 1.443289932012703503e-15 2.454400999999999840e+04 2.003390503596340750e+03 2.008300000000000000e+04 3.007000000000000000e+04
4.525925556817608775e-01 9.899999999999985478e-01 1.443289932012703503e-15 2.465036999999999898e+04 2.137672078009160032e+03 2.134500000000000000e+04 3.268300000000000000e+04
4.978518112499369930e-01 9.899999999999985478e-01 1.443289932012703503e-15 2.413174000000000160e+04 2.025145889164531127e+03 2.099900000000000000e+04 3.056600000000000000e+04
5.476369923749306867e-01 9.899999999999985478e-01 1.443289932012703503e-15 2.398309000000000015e+04 1.951517768789206002e+03 2.094700000000000000e+04 3.105500000000000000e+04
6.024006916124238220e-01 9.899999999999985478e-01 1.443289932012703503e-15 2.364429000000000087e+04 1.826438059694332878e+03 2.070600000000000000e+04 3.047400000000000000e+04
6.626407607736662930e-01 9.899999999999985478e-01 1.443289932012703503e-15 2.367513000000000102e+04 1.839741583239341935e+03 2.011900000000000000e+04 2.888300000000000000e+04
7.289048368510330222e-01 9.899999999999985478e-01 1.443289932012703503e-15 2.351056999999999971e+04 1.758997255569206573e+03 2.056800000000000000e+04 2.926900000000000000e+04
8.017953205361363356e-01 9.899999999999985478e-01 1.443289932012703503e-15 2.327479000000000087e+04 1.793367208883891408e+03 1.982400000000000000e+04 2.967000000000000000e+04
8.819748525897500580e-01 9.899999999999985478e-01 1.443289932012703503e-15 2.354554999999999927e+04 2.261367844358807815e+03 2.008800000000000000e+04 3.345100000000000000e+04
9.701723378487251415e-01 9.899999999999985478e-01 1.443289932012703503e-15 2.343154999999999927e+04 2.325360476893851228e+03 1.967400000000000000e+04 3.448300000000000000e+04
9.801723378487251503e-01 9.899999999999985478e-01 1.443289932012703503e-15 2.377136000000000058e+04 2.050191232641481747e+03 2.013300000000000000e+04 2.962600000000000000e+04
9.901723378487251592e-01 9.899999999999985478e-01 1.443289932012703503e-15 2.350256999999999971e+04 2.014369351707873648e+03 2.083000000000000000e+04 3.380400000000000000e+04
1.000172337848725057e+00 9.899999999999985478e-01 1.443289932012703503e-15 2.328034999999999854e+04 1.822274739851266531e+03 2.020900000000000000e+04 3.054400000000000000e+04
