1.000000000000000021e-02 9.899999999999985478e-01 1.443289932012703503e-15 5.324305999999999767e+04 3.724078462707250765e+03 4.363700000000000000e+04 6.315800000000000000e+04
1.100000000000000110e-02 9.899999999999985478e-01 1.443289932012703503e-15 5.245468000000000029e+04 3.719820731917063313e+03 4.490200000000000000e+04 6.409400000000000000e+04
1.210000000000000138e-02 9.899999999999985478e-01 1.443289932012703503e-15 5.173897000000000116e+04 3.507318897548382665e+03 4.517700000000000000e+04 6.310500000000000000e+04
1.331000000000000238e-02 9.899999999999985478e-01 1.443289932012703503e-15 5.152308000000000175e+04 4.054823995391168410e+03 4.225500000000000000e+04 6.653300000000000000e+04
1.464100000000000297e-02 9.899999999999985478e-01 1.443289932012703503e-15 5.042469000000000233e+04 3.696092600828609193e+03 4.211000000000000000e+04 6.020800000000000000e+04
1.610510000000000413e-02 9.899999999999985478e-01 1.443289932012703503e-15 4.946237000000000262e+04 3.762011232452662625e+03 4.148200000000000000e+04 6.108200000000000000e+04
1.771561000000000663e-02 9.899999999999985478e-01 1.443289932012703503e-15 4.824852999999999884e+04 3.892494168152342809e+03 4.100100000000000000e+04 5.902400000000000000e+04
1.948717100000000799e-02 9.899999999999985478e-01 1.443289932012703503e-15 4.723686000000000058e+04 3.507995410544317565e+03 4.064500000000000000e+04 5.617000000000000000e+04
2.143588810000001191e-02 9.899999999999985478e-01 1.443289932012703503e-15 4.645044000000000233e+04 3.310755624687512409e+03 3.818100000000000000e+04 5.822400000000000000e+04
2.357947691000001483e-02 9.899999999999985478e-01 1.443289932012703503e-15 4.552380000000000291e+04 3.546970952799021688e+03 3.903000000000000000e+04 5.554600000000000000e+04
2.593742460100001770e-02 9.899999999999985478e-01 1.443289932012703503e-15 4.421086000000000058e+04 2.818550851128998147e+03 3.727900000000000000e+04 5.234500000000000000e+04
2.853116706110002052e-02 9.899999999999985478e-01 1.443289932012703503e-15 4.440275000000000000e+04 3.401808963992540157e+03 3.663000000000000000e+04 5.646700000000000000e+04
3.138428376721002361e-02 9.899999999999985478e-01 1.443289932012703503e-15 4.324229000000000087e+04 2.861697525228688392e+03 3.771800000000000000e+04 5.008000000000000000e+04
3.452271214393103083e-02 9.899999999999985478e-01 1.443289932012703503e-15 4.217454000000000087e+04 2.756662701238582486e+03 3.497900000000000000e+04 4.891000000000000000e+04
3.797498335832413807e-02 9.899999999999985478e-01 1.443289932012703503e-15 4.203218000000000029e+04 2.978583644553229078e+03 3.491200000000000000e+04 5.084500000000000000e+04
4.177248169415655188e-02 9.899999999999985478e-01 1.443289932012703503e-15 4.095440000000000146e+04 2.665275190294615641e+03 3.542400000000000000e+04 4.815600000000000000e+04
4.594972986357220845e-02 9.899999999999985478e-01 1.443289932012703503e-15 3.993323999999999796e+04 2.850900882598341468e+03 3.435000000000000000e+04 4.777600000000000000e+04
5.054470284992943624e-02 9.899999999999985478e-01 1.443289932012703503e-15 3.953811000000000058e+04 2.803097632602189606e+03 3.413800000000000000e+04 4.951400000000000000e+04
5.559917313492238750e-02 9.899999999999985478e-01 1.443289932012703503e-15 3.890684999999999854e+04 2.635986848886010648e+03 3.483600000000000000e+04 4.751400000000000000e+04
6.115909044841463110e-02 9.899999999999985478e-01 1.443289932012703503e-15 3.804300000000000000e+04 2.726062299361480200e+03 3.261900000000000000e+04 4.530900000000000000e+04
6.727499949325610462e-02 9.899999999999985478e-01 1.443289932012703503e-15 3.699793000000000029e+04 2.613458108541248748e+03 3.184400000000000000e+04 4.718400000000000000e+04
7.400249944258172063e-02 9.899999999999985478e-01 1.443289932012703503e-15 3.666694999999999709e+04 2.307119452369122428e+03 3.094700000000000000e+04 4.398100000000000000e+04
8.140274938683990380e-02 9.899999999999985478e-01 1.443289932012703503e-15 3.617948000000000320e+04 2.831264189297777648e+03 2.923200000000000000e+04 4.283000000000000000e+04
8.954302432552389834e-02 9.899999999999985478e-01 1.443289932012703503e-15 3.567754000000000087e+04 2.818880453016764932e+03 2.983000000000000000e+04 4.917200000000000000e+04
9.849732675807629234e-02 9.899999999999985478e-01 1.443289932012703503e-15 3.444580999999999767e+04 2.490739692119591837e+03 3.030800000000000000e+04 4.355100000000000000e+04
1.083470594338839244e-01 9.899999999999985478e-01 1.443289932012703503e-15 3.451159999999999854e+04 2.746110595005233336e+03 2.948000000000000000e+04 4.169800000000000000e+04
1.191817653772723196e-01 9.899999999999985478e-01 1.443289932012703503e-15 3.365783999999999651e+04 2.268964784742152005e+03 2.899500000000000000e+04 4.122400000000000000e+04
1.310999419149995737e-01 9.899999999999985478e-01 1.443289932012703503e-15 3.311980999999999767e+04 2.551864364322681013e+03 2.832300000000000000e+04 3.921600000000000000e+04
1.442099361064995422e-01 9.899999999999985478e-01 1.443289932012703503e-15 3.276634999999999854e+04 2.173441254669654427e+03 2.704200000000000000e+04 3.886200000000000000e+04
1.586309297171495103e-01 9.899999999999985478e-01 1.443289932012703503e-15 3.239893999999999869e+04 2.598002085526492465e+03 2.842000000000000000e+04 4.263900000000000000e+04
1.744940226888644641e-01 9.899999999999985478e-01 1.443289932012703503e-15 3.160543999999999869e+04 2.114950038747960662e+03 2.661300000000000000e+04 3.739900000000000000e+04
1.919434249577509355e-01 9.899999999999985478e-01 1.443289932012703503e-15 3.136881000000000131e+04 2.592186311571759688e+03 2.754500000000000000e+04 4.534200000000000000e+04
2.111377674535260540e-01 9.899999999999985478e-01 1.443289932012703503e-15 3.025499000000000160e+04 2.057464480835574705e+03 2.672300000000000000e+04 3.737800000000000000e+04
2.322515441988786677e-01 9.899999999999985478e-01 1.443289932012703503e-15 3.022609000000000015e+04 2.333014912489845301e+03 2.617100000000000000e+04 3.658400000000000000e+04
2.554766986187665401e-01 9.899999999999985478e-01 1.443289932012703503e-15 2.928177000000000044e+04 2.164938220157794149e+03 2.545300000000000000e+04 3.711800000000000000e+04
2.810243684806432163e-01 9.899999999999985478e-01 1.443289932012703503e-15 2.910713000000000102e+04 1.782724514079502796e+03 2.617300000000000000e+04 3.531000000000000000e+04
3.091268053287075657e-01 9.899999999999985478e-01 1.443289932012703503e-15 2.906370000000000073e+04 1.983097922443568905e+03 2.541300000000000000e+04 3.538100000000000000e+04
3.400394858615783389e-01 9.899999999999985478e-01 1.443289932012703503e-15 2.836111999999999898e+04 1.648310099950855829e+03 2.480400000000000000e+04 3.310800000000000000e+04
3.740434344477361894e-01 9.899999999999985478e-01 1.443289932012703503e-15 2.829493000000000029e+04 2.352334365072278615e+03 2.490500000000000000e+04 3.571100000000000000e+04
4.114477778925098583e-01 9.899999999999985478e-01 1.443289932012703503e-15 2.789025999999999840e+04 1.964087267002156977e+03 2.378100000000000000e+04 3.360300000000000000e+04
4.525925556817608775e-01 9.899999999999985478e-01 1.443289932012703503e-15 2.770259999999999854e+04 1.979112513224046552e+03 2.433100000000000000e+04 3.523400000000000000e+04
4.978518112499369930e-01 9.899999999999985478e-01 1.443289932012703503e-15 2.742979999999999927e+04 2.262101814684741385e+03 2.383900000000000000e+04 3.904800000000000000e+04
5.476369923749306867e-01 9.899999999999985478e-01 1.443289932012703503e-15 2.699620999999999913e+04 1.804046508796267517e+03 2.356000000000000000e+04 3.297300000000000000e+04
6.024006916124238220e-01 9.899999999999985478e-01 1.443289932012703503e-15 2.687927999999999884e+04 1.815783665969049480e+03 2.370000000000000000e+04 3.373200000000000000e+04
6.626407607736662930e-01 9.899999999999985478e-01 1.443289932012703503e-15 2.704827999999999884e+04 1.805019041894018301e+03 2.401200000000000000e+04 3.224300000000000000e+04
7.289048368510330222e-01 9.899999999999985478e-01 1.443289932012703503e-15 2.684902999999999884e+04 1.984633268163164530e+03 2.380100000000000000e+04 3.516200000000000000e+04
8.017953205361363356e-01 9.899999999999985478e-01 1.443289932012703503e-15 2.704345000000000073e+04 1.949241064491511224e+03 2.376300000000000000e+04 3.336100000000000000e+04
8.819748525897500580e-01 9.899999999999985478e-01 1.443289932012703503e-15 2.687125000000000000e+04 1.849677898310946603e+03 2.401200000000000000e+04 3.408800000000000000e+04
9.701723378487251415e-01 9.899999999999985478e-01 1.443289932012703503e-15 2.705127999999999884e+04 1.985191714066930899e+03 2.392600000000000000e+04 3.254800000000000000e+04
9.801723378487251503e-01 9.899999999999985478e-01 1.443289932012703503e-15 2.689075999999999840e+04 2.017660532002349100e+03 2.290300000000000000e+04 3.629200000000000000e+04
9.901723378487251592e-01 9.899999999999985478e-01 1.443289932012703503e-15 2.706570000000000073e+04 2.259837832677380447e+03 2.364500000000000000e+04 3.482600000000000000e+04
1.000172337848725057e+00 9.899999999999985478e-01 1.443289932012703503e-15 2.688163000000000102e+04 1.959474213430735972e+03 2.326900000000000000e+04 3.418800000000000000e+04
