1.000000000000000021e-02 9.899999999999985478e-01 1.443289932012703503e-15 5.117204000000000087e+04 4.035036661345222001e+03 4.080600000000000000e+04 6.152400000000000000e+04
1.100000000000000110e-02 9.899999999999985478e-01 1.443289932012703503e-15 4.974044000000000233e+04 3.743841688212791269e+03 3.938400000000000000e+04 5.881900000000000000e+04
1.210000000000000138e-02 9.899999999999985478e-01 1.443289932012703503e-15 4.888512999999999738e+04 3.826270561931029988e+03 3.825500000000000000e+04 5.747900000000000000e+04
1.331000000000000238e-02 9.899999999999985478e-01 1.443289932012703503e-15 4.849777999999999884e+04 3.540810663054437100e+03 4.161100000000000000e+04 6.095000000000000000e+04
1.464100000000000297e-02 9.899999999999985478e-01 1.443289932012703503e-15 4.718879000000000087e+04 3.720055304145357240e+03 3.780300000000000000e+04 5.849300000000000000e+04
1.610510000000000413e-02 9.899999999999985478e-01 1.443289932012703503e-15 4.665637000000000262e+04 3.782418138321039805e+03 3.884800000000000000e+04 5.833800000000000000e+04
1.771561000000000663e-02 9.899999999999985478e-01 1.443289932012703503e-15 4.522619000000000233e+04 3.496513925883893535e+03 3.703500000000000000e+04 5.337400000000000000e+04
1.948717100000000799e-02 9.899999999999985478e-01 1.443289932012703503e-15 4.420586000000000058e+04 3.270576258153905655e+03 3.673600000000000000e+04 5.421200000000000000e+04
2.143588810000001191e-02 9.899999999999985478e-01 1.443289932012703503e-15 4.395766999999999825e+04 3.619747690254114332e+03 3.757800000000000000e+04 5.470300000000000000e+04
2.357947691000001483e-02 9.899999999999985478e-01 1.443289932012703503e-15 4.276420999999999913e+04 3.296414377152847919e+03 3.524000000000000000e+04 5.131200000000000000e+04
2.593742460100001770e-02 9.899999999999985478e-01 1.443289932012703503e-15 4.172555999999999767e+04 2.676554566303478168e+03 3.677700000000000000e+04 4.863400000000000000e+04
2.853116706110002052e-02 9.899999999999985478e-01 1.443289932012703503e-15 4.160765000000000146e+04 3.360931669567233712e+03 3.523300000000000000e+04 5.109800000000000000e+04
3.138428376721002361e-02 9.899999999999985478e-01 1.443289932012703503e-15 3.951329000000000087e+04 3.028983127371296177e+03 3.309600000000000000e+04 4.660700000000000000e+04
3.452271214393103083e-02 9.899999999999985478e-01 1.443289932012703503e-15 3.910898000000000320e+04 2.729079082694380304e+03 3.251300000000000000e+04 4.838100000000000000e+04
3.797498335832413807e-02 9.899999999999985478e-01 1.443289932012703503e-15 3.835262000000000262e+04 3.306032089317948703e+03 3.114400000000000000e+04 4.632300000000000000e+04
4.177248169415655188e-02 9.899999999999985478e-01 1.443289932012703503e-15 3.757583000000000175e+04 2.615954109134944247e+03 3.209300000000000000e+04 4.355800000000000000e+04
4.594972986357220845e-02 9.899999999999985478e-01 1.443289932012703503e-15 3.759890000000000146e+04 3.116252963095261293e+03 3.122400000000000000e+04 5.030700000000000000e+04
5.054470284992943624e-02 9.899999999999985478e-01 1.443289932012703503e-15 3.625556999999999971e+04 2.863126218855885782e+03 3.081100000000000000e+04 4.369400000000000000e+04
5.559917313492238750e-02 9.899999999999985478e-01 1.443289932012703503e-15 3.539458999999999651e+04 2.705526499944141960e+03 2.976200000000000000e+04 4.327200000000000000e+04
6.115909044841463110e-02 9.899999999999985478e-01 1.443289932012703503e-15 3.461301999999999680e+04 2.713616177649300425e+03 2.876000000000000000e+04 4.206100000000000000e+04
6.727499949325610462e-02 9.899999999999985478e-01 1.443289932012703503e-15 3.443472000000000116e+04 2.894348970252205163e+03 2.825600000000000000e+04 4.595700000000000000e+04
7.400249944258172063e-02 9.899999999999985478e-01 1.443289932012703503e-15 3.376673999999999796e+04 2.483280256515562542e+03 2.879800000000000000e+04 4.055100000000000000e+04
8.140274938683990380e-02 9.899999999999985478e-01 1.443289932012703503e-15 3.258534999999999854e+04 2.512728554281181914e+03 2.767800000000000000e+04 3.976200000000000000e+04
8.954302432552389834e-02 9.899999999999985478e-01 1.443289932012703503e-15 3.192227000000000044e+04 2.562535727965563638e+03 2.703800000000000000e+04 3.894900000000000000e+04
9.849732675807629234e-02 9.899999999999985478e-01 1.443289932012703503e-15 3.130531999999999971e+04 2.469333144312447985e+03 2.659200000000000000e+04 3.881000000000000000e+04
1.083470594338839244e-01 9.899999999999985478e-01 1.443289932012703503e-15 3.083683000000000175e+04 2.382581323082172730e+03 2.638500000000000000e+04 3.781800000000000000e+04
1.191817653772723196e-01 9.899999999999985478e-01 1.443289932012703503e-15 3.027634999999999854e+04 2.687077149525111508e+03 2.492100000000000000e+04 3.891300000000000000e+04
1.310999419149995737e-01 9.899999999999985478e-01 1.443289932012703503e-15 3.003593999999999869e+04 2.510154568228816970e+03 2.456400000000000000e+04 3.822700000000000000e+04
1.442099361064995422e-01 9.899999999999985478e-01 1.443289932012703503e-15 2.898727000000000044e+04 2.153333266612486568e+03 2.533900000000000000e+04 3.667100000000000000e+04
1.586309297171495103e-01 9.899999999999985478e-01 1.443289932012703503e-15 2.890075000000000000e+04 2.189810262899505233e+03 2.429800000000000000e+04 3.639200000000000000e+04
1.744940226888644641e-01 9.899999999999985478e-01 1.443289932012703503e-15 2.821545000000000073e+04 2.294780470437204713e+03 2.398100000000000000e+04 3.490300000000000000e+04
1.919434249577509355e-01 9.899999999999985478e-01 1.443289932012703503e-15 2.781059999999999854e+04 2.158661891079749694e+03 2.455800000000000000e+04 3.604000000000000000e+04
2.111377674535260540e-01 9.899999999999985478e-01 1.443289932012703503e-15 2.682116999999999825e+04 2.266407558472218170e+03 2.239600000000000000e+04 3.398100000000000000e+04
2.322515441988786677e-01 9.899999999999985478e-01 1.443289932012703503e-15 2.658600000000000000e+04 1.868685227640011135e+03 2.334900000000000000e+04 3.298700000000000000e+04
2.554766986187665401e-01 9.899999999999985478e-01 1.443289932012703503e-15 2.588961999999999898e+04 2.259848909905261735e+03 2.195100000000000000e+04 3.324600000000000000e+04
2.810243684806432163e-01 9.899999999999985478e-01 1.443289932012703503e-15 2.584349000000000160e+04 2.118309823869019510e+03 2.208600000000000000e+04 3.328400000000000000e+04
3.091268053287075657e-01 9.899999999999985478e-01 1.443289932012703503e-15 2.552920999999999913e+04 1.938816186723227702e+03 2.182800000000000000e+04 3.162200000000000000e+04
3.400394858615783389e-01 9.899999999999985478e-01 1.443289932012703503e-15 2.524895999999999913e+04 2.171618373103340673e+03 2.197700000000000000e+04 3.216000000000000000e+04
3.740434344477361894e-01 9.899999999999985478e-01 1.443289932012703503e-15 2.472208000000000175e+04 2.164332509943886180e+03 2.080900000000000000e+04 3.297700000000000000e+04
4.114477778925098583e-01 9.899999999999985478e-01 1.443289932012703503e-15 2.459411000000000058e+04 2.604420338175080360e+03 2.076400000000000000e+04 4.038300000000000000e+04
4.525925556817608775e-01 9.899999999999985478e-01 1.443289932012703503e-15 2.386140999999999985e+04 1.728620884375749711e+03 2.084800000000000000e+04 2.917100000000000000e+04
4.978518112499369930e-01 9.899999999999985478e-01 1.443289932012703503e-15 2.383434999999999854e+04 2.021014301656471844e+03 2.037600000000000000e+04 3.124400000000000000e+04
5.476369923749306867e-01 9.899999999999985478e-01 1.443289932012703503e-15 2.400477000000000044e+04 2.279618726256651826e+03 2.067500000000000000e+04 3.214000000000000000e+04
6.024006916124238220e-01 9.899999999999985478e-01 1.443289932012703503e-15 2.326868000000000029e+04 1.771690243129424516e+03 2.007900000000000000e+04 2.976200000000000000e+04
6.626407607736662930e-01 9.899999999999985478e-01 1.443289932012703503e-15 2.295999000000000160e+04 1.576138804134965767e+03 2.043900000000000000e+04 2.674200000000000000e+04
7.289048368510330222e-01 9.899999999999985478e-01 1.443289932012703503e-15 2.322088000000000102e+04 2.098397809186808900e+03 1.943400000000000000e+04 2.972300000000000000e+04
8.017953205361363356e-01 9.899999999999985478e-01 1.443289932012703503e-15 2.298284999999999854e+04 1.895664402656756920e+03 1.982300000000000000e+04 2.809500000000000000e+04
8.819748525897500580e-01 9.899999999999985478e-01 1.443289932012703503e-15 2.312315999999999985e+04 1.876946721247036749e+03 2.002200000000000000e+04 3.149100000000000000e+04
9.701723378487251415e-01 9.899999999999985478e-01 1.443289932012703503e-15 2.310675000000000000e+04 1.998543126254722665e+03 2.026800000000000000e+04 2.904700000000000000e+04
9.801723378487251503e-01 9.899999999999985478e-01 1.443289932012703503e-15 2.326050000000000000e+04 1.986448592337591663e+03 1.982600000000000000e+04 3.235700000000000000e+04
9.901723378487251592e-01 9.899999999999985478e-01 1.443289932012703503e-15 2.289547000000000116e+04 1.859212803608021886e+03 1.956000000000000000e+04 2.891400000000000000e+04
1.000172337848725057e+00 9.899999999999985478e-01 1.443289932012703503e-15 2.341547999999999956e+04 2.359186980635489817e+03 1.994500000000000000e+04 3.522900000000000000e+04
