1.000000000000000021e-02 9.899999999999985478e-01 1.443289932012703503e-15 4.236358000000000175e+04 2.833012760931373577e+03 3.571200000000000000e+04 4.846200000000000000e+04
1.100000000000000110e-02 9.899999999999985478e-01 1.443289932012703503e-15 4.239008999999999651e+04 3.079933635957112529e+03 3.289200000000000000e+04 5.026400000000000000e+04
1.210000000000000138e-02 9.899999999999985478e-01 1.443289932012703503e-15 4.096163999999999942e+04 2.610218437296005050e+03 3.525100000000000000e+04 4.703900000000000000e+04
1.331000000000000238e-02 9.899999999999985478e-01 1.443289932012703503e-15 4.035815000000000146e+04 2.833531875151574695e+03 3.426300000000000000e+04 5.062900000000000000e+04
1.464100000000000297e-02 9.899999999999985478e-01 1.443289932012703503e-15 3.880872000000000116e+04 2.615179565842468492e+03 3.300500000000000000e+04 4.607000000000000000e+04
1.610510000000000413e-02 9.899999999999985478e-01 1.443289932012703503e-15 3.820633999999999651e+04 2.687384495080672423e+03 3.295900000000000000e+04 4.758600000000000000e+04
1.771561000000000663e-02 9.899999999999985478e-01 1.443289932012703503e-15 3.751541000000000349e+04 2.652431341599626649e+03 3.236300000000000000e+04 4.799600000000000000e+04
1.948717100000000799e-02 9.899999999999985478e-01 1.443289932012703503e-15 3.635115000000000146e+04 2.369480860336288970e+03 3.086600000000000000e+04 4.259400000000000000e+04
2.143588810000001191e-02 9.899999999999985478e-01 1.443289932012703503e-15 3.597419999999999709e+04 2.232852785115937422e+03 3.085800000000000000e+04 4.321600000000000000e+04
2.357947691000001483e-02 9.899999999999985478e-01 1.443289932012703503e-15 3.453154000000000087e+04 2.206010935693655938e+03 2.926800000000000000e+04 4.130800000000000000e+04
2.593742460100001770e-02 9.899999999999985478e-01 1.443289932012703503e-15 3.460723999999999796e+04 2.267407723017630815e+03 2.967400000000000000e+04 4.016700000000000000e+04
2.853116706110002052e-02 9.899999999999985478e-01 1.443289932012703503e-15 3.347161000000000058e+04 2.295813023288264048e+03 2.869300000000000000e+04 3.890100000000000000e+04
3.138428376721002361e-02 9.899999999999985478e-01 1.443289932012703503e-15 3.323533999999999651e+04 2.187838546236901948e+03 2.849100000000000000e+04 3.914600000000000000e+04
3.452271214393103083e-02 9.899999999999985478e-01 1.443289932012703503e-15 3.208495999999999913e+04 2.148745289325842805e+03 2.806300000000000000e+04 3.920600000000000000e+04
3.797498335832413807e-02 9.899999999999985478e-01 1.443289932012703503e-15 3.125118000000000029e+04 1.921680917218048535e+03 2.678100000000000000e+04 3.572500000000000000e+04
4.177248169415655188e-02 9.899999999999985478e-01 1.443289932012703503e-15 3.106920000000000073e+04 1.873703994765448442e+03 2.700300000000000000e+04 3.575400000000000000e+04
4.594972986357220845e-02 9.899999999999985478e-01 1.443289932012703503e-15 2.987200000000000000e+04 1.847131208117062897e+03 2.658900000000000000e+04 3.586900000000000000e+04
5.054470284992943624e-02 9.899999999999985478e-01 1.443289932012703503e-15 2.950466999999999825e+04 1.695818457589136415e+03 2.583900000000000000e+04 3.498800000000000000e+04
5.559917313492238750e-02 9.899999999999985478e-01 1.443289932012703503e-15 2.871886000000000058e+04 1.814825694219695379e+03 2.486600000000000000e+04 3.344500000000000000e+04
6.115909044841463110e-02 9.899999999999985478e-01 1.443289932012703503e-15 2.819409000000000015e+04 1.579955120217026888e+03 2.462500000000000000e+04 3.359300000000000000e+04
6.727499949325610462e-02 9.899999999999985478e-01 1.443289932012703503e-15 2.747120000000000073e+04 1.568748131472991190e+03 2.376300000000000000e+04 3.152700000000000000e+04
7.400249944258172063e-02 9.899999999999985478e-01 1.443289932012703503e-15 2.695431999999999971e+04 1.874619005984949354e+03 2.359100000000000000e+04 3.350000000000000000e+04
8.140274938683990380e-02 9.899999999999985478e-01 1.443289932012703503e-15 2.630986000000000058e+04 1.430798238886251966e+03 2.355200000000000000e+04 3.250600000000000000e+04
8.954302432552389834e-02 9.899999999999985478e-01 1.443289932012703503e-15 2.547406000000000131e+04 1.256660461859128873e+03 2.247200000000000000e+04 2.914600000000000000e+04
9.849732675807629234e-02 9.899999999999985478e-01 1.443289932012703503e-15 2.475511999999999898e+04 1.263036145801061139e+03 2.159000000000000000e+04 2.756100000000000000e+04
1.083470594338839244e-01 9.899999999999985478e-01 1.443289932012703503e-15 2.427208000000000175e+04 1.193762276837394438e+03 2.100000000000000000e+04 2.792800000000000000e+04
1.191817653772723196e-01 9.899999999999985478e-01 1.443289932012703503e-15 2.395070999999999913e+04 1.186939908293591998e+03 2.098600000000000000e+04 2.694900000000000000e+04
1.310999419149995737e-01 9.899999999999985478e-01 1.443289932012703503e-15 2.319393000000000029e+04 1.040640103542045836e+03 2.099900000000000000e+04 2.582800000000000000e+04
1.442099361064995422e-01 9.899999999999985478e-01 1.443289932012703503e-15 2.297511000000000058e+04 1.064756703618249276e+03 2.057900000000000000e+04 2.599100000000000000e+04
1.586309297171495103e-01 9.899999999999985478e-01 1.443289932012703503e-15 2.242668000000000029e+04 9.736701996055953714e+02 2.007100000000000000e+04 2.529400000000000000e+04
1.744940226888644641e-01 9.899999999999985478e-01 1.443289932012703503e-15 2.184204999999999927e+04 1.034862980060645668e+03 1.961300000000000000e+04 2.425200000000000000e+04
1.919434249577509355e-01 9.899999999999985478e-01 1.443289932012703503e-15 2.136734000000000015e+04 9.313536408905051758e+02 1.953000000000000000e+04 2.419500000000000000e+04
2.111377674535260540e-01 9.899999999999985478e-01 1.443289932012703503e-15 2.104086000000000058e+04 1.057352864657773580e+03 1.875100000000000000e+04 2.462000000000000000e+04
2.322515441988786677e-01 9.899999999999985478e-01 1.443289932012703503e-15 2.039495000000000073e+04 7.821757011695005986e+02 1.859300000000000000e+04 2.218700000000000000e+04
2.554766986187665401e-01 9.899999999999985478e-01 1.443289932012703503e-15 2.020265999999999985e+04 9.669954314266435631e+02 1.855100000000000000e+04 2.335000000000000000e+04
2.810243684806432163e-01 9.899999999999985478e-01 1.443289932012703503e-15 1.966399000000000160e+04 7.108675614346177554e+02 1.787700000000000000e+04 2.180800000000000000e+04
3.091268053287075657e-01 9.899999999999985478e-01 1.443289932012703503e-15 1.949925000000000000e+04 8.127016718944288414e+02 1.784400000000000000e+04 2.256400000000000000e+04
3.400394858615783389e-01 9.899999999999985478e-01 1.443289932012703503e-15 1.902972999999999956e+04 7.404240116987023157e+02 1.748400000000000000e+04 2.087400000000000000e+04
3.740434344477361894e-01 9.899999999999985478e-01 1.443289932012703503e-15 1.891820000000000073e+04 8.070380288437463605e+02 1.740500000000000000e+04 2.205900000000000000e+04
4.114477778925098583e-01 9.899999999999985478e-01 1.443289932012703503e-15 1.861102999999999884e+04 7.217662426991166740e+02 1.713200000000000000e+04 2.046500000000000000e+04
4.525925556817608775e-01 9.899999999999985478e-01 1.443289932012703503e-15 1.836204999999999927e+04 7.611713916720727866e+02 1.664800000000000000e+04 2.099300000000000000e+04
4.978518112499369930e-01 9.899999999999985478e-01 1.443289932012703503e-15 1.805693000000000029e+04 6.468081826167630197e+02 1.680300000000000000e+04 1.957100000000000000e+04
5.476369923749306867e-01 9.899999999999985478e-01 1.443289932012703503e-15 1.798375000000000000e+04 6.702921956132265677e+02 1.673800000000000000e+04 2.016100000000000000e+04
6.024006916124238220e-01 9.899999999999985478e-01 1.443289932012703503e-15 1.774409000000000015e+04 7.108252681918390863e+02 1.630800000000000000e+04 2.059400000000000000e+04
6.626407607736662930e-01 9.899999999999985478e-01 1.443289932012703503e-15 1.768211999999999898e+04 6.590475139168647729e+02 1.611900000000000000e+04 1.949900000000000000e+04
7.289048368510330222e-01 9.899999999999985478e-01 1.443289932012703503e-15 1.764768000000000029e+04 7.547813044849480093e+02 1.623200000000000000e+04 2.064800000000000000e+04
8.017953205361363356e-01 9.899999999999985478e-01 1.443289932012703503e-15 1.757150999999999840e+04 7.322756515821074572e+02 1.593000000000000000e+04 2.020700000000000000e+04
8.819748525897500580e-01 9.899999999999985478e-01 1.443289932012703503e-15 1.746959999999999854e+04 6.470548972073388541e+02 1.587500000000000000e+04 1.910600000000000000e+04
9.701723378487251415e-01 9.899999999999985478e-01 1.443289932012703503e-15 1.741818000000000029e+04 6.129652580693299342e+02 1.622700000000000000e+04 1.871400000000000000e+04
9.801723378487251503e-01 9.899999999999985478e-01 1.443289932012703503e-15 1.750240999999999985e+04 7.486212138992588052e+02 1.623700000000000000e+04 1.981000000000000000e+04
9.901723378487251592e-01 9.899999999999985478e-01 1.443289932012703503e-15 1.754806999999999971e+04 7.012576025256339562e+02 1.610100000000000000e+04 1.969900000000000000e+04
1.000172337848725057e+00 9.899999999999985478e-01 1.443289932012703503e-15 1.746904000000000087e+04 6.504649401774088346e+02 1.600900000000000000e+04 1.993300000000000000e+04
