1.000000000000000021e-02 9.899999999999985478e-01 1.443289932012703503e-15 5.622758000000000175e+04 4.043332905364087765e+03 4.836800000000000000e+04 6.713100000000000000e+04
1.100000000000000110e-02 9.899999999999985478e-01 1.443289932012703503e-15 5.625726000000000204e+04 3.945729437303070426e+03 4.675000000000000000e+04 6.486200000000000000e+04
1.210000000000000138e-02 9.899999999999985478e-01 1.443289932012703503e-15 5.503084999999999854e+04 3.429559882477632527e+03 4.896900000000000000e+04 6.676600000000000000e+04
1.331000000000000238e-02 9.899999999999985478e-01 1.443289932012703503e-15 5.384591000000000349e+04 3.699776247545249134e+03 4.575600000000000000e+04 6.195800000000000000e+04
1.464100000000000297e-02 9.899999999999985478e-01 1.443289932012703503e-15 5.355923000000000320e+04 3.666824680442193767e+03 4.669000000000000000e+04 6.795400000000000000e+04
1.610510000000000413e-02 9.899999999999985478e-01 1.443289932012703503e-15 5.231884999999999854e+04 3.350296113405501274e+03 4.519700000000000000e+04 6.067300000000000000e+04
1.771561000000000663e-02 9.899999999999985478e-01 1.443289932012703503e-15 5.207352999999999884e+04 3.381941437857846722e+03 4.267500000000000000e+04 6.103000000000000000e+04
1.948717100000000799e-02 9.899999999999985478e-01 1.443289932012703503e-15 5.024598999999999796e+04 3.701334212132159792e+03 4.172300000000000000e+04 6.261800000000000000e+04
2.143588810000001191e-02 9.899999999999985478e-01 1.443289932012703503e-15 4.967518000000000029e+04 3.387201382793766243e+03 4.266000000000000000e+04 5.772400000000000000e+04
2.357947691000001483e-02 9.899999999999985478e-01 1.443289932012703503e-15 4.942008999999999651e+04 3.343040729919394835e+03 4.126800000000000000e+04 5.697500000000000000e+04
2.593742460100001770e-02 9.899999999999985478e-01 1.443289932012703503e-15 4.773911000000000058e+04 3.020001410248014508e+03 4.151300000000000000e+04 5.610600000000000000e+04
2.853116706110002052e-02 9.899999999999985478e-01 1.443289932012703503e-15 4.688702999999999884e+04 3.000184332520252610e+03 4.063400000000000000e+04 5.521200000000000000e+04
3.138428376721002361e-02 9.899999999999985478e-01 1.443289932012703503e-15 4.691748000000000320e+04 3.166893893012520493e+03 4.165900000000000000e+04 5.942400000000000000e+04
3.452271214393103083e-02 9.899999999999985478e-01 1.443289932012703503e-15 4.642058999999999651e+04 2.942249809567501870e+03 3.980000000000000000e+04 5.538700000000000000e+04
3.797498335832413807e-02 9.899999999999985478e-01 1.443289932012703503e-15 4.509568000000000029e+04 3.065395706527952370e+03 3.855600000000000000e+04 5.452000000000000000e+04
4.177248169415655188e-02 9.899999999999985478e-01 1.443289932012703503e-15 4.391783000000000175e+04 2.778565871290439645e+03 3.758200000000000000e+04 5.106200000000000000e+04
4.594972986357220845e-02 9.899999999999985478e-01 1.443289932012703503e-15 4.351086000000000058e+04 3.017430512936462947e+03 3.853200000000000000e+04 5.654100000000000000e+04
5.054470284992943624e-02 9.899999999999985478e-01 1.443289932012703503e-15 4.288869000000000233e+04 2.492601242457365061e+03 3.778900000000000000e+04 5.046200000000000000e+04
5.559917313492238750e-02 9.899999999999985478e-01 1.443289932012703503e-15 4.284981999999999971e+04 2.815228347328152267e+03 3.713700000000000000e+04 5.020500000000000000e+04
6.115909044841463110e-02 9.899999999999985478e-01 1.443289932012703503e-15 4.131948999999999796e+04 2.530746864050215208e+03 3.600000000000000000e+04 5.207200000000000000e+04
6.727499949325610462e-02 9.899999999999985478e-01 1.443289932012703503e-15 4.081191000000000349e+04 2.484817671761854399e+03 3.496800000000000000e+04 4.694700000000000000e+04
7.400249944258172063e-02 9.899999999999985478e-01 1.443289932012703503e-15 4.021984999999999854e+04 2.583020485303978148e+03 3.441800000000000000e+04 4.755000000000000000e+04
8.140274938683990380e-02 9.899999999999985478e-01 1.443289932012703503e-15 3.914323999999999796e+04 2.393774559644245073e+03 3.321200000000000000e+04 4.776200000000000000e+04
8.954302432552389834e-02 9.899999999999985478e-01 1.443289932012703503e-15 3.818719000000000233e+04 1.969949698317193452e+03 3.363800000000000000e+04 4.435000000000000000e+04
9.849732675807629234e-02 9.899999999999985478e-01 1.443289932012703503e-15 3.785365000000000146e+04 2.310145763258241459e+03 3.359400000000000000e+04 4.366800000000000000e+04
1.083470594338839244e-01 9.899999999999985478e-01 1.443289932012703503e-15 3.739211000000000058e+04 2.671331596395325960e+03 3.255100000000000000e+04 4.486400000000000000e+04
1.191817653772723196e-01 9.899999999999985478e-01 1.443289932012703503e-15 3.697651999999999680e+04 2.365378449550938967e+03 3.236200000000000000e+04 4.374200000000000000e+04
1.310999419149995737e-01 9.899999999999985478e-01 1.443289932012703503e-15 3.654087000000000262e+04 2.124955475557076170e+03 3.226500000000000000e+04 4.123800000000000000e+04
1.442099361064995422e-01 9.899999999999985478e-01 1.443289932012703503e-15 3.574588999999999942e+04 2.397359497009157167e+03 3.105100000000000000e+04 4.093100000000000000e+04
1.586309297171495103e-01 9.899999999999985478e-01 1.443289932012703503e-15 3.497608000000000175e+04 2.006615761325521362e+03 3.125000000000000000e+04 4.275400000000000000e+04
1.744940226888644641e-01 9.899999999999985478e-01 1.443289932012703503e-15 3.443372000000000116e+04 2.103196139593262160e+03 3.022100000000000000e+04 4.039700000000000000e+04
1.919434249577509355e-01 9.899999999999985478e-01 1.443289932012703503e-15 3.410262000000000262e+04 2.304135385692429281e+03 2.997200000000000000e+04 4.104300000000000000e+04
2.111377674535260540e-01 9.899999999999985478e-01 1.443289932012703503e-15 3.338575000000000000e+04 2.198745021029041709e+03 2.956000000000000000e+04 4.100000000000000000e+04
2.322515441988786677e-01 9.899999999999985478e-01 1.443289932012703503e-15 3.314044000000000233e+04 2.004438950529549629e+03 2.909700000000000000e+04 3.889000000000000000e+04
2.554766986187665401e-01 9.899999999999985478e-01 1.443289932012703503e-15 3.265472000000000116e+04 2.268921541525841803e+03 2.817100000000000000e+04 4.244500000000000000e+04
2.810243684806432163e-01 9.899999999999985478e-01 1.443289932012703503e-15 3.218027000000000044e+04 2.316941841544582076e+03 2.818200000000000000e+04 3.942200000000000000e+04
3.091268053287075657e-01 9.899999999999985478e-01 1.443289932012703503e-15 3.179684999999999854e+04 2.114210577851695234e+03 2.832500000000000000e+04 4.060400000000000000e+04
3.400394858615783389e-01 9.899999999999985478e-01 1.443289932012703503e-15 3.135075999999999840e+04 2.015782101914787745e+03 2.821600000000000000e+04 4.015000000000000000e+04
3.740434344477361894e-01 9.899999999999985478e-01 1.443289932012703503e-15 3.090804000000000087e+04 1.807455326806170206e+03 2.789200000000000000e+04 3.619500000000000000e+04
4.114477778925098583e-01 9.899999999999985478e-01 1.443289932012703503e-15 3.058138000000000102e+04 1.923403752621898548e+03 2.687400000000000000e+04 3.701800000000000000e+04
4.525925556817608775e-01 9.899999999999985478e-01 1.443289932012703503e-15 3.019770999999999913e+04 1.921144254318243611e+03 2.645700000000000000e+04 3.700100000000000000e+04
4.978518112499369930e-01 9.899999999999985478e-01 1.443289932012703503e-15 2.986109999999999854e+04 1.390205168311497346e+03 2.734400000000000000e+04 3.350300000000000000e+04
5.476369923749306867e-01 9.899999999999985478e-01 1.443289932012703503e-15 3.025708000000000175e+04 2.354187081266057703e+03 2.626300000000000000e+04 4.036200000000000000e+04
6.024006916124238220e-01 9.899999999999985478e-01 1.443289932012703503e-15 2.974920000000000073e+04 2.312735198850053621e+03 2.637700000000000000e+04 3.723000000000000000e+04
6.626407607736662930e-01 9.899999999999985478e-01 1.443289932012703503e-15 2.985520000000000073e+04 2.252408137971446649e+03 2.601800000000000000e+04 4.061500000000000000e+04
7.289048368510330222e-01 9.899999999999985478e-01 1.443289932012703503e-15 2.952752999999999884e+04 1.717190021255656120e+03 2.662100000000000000e+04 3.534300000000000000e+04
8.017953205361363356e-01 9.899999999999985478e-01 1.443289932012703503e-15 2.947965999999999985e+04 2.114056121393185549e+03 2.604100000000000000e+04 3.824600000000000000e+04
8.819748525897500580e-01 9.899999999999985478e-01 1.443289932012703503e-15 2.974902999999999884e+04 1.972400453533713517e+03 2.640600000000000000e+04 3.621600000000000000e+04
9.701723378487251415e-01 9.899999999999985478e-01 1.443289932012703503e-15 2.960388000000000102e+04 2.141570948065928405e+03 2.636000000000000000e+04 4.225600000000000000e+04
9.801723378487251503e-01 9.899999999999985478e-01 1.443289932012703503e-15 2.942188000000000102e+04 2.061247550780836718e+03 2.631500000000000000e+04 3.608100000000000000e+04
9.901723378487251592e-01 9.899999999999985478e-01 1.443289932012703503e-15 2.909727000000000044e+04 1.861492244705843405e+03 2.582800000000000000e+04 3.551200000000000000e+04
1.000172337848725057e+00 9.899999999999985478e-01 1.443289932012703503e-15 2.928393000000000029e+04 2.258273049279028328e+03 2.593100000000000000e+04 4.086200000000000000e+04
