1.000000000000000021e-02 9.899999999999985478e-01 1.443289932012703503e-15 5.244868000000000029e+04 4.013937804401060475e+03 4.221600000000000000e+04 6.317100000000000000e+04
1.100000000000000110e-02 9.899999999999985478e-01 1.443289932012703503e-15 5.184223999999999796e+04 3.849047207089048243e+03 4.364600000000000000e+04 6.358200000000000000e+04
1.210000000000000138e-02 9.899999999999985478e-01 1.443289932012703503e-15 5.056430000000000291e+04 3.902635036741201930e+03 4.142300000000000000e+04 6.096200000000000000e+04
1.331000000000000238e-02 9.899999999999985478e-01 1.443289932012703503e-15 4.971833999999999651e+04 3.564143022438914159e+03 4.198600000000000000e+04 5.915900000000000000e+04
1.464100000000000297e-02 9.899999999999985478e-01 1.443289932012703503e-15 4.819419999999999709e+04 3.571361743089041738e+03 4.143400000000000000e+04 5.836000000000000000e+04
1.610510000000000413e-02 9.899999999999985478e-01 1.443289932012703503e-15 4.749476999999999680e+04 3.556292209183603973e+03 3.952900000000000000e+04 5.734500000000000000e+04
1.771561000000000663e-02 9.899999999999985478e-01 1.443289932012703503e-15 4.720570999999999913e+04 3.981499032512753729e+03 3.768700000000000000e+04 6.022100000000000000e+04
1.948717100000000799e-02 9.899999999999985478e-01 1.443289932012703503e-15 4.597830999999999767e+04 3.351453310714623058e+03 3.942100000000000000e+04 5.429300000000000000e+04
2.143588810000001191e-02 9.899999999999985478e-01 1.443289932012703503e-15 4.498434999999999854e+04 3.323842286797013458e+03 3.799200000000000000e+04 5.505300000000000000e+04
2.357947691000001483e-02 9.899999999999985478e-01 1.443289932012703503e-15 4.476591999999999825e+04 3.393536390492961345e+03 3.805400000000000000e+04 5.847600000000000000e+04
2.593742460100001770e-02 9.899999999999985478e-01 1.443289932012703503e-15 4.399373999999999796e+04 3.495833527558198966e+03 3.831100000000000000e+04 5.632000000000000000e+04
2.853116706110002052e-02 9.899999999999985478e-01 1.443289932012703503e-15 4.292658000000000175e+04 3.369446201321517037e+03 3.705100000000000000e+04 5.270100000000000000e+04
3.138428376721002361e-02 9.899999999999985478e-01 1.443289932012703503e-15 4.184095999999999913e+04 2.837612503214630578e+03 3.710500000000000000e+04 4.861500000000000000e+04
3.452271214393103083e-02 9.899999999999985478e-01 1.443289932012703503e-15 4.115701999999999680e+04 3.163594860218356189e+03 3.546400000000000000e+04 4.939400000000000000e+04
3.797498335832413807e-02 9.899999999999985478e-01 1.443289932012703503e-15 4.021737000000000262e+04 2.935748394038562310e+03 3.145700000000000000e+04 4.592200000000000000e+04
4.177248169415655188e-02 9.899999999999985478e-01 1.443289932012703503e-15 3.992830000000000291e+04 2.976726253789554903e+03 3.389900000000000000e+04 4.812900000000000000e+04
4.594972986357220845e-02 9.899999999999985478e-01 1.443289932012703503e-15 3.842226999999999680e+04 2.761406880034160622e+03 3.205600000000000000e+04 4.918300000000000000e+04
5.054470284992943624e-02 9.899999999999985478e-01 1.443289932012703503e-15 3.796144000000000233e+04 2.839191481108663538e+03 3.199600000000000000e+04 4.547700000000000000e+04
5.559917313492238750e-02 9.899999999999985478e-01 1.443289932012703503e-15 3.744376999999999680e+04 2.647571078762570323e+03 3.239600000000000000e+04 4.596500000000000000e+04
6.115909044841463110e-02 9.899999999999985478e-01 1.443289932012703503e-15 3.658001999999999680e+04 2.563357821218099616e+03 3.099000000000000000e+04 4.215500000000000000e+04
6.727499949325610462e-02 9.899999999999985478e-01 1.443289932012703503e-15 3.631651999999999680e+04 2.538640590867482388e+03 3.081800000000000000e+04 4.427800000000000000e+04
7.400249944258172063e-02 9.899999999999985478e-01 1.443289932012703503e-15 3.520920999999999913e+04 2.355277471106111079e+03 3.083700000000000000e+04 4.071000000000000000e+04
8.140274938683990380e-02 9.899999999999985478e-01 1.443289932012703503e-15 3.500023000000000320e+04 2.971879509182699621e+03 2.941800000000000000e+04 4.341000000000000000e+04
8.954302432552389834e-02 9.899999999999985478e-01 1.443289932012703503e-15 3.440458000000000175e+04 2.753956387381616878e+03 2.906100000000000000e+04 4.377100000000000000e+04
9.849732675807629234e-02 9.899999999999985478e-01 1.443289932012703503e-15 3.365711000000000058e+04 2.435939567784882456e+03 2.886200000000000000e+04 4.213200000000000000e+04
1.083470594338839244e-01 9.899999999999985478e-01 1.443289932012703503e-15 3.275752000000000044e+04 2.328468614690780214e+03 2.833200000000000000e+04 4.114900000000000000e+04
1.191817653772723196e-01 9.899999999999985478e-01 1.443289932012703503e-15 3.292108999999999651e+04 2.462862899533792643e+03 2.787100000000000000e+04 3.892200000000000000e+04
1.310999419149995737e-01 9.899999999999985478e-01 1.443289932012703503e-15 3.174999000000000160e+04 2.547026872630125581e+03 2.614700000000000000e+04 4.059000000000000000e+04
1.442099361064995422e-01 9.899999999999985478e-01 1.443289932012703503e-15 3.096547000000000116e+04 1.900882686832620038e+03 2.710300000000000000e+04 3.614700000000000000e+04
1.586309297171495103e-01 9.899999999999985478e-01 1.443289932012703503e-15 3.041513000000000102e+04 2.131387377531358197e+03 2.629000000000000000e+04 3.667100000000000000e+04
1.744940226888644641e-01 9.899999999999985478e-01 1.443289932012703503e-15 3.017816999999999825e+04 2.654427527942701090e+03 2.633600000000000000e+04 3.920000000000000000e+04
1.919434249577509355e-01 9.899999999999985478e-01 1.443289932012703503e-15 2.952984000000000015e+04 2.393343676616461835e+03 2.505800000000000000e+04 3.954600000000000000e+04
2.111377674535260540e-01 9.899999999999985478e-01 1.443289932012703503e-15 2.870781999999999971e+04 1.871915486233285492e+03 2.562700000000000000e+04 3.471800000000000000e+04
2.322515441988786677e-01 9.899999999999985478e-01 1.443289932012703503e-15 2.834040000000000146e+04 2.004850423348335653e+03 2.487000000000000000e+04 3.450300000000000000e+04
2.554766986187665401e-01 9.899999999999985478e-01 1.443289932012703503e-15 2.839777999999999884e+04 2.286417868981958691e+03 2.472400000000000000e+04 3.755300000000000000e+04
2.810243684806432163e-01 9.899999999999985478e-01 1.443289932012703503e-15 2.771965000000000146e+04 2.087871247826359649e+03 2.320600000000000000e+04 3.605500000000000000e+04
3.091268053287075657e-01 9.899999999999985478e-01 1.443289932012703503e-15 2.728940999999999985e+04 2.010503907457033847e+03 2.407000000000000000e+04 3.395200000000000000e+04
3.400394858615783389e-01 9.899999999999985478e-01 1.443289932012703503e-15 2.675329000000000087e+04 1.983271258779292566e+03 2.352100000000000000e+04 3.516600000000000000e+04
3.740434344477361894e-01 9.899999999999985478e-01 1.443289932012703503e-15 2.658354999999999927e+04 2.042165284079620960e+03 2.247600000000000000e+04 3.365100000000000000e+04
4.114477778925098583e-01 9.899999999999985478e-01 1.443289932012703503e-15 2.648802000000000044e+04 1.518292382777441389e+03 2.278900000000000000e+04 3.047000000000000000e+04
4.525925556817608775e-01 9.899999999999985478e-01 1.443289932012703503e-15 2.614040000000000146e+04 2.039592498515328543e+03 2.283600000000000000e+04 3.289700000000000000e+04
4.978518112499369930e-01 9.899999999999985478e-01 1.443289932012703503e-15 2.555877999999999884e+04 1.985512254205447789e+03 2.250300000000000000e+04 3.323900000000000000e+04
5.476369923749306867e-01 9.899999999999985478e-01 1.443289932012703503e-15 2.527990000000000146e+04 1.904004529931586148e+03 2.177600000000000000e+04 3.359800000000000000e+04
6.024006916124238220e-01 9.899999999999985478e-01 1.443289932012703503e-15 2.532650000000000000e+04 1.891149912090525049e+03 2.194300000000000000e+04 3.146400000000000000e+04
6.626407607736662930e-01 9.899999999999985478e-01 1.443289932012703503e-15 2.545109999999999854e+04 2.609705387586881443e+03 2.238500000000000000e+04 4.219300000000000000e+04
7.289048368510330222e-01 9.899999999999985478e-01 1.443289932012703503e-15 2.513216999999999825e+04 2.151397160242617701e+03 2.180900000000000000e+04 3.410500000000000000e+04
8.017953205361363356e-01 9.899999999999985478e-01 1.443289932012703503e-15 2.499666999999999825e+04 2.187453999767767073e+03 2.200200000000000000e+04 3.378200000000000000e+04
8.819748525897500580e-01 9.899999999999985478e-01 1.443289932012703503e-15 2.518956999999999971e+04 1.913610259457238499e+03 2.165500000000000000e+04 3.026200000000000000e+04
9.701723378487251415e-01 9.899999999999985478e-01 1.443289932012703503e-15 2.535188000000000102e+04 2.066526246046731558e+03 2.120500000000000000e+04 3.111400000000000000e+04
9.801723378487251503e-01 9.899999999999985478e-01 1.443289932012703503e-15 2.515802999999999884e+04 1.966147239933978653e+03 2.222800000000000000e+04 3.297600000000000000e+04
9.901723378487251592e-01 9.899999999999985478e-01 1.443289932012703503e-15 2.485886000000000058e+04 2.135812018975453157e+03 2.179400000000000000e+04 3.532500000000000000e+04
1.000172337848725057e+00 9.899999999999985478e-01 1.443289932012703503e-15 2.476390999999999985e+04 1.702658333870891511e+03 2.156900000000000000e+04 3.048200000000000000e+04
