1.000000000000000021e-02 9.899999999999985478e-01 1.443289932012703503e-15 5.292487999999999738e+04 3.611525985729577769e+03 4.532500000000000000e+04 6.307700000000000000e+04
1.100000000000000110e-02 9.899999999999985478e-01 1.443289932012703503e-15 5.203666000000000349e+04 3.974780165543749263e+03 4.457000000000000000e+04 6.640000000000000000e+04
1.210000000000000138e-02 9.899999999999985478e-01 1.443289932012703503e-15 5.059187000000000262e+04 3.837457899847241606e+03 4.193900000000000000e+04 6.344700000000000000e+04
1.331000000000000238e-02 9.899999999999985478e-01 1.443289932012703503e-15 5.094573000000000320e+04 3.339306271832519087e+03 4.499300000000000000e+04 5.933500000000000000e+04
1.464100000000000297e-02 9.899999999999985478e-01 1.443289932012703503e-15 4.848173999999999796e+04 3.600832469360384948e+03 4.045700000000000000e+04 6.080400000000000000e+04
1.610510000000000413e-02 9.899999999999985478e-01 1.443289932012703503e-15 4.825698000000000320e+04 3.597110829485241993e+03 3.859500000000000000e+04 5.882200000000000000e+04
1.771561000000000663e-02 9.899999999999985478e-01 1.443289932012703503e-15 4.783073000000000320e+04 3.346577197241982049e+03 3.953200000000000000e+04 5.892000000000000000e+04
1.948717100000000799e-02 9.899999999999985478e-01 1.443289932012703503e-15 4.578218000000000029e+04 3.023106717864918664e+03 3.859600000000000000e+04 5.427700000000000000e+04
2.143588810000001191e-02 9.899999999999985478e-01 1.443289932012703503e-15 4.582044000000000233e+04 3.204743429106299118e+03 3.714100000000000000e+04 5.373200000000000000e+04
2.357947691000001483e-02 9.899999999999985478e-01 1.443289932012703503e-15 4.513622000000000116e+04 3.262250314062366215e+03 3.789100000000000000e+04 5.523200000000000000e+04
2.593742460100001770e-02 9.899999999999985478e-01 1.443289932012703503e-15 4.468293000000000029e+04 4.121840063017972170e+03 3.621000000000000000e+04 6.303600000000000000e+04
2.853116706110002052e-02 9.899999999999985478e-01 1.443289932012703503e-15 4.249316999999999825e+04 3.119525024919658790e+03 3.612200000000000000e+04 5.306200000000000000e+04
3.138428376721002361e-02 9.899999999999985478e-01 1.443289932012703503e-15 4.249483999999999651e+04 2.983484860762661810e+03 3.687600000000000000e+04 5.122200000000000000e+04
3.452271214393103083e-02 9.899999999999985478e-01 1.443289932012703503e-15 4.127062999999999738e+04 3.191040559613744335e+03 3.469300000000000000e+04 4.888700000000000000e+04
3.797498335832413807e-02 9.899999999999985478e-01 1.443289932012703503e-15 4.112276999999999680e+04 2.902914007872089314e+03 3.471900000000000000e+04 4.967500000000000000e+04
4.177248169415655188e-02 9.899999999999985478e-01 1.443289932012703503e-15 4.018141999999999825e+04 2.778062296565719407e+03 3.399900000000000000e+04 4.719300000000000000e+04
4.594972986357220845e-02 9.899999999999985478e-01 1.443289932012703503e-15 3.915266999999999825e+04 3.041156102718174679e+03 3.286200000000000000e+04 4.865000000000000000e+04
5.054470284992943624e-02 9.899999999999985478e-01 1.443289932012703503e-15 3.828901999999999680e+04 2.761874732785685865e+03 3.329500000000000000e+04 4.574700000000000000e+04
5.559917313492238750e-02 9.899999999999985478e-01 1.443289932012703503e-15 3.794801999999999680e+04 2.564733475353725680e+03 3.197600000000000000e+04 4.389200000000000000e+04
6.115909044841463110e-02 9.899999999999985478e-01 1.443289932012703503e-15 3.714044999999999709e+04 2.392685166815726006e+03 3.183100000000000000e+04 4.707900000000000000e+04
6.727499949325610462e-02 9.899999999999985478e-01 1.443289932012703503e-15 3.664215000000000146e+04 2.568884008183319565e+03 3.177800000000000000e+04 4.575800000000000000e+04
7.400249944258172063e-02 9.899999999999985478e-01 1.443289932012703503e-15 3.574508000000000175e+04 2.726020637045874992e+03 3.038800000000000000e+04 4.320800000000000000e+04
8.140274938683990380e-02 9.899999999999985478e-01 1.443289932012703503e-15 3.476766999999999825e+04 2.433356172264964698e+03 2.923400000000000000e+04 4.208400000000000000e+04
8.954302432552389834e-02 9.899999999999985478e-01 1.443289932012703503e-15 3.441815000000000146e+04 2.923669609839662371e+03 2.924800000000000000e+04 4.302700000000000000e+04
9.849732675807629234e-02 9.899999999999985478e-01 1.443289932012703503e-15 3.358959999999999854e+04 2.248439481062365758e+03 2.831300000000000000e+04 3.956600000000000000e+04
1.083470594338839244e-01 9.899999999999985478e-01 1.443289932012703503e-15 3.334263999999999942e+04 2.381676537735550482e+03 2.870200000000000000e+04 3.860200000000000000e+04
1.191817653772723196e-01 9.899999999999985478e-01 1.443289932012703503e-15 3.268759999999999854e+04 2.701165474383233231e+03 2.798800000000000000e+04 4.100200000000000000e+04
1.310999419149995737e-01 9.899999999999985478e-01 1.443289932012703503e-15 3.217465999999999985e+04 2.304439008609253960e+03 2.751400000000000000e+04 4.089700000000000000e+04
1.442099361064995422e-01 9.899999999999985478e-01 1.443289932012703503e-15 3.154202000000000044e+04 2.657775938562165265e+03 2.700400000000000000e+04 4.101800000000000000e+04
1.586309297171495103e-01 9.899999999999985478e-01 1.443289932012703503e-15 3.078688000000000102e+04 2.311395125373418523e+03 2.607000000000000000e+04 3.655700000000000000e+04
1.744940226888644641e-01 9.899999999999985478e-01 1.443289932012703503e-15 3.035220000000000073e+04 2.148114675709841322e+03 2.663600000000000000e+04 3.619700000000000000e+04
1.919434249577509355e-01 9.899999999999985478e-01 1.443289932012703503e-15 2.991872000000000116e+04 1.872501274125066857e+03 2.659200000000000000e+04 3.622400000000000000e+04
2.111377674535260540e-01 9.899999999999985478e-01 1.443289932012703503e-15 2.960275999999999840e+04 2.124431957583014082e+03 2.532000000000000000e+04 3.580200000000000000e+04
2.322515441988786677e-01 9.899999999999985478e-01 1.443289932012703503e-15 2.887763999999999942e+04 2.093930631706790791e+03 2.543500000000000000e+04 3.487400000000000000e+04
2.554766986187665401e-01 9.899999999999985478e-01 1.443289932012703503e-15 2.896363000000000102e+04 2.523452177692297028e+03 2.432500000000000000e+04 3.934900000000000000e+04
2.810243684806432163e-01 9.899999999999985478e-01 1.443289932012703503e-15 2.807979000000000087e+04 2.221291612080683080e+03 2.452400000000000000e+04 3.799300000000000000e+04
3.091268053287075657e-01 9.899999999999985478e-01 1.443289932012703503e-15 2.749777000000000044e+04 2.277744848989894763e+03 2.420600000000000000e+04 4.199500000000000000e+04
3.400394858615783389e-01 9.899999999999985478e-01 1.443289932012703503e-15 2.733797000000000116e+04 1.809258065920945455e+03 2.358100000000000000e+04 3.237900000000000000e+04
3.740434344477361894e-01 9.899999999999985478e-01 1.443289932012703503e-15 2.697422000000000116e+04 1.884040639582914991e+03 2.336700000000000000e+04 3.321200000000000000e+04
4.114477778925098583e-01 9.899999999999985478e-01 1.443289932012703503e-15 2.709806999999999971e+04 2.179341631112478353e+03 2.312700000000000000e+04 3.556900000000000000e+04
4.525925556817608775e-01 9.899999999999985478e-01 1.443289932012703503e-15 2.651604000000000087e+04 2.316233187397158872e+03 2.271500000000000000e+04 3.593000000000000000e+04
4.978518112499369930e-01 9.899999999999985478e-01 1.443289932012703503e-15 2.631006000000000131e+04 2.069398443123025118e+03 2.331000000000000000e+04 3.346300000000000000e+04
5.476369923749306867e-01 9.899999999999985478e-01 1.443289932012703503e-15 2.641331999999999971e+04 2.066654755299006865e+03 2.263500000000000000e+04 3.505500000000000000e+04
6.024006916124238220e-01 9.899999999999985478e-01 1.443289932012703503e-15 2.599661000000000058e+04 2.046461667830599708e+03 2.233400000000000000e+04 3.317100000000000000e+04
6.626407607736662930e-01 9.899999999999985478e-01 1.443289932012703503e-15 2.602784000000000015e+04 1.766008243015870221e+03 2.264100000000000000e+04 3.343700000000000000e+04
7.289048368510330222e-01 9.899999999999985478e-01 1.443289932012703503e-15 2.533863000000000102e+04 1.642089904085644321e+03 2.239700000000000000e+04 2.920200000000000000e+04
8.017953205361363356e-01 9.899999999999985478e-01 1.443289932012703503e-15 2.611986000000000058e+04 2.378742255983190262e+03 2.262600000000000000e+04 3.694800000000000000e+04
8.819748525897500580e-01 9.899999999999985478e-01 1.443289932012703503e-15 2.550083000000000175e+04 2.155131694607083318e+03 2.204800000000000000e+04 3.383000000000000000e+04
9.701723378487251415e-01 9.899999999999985478e-01 1.443289932012703503e-15 2.522618999999999869e+04 1.809592140207289958e+03 2.227300000000000000e+04 3.025800000000000000e+04
9.801723378487251503e-01 9.899999999999985478e-01 1.443289932012703503e-15 2.543640000000000146e+04 1.972365620264153449e+03 2.207600000000000000e+04 3.158400000000000000e+04
9.901723378487251592e-01 9.899999999999985478e-01 1.443289932012703503e-15 2.587161999999999898e+04 2.423854008722472827e+03 2.252100000000000000e+04 3.366700000000000000e+04
1.000172337848725057e+00 9.899999999999985478e-01 1.443289932012703503e-15 2.563606999999999971e+04 1.947707669312825601e+03 2.275800000000000000e+04 3.391300000000000000e+04
