1.000000000000000021e-02 9.899999999999985478e-01 1.443289932012703503e-15 5.209572000000000116e+04 3.519048553458733295e+03 4.416100000000000000e+04 6.252800000000000000e+04
1.100000000000000110e-02 9.899999999999985478e-01 1.443289932012703503e-15 5.073225000000000000e+04 4.060639031913573035e+03 4.239800000000000000e+04 6.152400000000000000e+04
1.210000000000000138e-02 9.899999999999985478e-01 1.443289932012703503e-15 5.013880999999999767e+04 3.458093893158483297e+03 4.198200000000000000e+04 5.987100000000000000e+04
1.331000000000000238e-02 9.899999999999985478e-01 1.443289932012703503e-15 4.954219000000000233e+04 3.805470172514822480e+03 4.167800000000000000e+04 5.983100000000000000e+04
1.464100000000000297e-02 9.899999999999985478e-01 1.443289932012703503e-15 4.776156999999999971e+04 3.465885760537988972e+03 4.017600000000000000e+04 5.760800000000000000e+04
1.610510000000000413e-02 9.899999999999985478e-01 1.443289932012703503e-15 4.750579000000000087e+04 3.661142857892874417e+03 3.837400000000000000e+04 5.577300000000000000e+04
1.771561000000000663e-02 9.899999999999985478e-01 1.443289932012703503e-15 4.629644999999999709e+04 2.808067187141362410e+03 4.010700000000000000e+04 5.344700000000000000e+04
1.948717100000000799e-02 9.899999999999985478e-01 1.443289932012703503e-15 4.635212000000000262e+04 3.557437879373300802e+03 3.868700000000000000e+04 5.730000000000000000e+04
2.143588810000001191e-02 9.899999999999985478e-01 1.443289932012703503e-15 4.525280999999999767e+04 3.664464118244303336e+03 3.797200000000000000e+04 5.557100000000000000e+04
2.357947691000001483e-02 9.899999999999985478e-01 1.443289932012703503e-15 4.392991000000000349e+04 3.329025356151556934e+03 3.771300000000000000e+04 5.578300000000000000e+04
2.593742460100001770e-02 9.899999999999985478e-01 1.443289932012703503e-15 4.293704000000000087e+04 3.068121262010352439e+03 3.734500000000000000e+04 5.309300000000000000e+04
2.853116706110002052e-02 9.899999999999985478e-01 1.443289932012703503e-15 4.171136000000000058e+04 3.371979876926906854e+03 3.658100000000000000e+04 5.245900000000000000e+04
3.138428376721002361e-02 9.899999999999985478e-01 1.443289932012703503e-15 4.200466999999999825e+04 3.045883477925575789e+03 3.593600000000000000e+04 4.974800000000000000e+04
3.452271214393103083e-02 9.899999999999985478e-01 1.443289932012703503e-15 4.099934999999999854e+04 3.124957277707969752e+03 3.448400000000000000e+04 5.053100000000000000e+04
3.797498335832413807e-02 9.899999999999985478e-01 1.443289932012703503e-15 3.996715000000000146e+04 2.544013704267333651e+03 3.317900000000000000e+04 4.809300000000000000e+04
4.177248169415655188e-02 9.899999999999985478e-01 1.443289932012703503e-15 3.989756999999999971e+04 3.025675429569403605e+03 3.311200000000000000e+04 4.975700000000000000e+04
4.594972986357220845e-02 9.899999999999985478e-01 1.443289932012703503e-15 3.858730000000000291e+04 2.714461646441149696e+03 3.244400000000000000e+04 4.662700000000000000e+04
5.054470284992943624e-02 9.899999999999985478e-01 1.443289932012703503e-15 3.766504000000000087e+04 2.939299314190373934e+03 3.170500000000000000e+04 4.814000000000000000e+04
5.559917313492238750e-02 9.899999999999985478e-01 1.443289932012703503e-15 3.698576999999999680e+04 2.945087855582580232e+03 3.088000000000000000e+04 4.732500000000000000e+04
6.115909044841463110e-02 9.899999999999985478e-01 1.443289932012703503e-15 3.578959999999999854e+04 2.712965454995695382e+03 2.878900000000000000e+04 4.613700000000000000e+04
6.727499949325610462e-02 9.899999999999985478e-01 1.443289932012703503e-15 3.540876000000000204e+04 2.445211905418423612e+03 3.031300000000000000e+04 4.319800000000000000e+04
7.400249944258172063e-02 9.899999999999985478e-01 1.443289932012703503e-15 3.443480000000000291e+04 2.524068814434344858e+03 2.981400000000000000e+04 4.094600000000000000e+04
8.140274938683990380e-02 9.899999999999985478e-01 1.443289932012703503e-15 3.441736000000000058e+04 2.881936316159675243e+03 2.912300000000000000e+04 4.663100000000000000e+04
8.954302432552389834e-02 9.899999999999985478e-01 1.443289932012703503e-15 3.349494999999999709e+04 2.474084882840522368e+03 2.864000000000000000e+04 4.386500000000000000e+04
9.849732675807629234e-02 9.899999999999985478e-01 1.443289932012703503e-15 3.288075000000000000e+04 2.332567582622205464e+03 2.854300000000000000e+04 4.250000000000000000e+04
1.083470594338839244e-01 9.899999999999985478e-01 1.443289932012703503e-15 3.199508000000000175e+04 2.301681627332503467e+03 2.699600000000000000e+04 3.982800000000000000e+04
1.191817653772723196e-01 9.899999999999985478e-01 1.443289932012703503e-15 3.159254000000000087e+04 2.480280630977067631e+03 2.714700000000000000e+04 4.124000000000000000e+04
1.310999419149995737e-01 9.899999999999985478e-01 1.443289932012703503e-15 3.096652999999999884e+04 2.008968966684154793e+03 2.592700000000000000e+04 3.776300000000000000e+04
1.442099361064995422e-01 9.899999999999985478e-01 1.443289932012703503e-15 3.019691999999999825e+04 2.003540649350544300e+03 2.614900000000000000e+04 3.648500000000000000e+04
1.586309297171495103e-01 9.899999999999985478e-01 1.443289932012703503e-15 2.989870999999999913e+04 2.118973842665359825e+03 2.542900000000000000e+04 3.644800000000000000e+04
1.744940226888644641e-01 9.899999999999985478e-01 1.443289932012703503e-15 2.926802999999999884e+04 1.790610702832974539e+03 2.531700000000000000e+04 3.400800000000000000e+04
1.919434249577509355e-01 9.899999999999985478e-01 1.443289932012703503e-15 2.870243999999999869e+04 2.177834301869634146e+03 2.472100000000000000e+04 3.594500000000000000e+04
2.111377674535260540e-01 9.899999999999985478e-01 1.443289932012703503e-15 2.834222000000000116e+04 1.766089542350557394e+03 2.464500000000000000e+04 3.336200000000000000e+04
2.322515441988786677e-01 9.899999999999985478e-01 1.443289932012703503e-15 2.780433000000000175e+04 2.448006409530006749e+03 2.412500000000000000e+04 3.916900000000000000e+04
2.554766986187665401e-01 9.899999999999985478e-01 1.443289932012703503e-15 2.744490000000000146e+04 1.838101740927307901e+03 2.284500000000000000e+04 3.392500000000000000e+04
2.810243684806432163e-01 9.899999999999985478e-01 1.443289932012703503e-15 2.741199000000000160e+04 2.274095321199179125e+03 2.280200000000000000e+04 3.402000000000000000e+04
3.091268053287075657e-01 9.899999999999985478e-01 1.443289932012703503e-15 2.630890999999999985e+04 1.911780359220168975e+03 2.305600000000000000e+04 3.549200000000000000e+04
3.400394858615783389e-01 9.899999999999985478e-01 1.443289932012703503e-15 2.643847000000000116e+04 2.173845327777485181e+03 2.317600000000000000e+04 3.787400000000000000e+04
3.740434344477361894e-01 9.899999999999985478e-01 1.443289932012703503e-15 2.595097000000000116e+04 1.746553826568193927e+03 2.243000000000000000e+04 3.141300000000000000e+04
4.114477778925098583e-01 9.899999999999985478e-01 1.443289932012703503e-15 2.563345000000000073e+04 2.084767283775338001e+03 2.232100000000000000e+04 3.471900000000000000e+04
4.525925556817608775e-01 9.899999999999985478e-01 1.443289932012703503e-15 2.564986999999999898e+04 1.992382948406254854e+03 2.221500000000000000e+04 3.411700000000000000e+04
4.978518112499369930e-01 9.899999999999985478e-01 1.443289932012703503e-15 2.520313000000000102e+04 1.808898745950142711e+03 2.144200000000000000e+04 3.258300000000000000e+04
5.476369923749306867e-01 9.899999999999985478e-01 1.443289932012703503e-15 2.482195000000000073e+04 1.608653743818103294e+03 2.138000000000000000e+04 2.894500000000000000e+04
6.024006916124238220e-01 9.899999999999985478e-01 1.443289932012703503e-15 2.485159999999999854e+04 1.987367897496585329e+03 2.146900000000000000e+04 3.078500000000000000e+04
6.626407607736662930e-01 9.899999999999985478e-01 1.443289932012703503e-15 2.435411999999999898e+04 1.626620221686672494e+03 2.138800000000000000e+04 3.130000000000000000e+04
7.289048368510330222e-01 9.899999999999985478e-01 1.443289932012703503e-15 2.434434000000000015e+04 2.048610593646337293e+03 2.132300000000000000e+04 3.427400000000000000e+04
8.017953205361363356e-01 9.899999999999985478e-01 1.443289932012703503e-15 2.454236000000000058e+04 1.768904720554502092e+03 2.151000000000000000e+04 3.102800000000000000e+04
8.819748525897500580e-01 9.899999999999985478e-01 1.443289932012703503e-15 2.469727000000000044e+04 1.663053395745307625e+03 2.102400000000000000e+04 2.873200000000000000e+04
9.701723378487251415e-01 9.899999999999985478e-01 1.443289932012703503e-15 2.506499000000000160e+04 2.535987777947677387e+03 2.110300000000000000e+04 3.590500000000000000e+04
9.801723378487251503e-01 9.899999999999985478e-01 1.443289932012703503e-15 2.465568999999999869e+04 2.167711303172080989e+03 2.086400000000000000e+04 3.208400000000000000e+04
9.901723378487251592e-01 9.899999999999985478e-01 1.443289932012703503e-15 2.475304999999999927e+04 2.098534519015591286e+03 2.127600000000000000e+04 3.112300000000000000e+04
1.000172337848725057e+00 9.899999999999985478e-01 1.443289932012703503e-15 2.425634000000000015e+04 1.640019141473659602e+03 2.135600000000000000e+04 3.072300000000000000e+04
