1.000000000000000021e-02 9.899999999999985478e-01 1.443289932012703503e-15 5.464690000000000146e+04 3.953117669637471863e+03 4.559100000000000000e+04 6.677900000000000000e+04
1.100000000000000110e-02 9.899999999999985478e-01 1.443289932012703503e-15 5.357384999999999854e+04 4.048096983460251977e+03 4.500500000000000000e+04 6.373300000000000000e+04
1.210000000000000138e-02 9.899999999999985478e-01 1.443289932012703503e-15 5.207468000000000029e+04 3.516645415392345512e+03 4.581500000000000000e+04 6.373800000000000000e+04
1.331000000000000238e-02 9.899999999999985478e-01 1.443289932012703503e-15 5.162270999999999913e+04 3.686152102925218060e+03 4.399500000000000000e+04 6.366000000000000000e+04
1.464100000000000297e-02 9.899999999999985478e-01 1.443289932012703503e-15 5.050575000000000000e+04 3.511557857632421474e+03 4.234200000000000000e+04 6.099900000000000000e+04
1.610510000000000413e-02 9.899999999999985478e-01 1.443289932012703503e-15 5.077061000000000058e+04 4.082275117860138380e+03 4.446000000000000000e+04 6.215500000000000000e+04
1.771561000000000663e-02 9.899999999999985478e-01 1.443289932012703503e-15 4.944726999999999680e+04 3.181060042988814530e+03 4.187500000000000000e+04 5.725400000000000000e+04
1.948717100000000799e-02 9.899999999999985478e-01 1.443289932012703503e-15 4.858940000000000146e+04 2.849339786687435208e+03 4.379000000000000000e+04 5.720900000000000000e+04
2.143588810000001191e-02 9.899999999999985478e-01 1.443289932012703503e-15 4.733711000000000058e+04 3.704682466541498343e+03 4.060700000000000000e+04 5.610000000000000000e+04
2.357947691000001483e-02 9.899999999999985478e-01 1.443289932012703503e-15 4.633948999999999796e+04 2.925152691723972112e+03 3.986300000000000000e+04 5.296200000000000000e+04
2.593742460100001770e-02 9.899999999999985478e-01 1.443289932012703503e-15 4.553983999999999651e+04 3.453352552868009298e+03 3.800300000000000000e+04 5.323600000000000000e+04
2.853116706110002052e-02 9.899999999999985478e-01 1.443289932012703503e-15 4.504215000000000146e+04 3.699124367671354321e+03 3.610200000000000000e+04 5.449900000000000000e+04
3.138428376721002361e-02 9.899999999999985478e-01 1.443289932012703503e-15 4.369652999999999884e+04 2.821541831889082914e+03 3.696900000000000000e+04 5.014700000000000000e+04
3.452271214393103083e-02 9.899999999999985478e-01 1.443289932012703503e-15 4.298713999999999942e+04 2.614252091975828989e+03 3.814600000000000000e+04 4.965900000000000000e+04
3.797498335832413807e-02 9.899999999999985478e-01 1.443289932012703503e-15 4.254254000000000087e+04 3.212450651512020158e+03 3.532200000000000000e+04 5.202000000000000000e+04
4.177248169415655188e-02 9.899999999999985478e-01 1.443289932012703503e-15 4.125937999999999738e+04 2.626426126050378571e+03 3.558800000000000000e+04 4.746400000000000000e+04
4.594972986357220845e-02 9.899999999999985478e-01 1.443289932012703503e-15 4.142968000000000029e+04 2.510443685407024077e+03 3.589300000000000000e+04 4.724300000000000000e+04
5.054470284992943624e-02 9.899999999999985478e-01 1.443289932012703503e-15 4.035116000000000349e+04 2.698771845562348062e+03 3.599500000000000000e+04 4.706500000000000000e+04
5.559917313492238750e-02 9.899999999999985478e-01 1.443289932012703503e-15 3.924555999999999767e+04 2.712732225340348577e+03 3.396100000000000000e+04 5.102600000000000000e+04
6.115909044841463110e-02 9.899999999999985478e-01 1.443289932012703503e-15 3.888840000000000146e+04 2.607612271791954299e+03 3.401100000000000000e+04 4.719500000000000000e+04
6.727499949325610462e-02 9.899999999999985478e-01 1.443289932012703503e-15 3.816901999999999680e+04 2.560296385108568302e+03 3.209800000000000000e+04 4.743800000000000000e+04
7.400249944258172063e-02 9.899999999999985478e-01 1.443289932012703503e-15 3.768593000000000029e+04 2.532727941390468459e+03 3.220700000000000000e+04 4.497500000000000000e+04
8.140274938683990380e-02 9.899999999999985478e-01 1.443289932012703503e-15 3.681787999999999738e+04 2.676913406444070915e+03 3.145700000000000000e+04 4.592100000000000000e+04
8.954302432552389834e-02 9.899999999999985478e-01 1.443289932012703503e-15 3.584184999999999854e+04 2.433375476062007237e+03 3.080500000000000000e+04 4.503700000000000000e+04
9.849732675807629234e-02 9.899999999999985478e-01 1.443289932012703503e-15 3.565030000000000291e+04 2.680629028791562632e+03 3.131600000000000000e+04 4.462000000000000000e+04
1.083470594338839244e-01 9.899999999999985478e-01 1.443289932012703503e-15 3.456591000000000349e+04 2.270715698166549828e+03 3.045100000000000000e+04 4.239000000000000000e+04
1.191817653772723196e-01 9.899999999999985478e-01 1.443289932012703503e-15 3.454611000000000058e+04 2.868886884821358308e+03 2.960500000000000000e+04 4.418500000000000000e+04
1.310999419149995737e-01 9.899999999999985478e-01 1.443289932012703503e-15 3.337930000000000291e+04 2.105861792711003091e+03 2.916000000000000000e+04 4.017400000000000000e+04
1.442099361064995422e-01 9.899999999999985478e-01 1.443289932012703503e-15 3.296162000000000262e+04 2.281317057228126941e+03 2.884000000000000000e+04 3.937700000000000000e+04
1.586309297171495103e-01 9.899999999999985478e-01 1.443289932012703503e-15 3.248291999999999825e+04 2.522071425158296279e+03 2.853100000000000000e+04 4.128000000000000000e+04
1.744940226888644641e-01 9.899999999999985478e-01 1.443289932012703503e-15 3.184195000000000073e+04 2.094979567322793628e+03 2.820800000000000000e+04 3.814100000000000000e+04
1.919434249577509355e-01 9.899999999999985478e-01 1.443289932012703503e-15 3.161581999999999971e+04 1.742011471718828943e+03 2.859500000000000000e+04 3.681700000000000000e+04
2.111377674535260540e-01 9.899999999999985478e-01 1.443289932012703503e-15 3.123584999999999854e+04 2.219542459044205316e+03 2.731200000000000000e+04 4.211800000000000000e+04
2.322515441988786677e-01 9.899999999999985478e-01 1.443289932012703503e-15 3.057015000000000146e+04 2.359711445812813508e+03 2.670600000000000000e+04 3.877600000000000000e+04
2.554766986187665401e-01 9.899999999999985478e-01 1.443289932012703503e-15 3.024940000000000146e+04 1.779161819509400175e+03 2.647800000000000000e+04 3.509200000000000000e+04
2.810243684806432163e-01 9.899999999999985478e-01 1.443289932012703503e-15 2.978925999999999840e+04 1.868709434984476502e+03 2.633500000000000000e+04 3.608700000000000000e+04
3.091268053287075657e-01 9.899999999999985478e-01 1.443289932012703503e-15 2.935770999999999913e+04 1.891356319126567996e+03 2.582700000000000000e+04 3.496500000000000000e+04
3.400394858615783389e-01 9.899999999999985478e-01 1.443289932012703503e-15 2.919356000000000131e+04 2.074740616655489248e+03 2.544300000000000000e+04 3.432500000000000000e+04
3.740434344477361894e-01 9.899999999999985478e-01 1.443289932012703503e-15 2.885879999999999927e+04 2.021241306722183708e+03 2.564700000000000000e+04 3.658900000000000000e+04
4.114477778925098583e-01 9.899999999999985478e-01 1.443289932012703503e-15 2.820163000000000102e+04 1.799250341975790889e+03 2.485800000000000000e+04 3.517500000000000000e+04
4.525925556817608775e-01 9.899999999999985478e-01 1.443289932012703503e-15 2.809068000000000029e+04 2.220118712501653590e+03 2.485000000000000000e+04 3.582900000000000000e+04
4.978518112499369930e-01 9.899999999999985478e-01 1.443289932012703503e-15 2.783458000000000175e+04 1.995934589008367084e+03 2.434000000000000000e+04 3.718100000000000000e+04
5.476369923749306867e-01 9.899999999999985478e-01 1.443289932012703503e-15 2.770165999999999985e+04 2.012684998801352322e+03 2.405300000000000000e+04 3.389600000000000000e+04
6.024006916124238220e-01 9.899999999999985478e-01 1.443289932012703503e-15 2.801618999999999869e+04 2.420557851797803778e+03 2.446000000000000000e+04 4.085200000000000000e+04
6.626407607736662930e-01 9.899999999999985478e-01 1.443289932012703503e-15 2.715906999999999971e+04 1.908290209873749973e+03 2.387500000000000000e+04 3.630400000000000000e+04
7.289048368510330222e-01 9.899999999999985478e-01 1.443289932012703503e-15 2.723800999999999840e+04 1.815559729091829695e+03 2.360500000000000000e+04 3.515400000000000000e+04
8.017953205361363356e-01 9.899999999999985478e-01 1.443289932012703503e-15 2.704008000000000175e+04 1.762967048359101227e+03 2.336900000000000000e+04 3.445100000000000000e+04
8.819748525897500580e-01 9.899999999999985478e-01 1.443289932012703503e-15 2.727325999999999840e+04 2.019660454729952789e+03 2.403600000000000000e+04 3.433200000000000000e+04
9.701723378487251415e-01 9.899999999999985478e-01 1.443289932012703503e-15 2.687261999999999898e+04 1.713691476199843464e+03 2.387700000000000000e+04 3.245800000000000000e+04
9.801723378487251503e-01 9.899999999999985478e-01 1.443289932012703503e-15 2.722147999999999956e+04 1.903174655568952630e+03 2.411200000000000000e+04 3.586500000000000000e+04
9.901723378487251592e-01 9.899999999999985478e-01 1.443289932012703503e-15 2.703854000000000087e+04 2.170786850061515906e+03 2.367900000000000000e+04 3.805000000000000000e+04
1.000172337848725057e+00 9.899999999999985478e-01 1.443289932012703503e-15 2.727891999999999825e+04 1.874694101340269526e+03 2.406500000000000000e+04 3.509400000000000000e+04
