1.000000000000000021e-02 9.899999999999985478e-01 1.443289932012703503e-15 4.118118000000000029e+04 2.621583824255863419e+03 3.491400000000000000e+04 4.760200000000000000e+04
1.100000000000000110e-02 9.899999999999985478e-01 1.443289932012703503e-15 4.102561000000000058e+04 3.012308028389526953e+03 3.543100000000000000e+04 5.102200000000000000e+04
1.210000000000000138e-02 9.899999999999985478e-01 1.443289932012703503e-15 3.989619000000000233e+04 2.771508775721266829e+03 3.394700000000000000e+04 4.686200000000000000e+04
1.331000000000000238e-02 9.899999999999985478e-01 1.443289932012703503e-15 3.951601000000000204e+04 2.785773086577584309e+03 3.190300000000000000e+04 4.855300000000000000e+04
1.464100000000000297e-02 9.899999999999985478e-01 1.443289932012703503e-15 3.787938999999999942e+04 2.654404305658804788e+03 3.239300000000000000e+04 4.523400000000000000e+04
1.610510000000000413e-02 9.899999999999985478e-01 1.443289932012703503e-15 3.744515000000000146e+04 2.272464007965802921e+03 3.249600000000000000e+04 4.359800000000000000e+04
1.771561000000000663e-02 9.899999999999985478e-01 1.443289932012703503e-15 3.692286000000000058e+04 2.627941331232491848e+03 3.044100000000000000e+04 4.392100000000000000e+04
1.948717100000000799e-02 9.899999999999985478e-01 1.443289932012703503e-15 3.618341000000000349e+04 2.243880572111626407e+03 3.145600000000000000e+04 4.239600000000000000e+04
2.143588810000001191e-02 9.899999999999985478e-01 1.443289932012703503e-15 3.513586000000000058e+04 2.347282680121847079e+03 3.085500000000000000e+04 4.119600000000000000e+04
2.357947691000001483e-02 9.899999999999985478e-01 1.443289932012703503e-15 3.454105999999999767e+04 2.072881201709350080e+03 2.983200000000000000e+04 4.011300000000000000e+04
2.593742460100001770e-02 9.899999999999985478e-01 1.443289932012703503e-15 3.343856999999999971e+04 2.179651977977218394e+03 2.764900000000000000e+04 3.901600000000000000e+04
2.853116706110002052e-02 9.899999999999985478e-01 1.443289932012703503e-15 3.278494999999999709e+04 1.882336268444084453e+03 2.874400000000000000e+04 3.806200000000000000e+04
3.138428376721002361e-02 9.899999999999985478e-01 1.443289932012703503e-15 3.200443000000000029e+04 1.825698952483677886e+03 2.716000000000000000e+04 3.678300000000000000e+04
3.452271214393103083e-02 9.899999999999985478e-01 1.443289932012703503e-15 3.145158000000000175e+04 1.869368423719626207e+03 2.722500000000000000e+04 3.782600000000000000e+04
3.797498335832413807e-02 9.899999999999985478e-01 1.443289932012703503e-15 3.074072999999999956e+04 2.010134984795797436e+03 2.529000000000000000e+04 3.514800000000000000e+04
4.177248169415655188e-02 9.899999999999985478e-01 1.443289932012703503e-15 2.969688999999999942e+04 1.940939766685200084e+03 2.614800000000000000e+04 3.508700000000000000e+04
4.594972986357220845e-02 9.899999999999985478e-01 1.443289932012703503e-15 2.926138000000000102e+04 1.891906101158300316e+03 2.441600000000000000e+04 3.497700000000000000e+04
5.054470284992943624e-02 9.899999999999985478e-01 1.443289932012703503e-15 2.863638000000000102e+04 1.789598087728079918e+03 2.534700000000000000e+04 3.418500000000000000e+04
5.559917313492238750e-02 9.899999999999985478e-01 1.443289932012703503e-15 2.795511999999999898e+04 1.624782657957673109e+03 2.438400000000000000e+04 3.213000000000000000e+04
6.115909044841463110e-02 9.899999999999985478e-01 1.443289932012703503e-15 2.735456999999999971e+04 1.661569548679801983e+03 2.363700000000000000e+04 3.250700000000000000e+04
6.727499949325610462e-02 9.899999999999985478e-01 1.443289932012703503e-15 2.644433000000000175e+04 1.431008672615228988e+03 2.383300000000000000e+04 3.140200000000000000e+04
7.400249944258172063e-02 9.899999999999985478e-01 1.443289932012703503e-15 2.599640000000000146e+04 1.262645057013252654e+03 2.310800000000000000e+04 2.942700000000000000e+04
8.140274938683990380e-02 9.899999999999985478e-01 1.443289932012703503e-15 2.545529999999999927e+04 1.432644613991900087e+03 2.268300000000000000e+04 2.870600000000000000e+04
8.954302432552389834e-02 9.899999999999985478e-01 1.443289932012703503e-15 2.494322000000000116e+04 1.283548655719758699e+03 2.200100000000000000e+04 2.763700000000000000e+04
9.849732675807629234e-02 9.899999999999985478e-01 1.443289932012703503e-15 2.422329999999999927e+04 1.158034917435566740e+03 2.156700000000000000e+04 2.736400000000000000e+04
1.083470594338839244e-01 9.899999999999985478e-01 1.443289932012703503e-15 2.394336999999999898e+04 1.150389739653479182e+03 2.130400000000000000e+04 2.919000000000000000e+04
1.191817653772723196e-01 9.899999999999985478e-01 1.443289932012703503e-15 2.336183000000000175e+04 1.302614786151301132e+03 2.070500000000000000e+04 2.825700000000000000e+04
1.310999419149995737e-01 9.899999999999985478e-01 1.443289932012703503e-15 2.279295000000000073e+04 1.223033207848421398e+03 2.049400000000000000e+04 2.626100000000000000e+04
1.442099361064995422e-01 9.899999999999985478e-01 1.443289932012703503e-15 2.228661999999999898e+04 1.135443382824524861e+03 1.912400000000000000e+04 2.492800000000000000e+04
1.586309297171495103e-01 9.899999999999985478e-01 1.443289932012703503e-15 2.191315000000000146e+04 1.304288207222621622e+03 1.930300000000000000e+04 2.766900000000000000e+04
1.744940226888644641e-01 9.899999999999985478e-01 1.443289932012703503e-15 2.143213999999999942e+04 9.916687049614906755e+02 1.933100000000000000e+04 2.363000000000000000e+04
1.919434249577509355e-01 9.899999999999985478e-01 1.443289932012703503e-15 2.076936000000000058e+04 9.993993548126794622e+02 1.873400000000000000e+04 2.360000000000000000e+04
2.111377674535260540e-01 9.899999999999985478e-01 1.443289932012703503e-15 2.058606000000000131e+04 9.833604305645003478e+02 1.811500000000000000e+04 2.348000000000000000e+04
2.322515441988786677e-01 9.899999999999985478e-01 1.443289932012703503e-15 2.031113000000000102e+04 9.471910013825089436e+02 1.758500000000000000e+04 2.266000000000000000e+04
2.554766986187665401e-01 9.899999999999985478e-01 1.443289932012703503e-15 1.987266999999999825e+04 8.444768919869861747e+02 1.780600000000000000e+04 2.242500000000000000e+04
2.810243684806432163e-01 9.899999999999985478e-01 1.443289932012703503e-15 1.949770999999999913e+04 8.175565215323035773e+02 1.763200000000000000e+04 2.239200000000000000e+04
3.091268053287075657e-01 9.899999999999985478e-01 1.443289932012703503e-15 1.906911000000000058e+04 8.344492063031758562e+02 1.725600000000000000e+04 2.170700000000000000e+04
3.400394858615783389e-01 9.899999999999985478e-01 1.443289932012703503e-15 1.873409000000000015e+04 7.003569817600165379e+02 1.719400000000000000e+04 2.067000000000000000e+04
3.740434344477361894e-01 9.899999999999985478e-01 1.443289932012703503e-15 1.848791999999999825e+04 8.766781813185497185e+02 1.703400000000000000e+04 2.135700000000000000e+04
4.114477778925098583e-01 9.899999999999985478e-01 1.443289932012703503e-15 1.818450000000000000e+04 7.802593863581520282e+02 1.635900000000000000e+04 2.055900000000000000e+04
4.525925556817608775e-01 9.899999999999985478e-01 1.443289932012703503e-15 1.799118000000000029e+04 8.083316445618098669e+02 1.655200000000000000e+04 2.042500000000000000e+04
4.978518112499369930e-01 9.899999999999985478e-01 1.443289932012703503e-15 1.775350000000000000e+04 6.437989204712912397e+02 1.640100000000000000e+04 1.938000000000000000e+04
5.476369923749306867e-01 9.899999999999985478e-01 1.443289932012703503e-15 1.760858000000000175e+04 6.606770645330441312e+02 1.617500000000000000e+04 1.939200000000000000e+04
6.024006916124238220e-01 9.899999999999985478e-01 1.443289932012703503e-15 1.747904000000000087e+04 6.050484099640293607e+02 1.608800000000000000e+04 1.955600000000000000e+04
6.626407607736662930e-01 9.899999999999985478e-01 1.443289932012703503e-15 1.737670999999999913e+04 6.874555010326124602e+02 1.591600000000000000e+04 1.996000000000000000e+04
7.289048368510330222e-01 9.899999999999985478e-01 1.443289932012703503e-15 1.743086999999999898e+04 6.292925338028411488e+02 1.618800000000000000e+04 1.888400000000000000e+04
8.017953205361363356e-01 9.899999999999985478e-01 1.443289932012703503e-15 1.725115999999999985e+04 7.400727088604199935e+02 1.557900000000000000e+04 2.011700000000000000e+04
8.819748525897500580e-01 9.899999999999985478e-01 1.443289932012703503e-15 1.711970000000000073e+04 7.146998880649135799e+02 1.584500000000000000e+04 1.934400000000000000e+04
9.701723378487251415e-01 9.899999999999985478e-01 1.443289932012703503e-15 1.713100000000000000e+04 6.990358502966782908e+02 1.532700000000000000e+04 1.919300000000000000e+04
9.801723378487251503e-01 9.899999999999985478e-01 1.443289932012703503e-15 1.718599000000000160e+04 6.801790425321852354e+02 1.561400000000000000e+04 1.908000000000000000e+04
9.901723378487251592e-01 9.899999999999985478e-01 1.443289932012703503e-15 1.719938000000000102e+04 6.483302365307359878e+02 1.557000000000000000e+04 1.948000000000000000e+04
1.000172337848725057e+00 9.899999999999985478e-01 1.443289932012703503e-15 1.722295000000000073e+04 7.066959087896291294e+02 1.581500000000000000e+04 1.923900000000000000e+04
