1.000000000000000021e-02 9.899999999999985478e-01 1.443289932012703503e-15 5.520837999999999738e+04 3.711848921440634967e+03 4.648500000000000000e+04 6.607400000000000000e+04
1.100000000000000110e-02 9.899999999999985478e-01 1.443289932012703503e-15 5.518438999999999942e+04 3.903686752020454605e+03 4.584600000000000000e+04 6.796100000000000000e+04
1.210000000000000138e-02 9.899999999999985478e-01 1.443289932012703503e-15 5.331352999999999884e+04 3.521959410484453201e+03 4.581900000000000000e+04 6.186800000000000000e+04
1.331000000000000238e-02 9.899999999999985478e-01 1.443289932012703503e-15 5.305709999999999854e+04 3.717106747189269754e+03 4.528900000000000000e+04 6.507900000000000000e+04
1.464100000000000297e-02 9.899999999999985478e-01 1.443289932012703503e-15 5.192194999999999709e+04 3.496397424135304391e+03 4.511100000000000000e+04 6.613000000000000000e+04
1.610510000000000413e-02 9.899999999999985478e-01 1.443289932012703503e-15 5.088723999999999796e+04 3.579604330425360786e+03 4.250400000000000000e+04 5.837300000000000000e+04
1.771561000000000663e-02 9.899999999999985478e-01 1.443289932012703503e-15 5.067691999999999825e+04 3.620394447239139936e+03 4.253800000000000000e+04 6.082400000000000000e+04
1.948717100000000799e-02 9.899999999999985478e-01 1.443289932012703503e-15 4.976848000000000320e+04 3.317445416220137759e+03 4.363700000000000000e+04 6.059700000000000000e+04
2.143588810000001191e-02 9.899999999999985478e-01 1.443289932012703503e-15 4.827366999999999825e+04 3.661802810242517353e+03 4.183900000000000000e+04 6.343400000000000000e+04
2.357947691000001483e-02 9.899999999999985478e-01 1.443289932012703503e-15 4.786981999999999971e+04 3.736247195729961277e+03 4.121800000000000000e+04 5.970100000000000000e+04
2.593742460100001770e-02 9.899999999999985478e-01 1.443289932012703503e-15 4.713536000000000058e+04 3.054003403796400562e+03 4.094100000000000000e+04 5.464400000000000000e+04
2.853116706110002052e-02 9.899999999999985478e-01 1.443289932012703503e-15 4.606987999999999738e+04 2.764512930988025346e+03 4.093000000000000000e+04 5.664700000000000000e+04
3.138428376721002361e-02 9.899999999999985478e-01 1.443289932012703503e-15 4.575929000000000087e+04 3.202883039684714731e+03 3.899500000000000000e+04 5.638000000000000000e+04
3.452271214393103083e-02 9.899999999999985478e-01 1.443289932012703503e-15 4.476348999999999796e+04 3.157855061572648992e+03 3.790000000000000000e+04 5.048300000000000000e+04
3.797498335832413807e-02 9.899999999999985478e-01 1.443289932012703503e-15 4.363776000000000204e+04 2.401711939929516120e+03 3.864800000000000000e+04 4.938600000000000000e+04
4.177248169415655188e-02 9.899999999999985478e-01 1.443289932012703503e-15 4.316726000000000204e+04 3.250180138453867130e+03 3.623900000000000000e+04 5.394400000000000000e+04
4.594972986357220845e-02 9.899999999999985478e-01 1.443289932012703503e-15 4.208191000000000349e+04 2.660462719509522685e+03 3.533400000000000000e+04 4.892400000000000000e+04
5.054470284992943624e-02 9.899999999999985478e-01 1.443289932012703503e-15 4.080843000000000029e+04 2.440311050890848946e+03 3.545400000000000000e+04 4.737600000000000000e+04
5.559917313492238750e-02 9.899999999999985478e-01 1.443289932012703503e-15 4.080304000000000087e+04 2.677074645653348853e+03 3.588400000000000000e+04 4.774900000000000000e+04
6.115909044841463110e-02 9.899999999999985478e-01 1.443289932012703503e-15 4.017911000000000058e+04 2.728685126191734525e+03 3.582700000000000000e+04 4.710600000000000000e+04
6.727499949325610462e-02 9.899999999999985478e-01 1.443289932012703503e-15 3.932719999999999709e+04 2.629060988261779130e+03 3.347600000000000000e+04 4.492900000000000000e+04
7.400249944258172063e-02 9.899999999999985478e-01 1.443289932012703503e-15 3.851245999999999913e+04 2.102676624780900966e+03 3.386500000000000000e+04 4.634700000000000000e+04
8.140274938683990380e-02 9.899999999999985478e-01 1.443289932012703503e-15 3.843855999999999767e+04 2.892233919723644703e+03 3.140800000000000000e+04 4.736500000000000000e+04
8.954302432552389834e-02 9.899999999999985478e-01 1.443289932012703503e-15 3.756619000000000233e+04 2.638149535924755583e+03 3.295400000000000000e+04 4.530200000000000000e+04
9.849732675807629234e-02 9.899999999999985478e-01 1.443289932012703503e-15 3.655480000000000291e+04 2.110591888546907285e+03 3.176100000000000000e+04 4.182800000000000000e+04
1.083470594338839244e-01 9.899999999999985478e-01 1.443289932012703503e-15 3.626945999999999913e+04 2.390035758811989126e+03 3.164700000000000000e+04 4.694200000000000000e+04
1.191817653772723196e-01 9.899999999999985478e-01 1.443289932012703503e-15 3.578869000000000233e+04 2.641501727029531594e+03 3.080500000000000000e+04 4.371100000000000000e+04
1.310999419149995737e-01 9.899999999999985478e-01 1.443289932012703503e-15 3.465800000000000000e+04 2.080517623092868689e+03 3.012500000000000000e+04 4.279600000000000000e+04
1.442099361064995422e-01 9.899999999999985478e-01 1.443289932012703503e-15 3.404615000000000146e+04 2.075650993664396992e+03 3.004600000000000000e+04 3.963000000000000000e+04
1.586309297171495103e-01 9.899999999999985478e-01 1.443289932012703503e-15 3.370513999999999942e+04 1.994207958162839077e+03 2.871000000000000000e+04 3.909900000000000000e+04
1.744940226888644641e-01 9.899999999999985478e-01 1.443289932012703503e-15 3.324883000000000175e+04 2.185694608379679266e+03 2.927900000000000000e+04 4.115500000000000000e+04
1.919434249577509355e-01 9.899999999999985478e-01 1.443289932012703503e-15 3.265541999999999825e+04 2.197932442910837381e+03 2.878800000000000000e+04 4.095900000000000000e+04
2.111377674535260540e-01 9.899999999999985478e-01 1.443289932012703503e-15 3.210313999999999942e+04 2.496113330840569233e+03 2.812100000000000000e+04 4.243500000000000000e+04
2.322515441988786677e-01 9.899999999999985478e-01 1.443289932012703503e-15 3.161981000000000131e+04 2.022705523278166083e+03 2.744800000000000000e+04 3.808500000000000000e+04
2.554766986187665401e-01 9.899999999999985478e-01 1.443289932012703503e-15 3.118745000000000073e+04 1.871832307526504792e+03 2.799100000000000000e+04 3.811400000000000000e+04
2.810243684806432163e-01 9.899999999999985478e-01 1.443289932012703503e-15 3.082054999999999927e+04 2.391740008341208068e+03 2.680600000000000000e+04 4.298000000000000000e+04
3.091268053287075657e-01 9.899999999999985478e-01 1.443289932012703503e-15 2.995502999999999884e+04 1.885589225971552423e+03 2.680700000000000000e+04 3.615900000000000000e+04
3.400394858615783389e-01 9.899999999999985478e-01 1.443289932012703503e-15 3.030997999999999956e+04 2.051248614771012853e+03 2.627300000000000000e+04 3.679000000000000000e+04
3.740434344477361894e-01 9.899999999999985478e-01 1.443289932012703503e-15 2.965840000000000146e+04 1.975282870882041379e+03 2.612800000000000000e+04 3.885900000000000000e+04
4.114477778925098583e-01 9.899999999999985478e-01 1.443289932012703503e-15 2.939079999999999927e+04 2.129315115242457068e+03 2.604700000000000000e+04 4.023300000000000000e+04
4.525925556817608775e-01 9.899999999999985478e-01 1.443289932012703503e-15 2.919313999999999942e+04 1.989494750030771002e+03 2.579200000000000000e+04 3.574000000000000000e+04
4.978518112499369930e-01 9.899999999999985478e-01 1.443289932012703503e-15 2.860724000000000160e+04 1.663305324466918364e+03 2.469900000000000000e+04 3.314200000000000000e+04
5.476369923749306867e-01 9.899999999999985478e-01 1.443289932012703503e-15 2.807706999999999971e+04 1.666559529419816499e+03 2.456100000000000000e+04 3.285700000000000000e+04
6.024006916124238220e-01 9.899999999999985478e-01 1.443289932012703503e-15 2.785066999999999825e+04 1.649088985197584861e+03 2.431500000000000000e+04 3.284400000000000000e+04
6.626407607736662930e-01 9.899999999999985478e-01 1.443289932012703503e-15 2.800166999999999825e+04 2.174640227968755426e+03 2.484800000000000000e+04 4.097600000000000000e+04
7.289048368510330222e-01 9.899999999999985478e-01 1.443289932012703503e-15 2.792122000000000116e+04 1.845779616205575167e+03 2.506400000000000000e+04 3.328500000000000000e+04
8.017953205361363356e-01 9.899999999999985478e-01 1.443289932012703503e-15 2.790166999999999825e+04 1.958051485814405396e+03 2.510800000000000000e+04 3.475800000000000000e+04
8.819748525897500580e-01 9.899999999999985478e-01 1.443289932012703503e-15 2.788858000000000175e+04 2.597335608580453936e+03 2.395400000000000000e+04 3.800400000000000000e+04
9.701723378487251415e-01 9.899999999999985478e-01 1.443289932012703503e-15 2.773838000000000102e+04 1.784592574118809580e+03 2.462500000000000000e+04 3.370100000000000000e+04
9.801723378487251503e-01 9.899999999999985478e-01 1.443289932012703503e-15 2.783806999999999971e+04 1.698976410989864235e+03 2.474900000000000000e+04 3.305900000000000000e+04
9.901723378487251592e-01 9.899999999999985478e-01 1.443289932012703503e-15 2.751445000000000073e+04 1.856015384499815809e+03 2.480000000000000000e+04 3.314700000000000000e+04
1.000172337848725057e+00 9.899999999999985478e-01 1.443289932012703503e-15 2.776395999999999913e+04 1.737672655709354331e+03 2.406400000000000000e+04 3.220500000000000000e+04
