1.000000000000000021e-02 9.899999999999985478e-01 1.443289932012703503e-15 6.005562000000000262e+04 4.069248681955920802e+03 4.912600000000000000e+04 7.120700000000000000e+04
1.100000000000000110e-02 9.899999999999985478e-01 1.443289932012703503e-15 5.745247000000000116e+04 3.838470371007180347e+03 4.839300000000000000e+04 6.768200000000000000e+04
1.210000000000000138e-02 9.899999999999985478e-01 1.443289932012703503e-15 5.762763999999999942e+04 3.675280007074290552e+03 4.940400000000000000e+04 6.659100000000000000e+04
1.331000000000000238e-02 9.899999999999985478e-01 1.443289932012703503e-15 5.630152999999999884e+04 4.104266149885993400e+03 4.794200000000000000e+04 6.811800000000000000e+04
1.464100000000000297e-02 9.899999999999985478e-01 1.443289932012703503e-15 5.557129000000000087e+04 3.314133064000297054e+03 4.688100000000000000e+04 6.329400000000000000e+04
1.610510000000000413e-02 9.899999999999985478e-01 1.443289932012703503e-15 5.474701999999999680e+04 3.475304150660773303e+03 4.757800000000000000e+04 6.299500000000000000e+04
1.771561000000000663e-02 9.899999999999985478e-01 1.443289932012703503e-15 5.384194999999999709e+04 3.325652682933080996e+03 4.700700000000000000e+04 6.490900000000000000e+04
1.948717100000000799e-02 9.899999999999985478e-01 1.443289932012703503e-15 5.324540000000000146e+04 3.591476718565776537e+03 4.653500000000000000e+04 6.230500000000000000e+04
2.143588810000001191e-02 9.899999999999985478e-01 1.443289932012703503e-15 5.275616000000000349e+04 3.399180835789705270e+03 4.459800000000000000e+04 6.116800000000000000e+04
2.357947691000001483e-02 9.899999999999985478e-01 1.443289932012703503e-15 5.095372000000000116e+04 3.459759121904298354e+03 4.301100000000000000e+04 6.165500000000000000e+04
2.593742460100001770e-02 9.899999999999985478e-01 1.443289932012703503e-15 5.048913999999999942e+04 2.984469239312075388e+03 4.252700000000000000e+04 5.751500000000000000e+04
2.853116706110002052e-02 9.899999999999985478e-01 1.443289932012703503e-15 5.000725000000000000e+04 3.091127953919086849e+03 4.356300000000000000e+04 5.845700000000000000e+04
3.138428376721002361e-02 9.899999999999985478e-01 1.443289932012703503e-15 4.933251999999999680e+04 3.286031802889315259e+03 4.269600000000000000e+04 5.957500000000000000e+04
3.452271214393103083e-02 9.899999999999985478e-01 1.443289932012703503e-15 4.851751999999999680e+04 2.924963827058379593e+03 4.166400000000000000e+04 5.688100000000000000e+04
3.797498335832413807e-02 9.899999999999985478e-01 1.443289932012703503e-15 4.741637000000000262e+04 2.810142347479927594e+03 4.225900000000000000e+04 5.563400000000000000e+04
4.177248169415655188e-02 9.899999999999985478e-01 1.443289932012703503e-15 4.658197000000000116e+04 2.335392572802268205e+03 4.123100000000000000e+04 5.261700000000000000e+04
4.594972986357220845e-02 9.899999999999985478e-01 1.443289932012703503e-15 4.600436000000000058e+04 2.881600754858312939e+03 4.074200000000000000e+04 5.604200000000000000e+04
5.054470284992943624e-02 9.899999999999985478e-01 1.443289932012703503e-15 4.530793000000000029e+04 2.449437667118721038e+03 4.006500000000000000e+04 5.021800000000000000e+04
5.559917313492238750e-02 9.899999999999985478e-01 1.443289932012703503e-15 4.417794000000000233e+04 2.590411541898314226e+03 3.933800000000000000e+04 5.335300000000000000e+04
6.115909044841463110e-02 9.899999999999985478e-01 1.443289932012703503e-15 4.399169999999999709e+04 2.191029691720309984e+03 3.945200000000000000e+04 4.999800000000000000e+04
6.727499949325610462e-02 9.899999999999985478e-01 1.443289932012703503e-15 4.310354000000000087e+04 2.874623089798034016e+03 3.783600000000000000e+04 5.065500000000000000e+04
7.400249944258172063e-02 9.899999999999985478e-01 1.443289932012703503e-15 4.246072000000000116e+04 2.598097411876622118e+03 3.552500000000000000e+04 5.030300000000000000e+04
8.140274938683990380e-02 9.899999999999985478e-01 1.443289932012703503e-15 4.164831999999999971e+04 2.685572109923693915e+03 3.690700000000000000e+04 5.174400000000000000e+04
8.954302432552389834e-02 9.899999999999985478e-01 1.443289932012703503e-15 4.084061000000000058e+04 2.542663209687826111e+03 3.490700000000000000e+04 5.018600000000000000e+04
9.849732675807629234e-02 9.899999999999985478e-01 1.443289932012703503e-15 4.042819999999999709e+04 2.553751871267058505e+03 3.565500000000000000e+04 4.593500000000000000e+04
1.083470594338839244e-01 9.899999999999985478e-01 1.443289932012703503e-15 3.994498999999999796e+04 2.588853980026683985e+03 3.401700000000000000e+04 4.650500000000000000e+04
1.191817653772723196e-01 9.899999999999985478e-01 1.443289932012703503e-15 3.948255999999999767e+04 2.629656750680589994e+03 3.436400000000000000e+04 4.813300000000000000e+04
1.310999419149995737e-01 9.899999999999985478e-01 1.443289932012703503e-15 3.848726000000000204e+04 2.354966210458230307e+03 3.460500000000000000e+04 4.878100000000000000e+04
1.442099361064995422e-01 9.899999999999985478e-01 1.443289932012703503e-15 3.783073000000000320e+04 2.466732887262015538e+03 3.386200000000000000e+04 4.582900000000000000e+04
1.586309297171495103e-01 9.899999999999985478e-01 1.443289932012703503e-15 3.746101000000000204e+04 2.315835816697721384e+03 3.308700000000000000e+04 4.634100000000000000e+04
1.744940226888644641e-01 9.899999999999985478e-01 1.443289932012703503e-15 3.671259999999999854e+04 2.024779938660001562e+03 3.299500000000000000e+04 4.287300000000000000e+04
1.919434249577509355e-01 9.899999999999985478e-01 1.443289932012703503e-15 3.616693000000000029e+04 2.064739379461726912e+03 3.223400000000000000e+04 4.195600000000000000e+04
2.111377674535260540e-01 9.899999999999985478e-01 1.443289932012703503e-15 3.584531999999999971e+04 2.401815962475060587e+03 3.161900000000000000e+04 4.470700000000000000e+04
2.322515441988786677e-01 9.899999999999985478e-01 1.443289932012703503e-15 3.529513999999999942e+04 2.097336301216378160e+03 3.128900000000000000e+04 4.117700000000000000e+04
2.554766986187665401e-01 9.899999999999985478e-01 1.443289932012703503e-15 3.494794999999999709e+04 1.976109300494282024e+03 3.181300000000000000e+04 4.191600000000000000e+04
2.810243684806432163e-01 9.899999999999985478e-01 1.443289932012703503e-15 3.415348999999999796e+04 2.228207182893906520e+03 3.032100000000000000e+04 4.290000000000000000e+04
3.091268053287075657e-01 9.899999999999985478e-01 1.443289932012703503e-15 3.385677999999999884e+04 1.822704318204135234e+03 2.996900000000000000e+04 3.856200000000000000e+04
3.400394858615783389e-01 9.899999999999985478e-01 1.443289932012703503e-15 3.352283999999999651e+04 1.755932576837732995e+03 3.011600000000000000e+04 3.927700000000000000e+04
3.740434344477361894e-01 9.899999999999985478e-01 1.443289932012703503e-15 3.310277999999999884e+04 1.605667310372856036e+03 3.021700000000000000e+04 3.862000000000000000e+04
4.114477778925098583e-01 9.899999999999985478e-01 1.443289932012703503e-15 3.270966999999999825e+04 1.491425405811500923e+03 2.963100000000000000e+04 3.724300000000000000e+04
4.525925556817608775e-01 9.899999999999985478e-01 1.443289932012703503e-15 3.217500999999999840e+04 1.846145977408070848e+03 2.911700000000000000e+04 3.865800000000000000e+04
4.978518112499369930e-01 9.899999999999985478e-01 1.443289932012703503e-15 3.208536000000000058e+04 1.718816805363504045e+03 2.929200000000000000e+04 3.880700000000000000e+04
5.476369923749306867e-01 9.899999999999985478e-01 1.443289932012703503e-15 3.208127999999999884e+04 1.806938322577724193e+03 2.809700000000000000e+04 3.743600000000000000e+04
6.024006916124238220e-01 9.899999999999985478e-01 1.443289932012703503e-15 3.221297999999999956e+04 1.586037855664233575e+03 2.924900000000000000e+04 3.660500000000000000e+04
6.626407607736662930e-01 9.899999999999985478e-01 1.443289932012703503e-15 3.194783000000000175e+04 1.882099402555561483e+03 2.831300000000000000e+04 3.962500000000000000e+04
7.289048368510330222e-01 9.899999999999985478e-01 1.443289932012703503e-15 3.189245999999999913e+04 2.047173468077387270e+03 2.793400000000000000e+04 4.358000000000000000e+04
8.017953205361363356e-01 9.899999999999985478e-01 1.443289932012703503e-15 3.181381999999999971e+04 1.699924941754781912e+03 2.872100000000000000e+04 4.043100000000000000e+04
8.819748525897500580e-01 9.899999999999985478e-01 1.443289932012703503e-15 3.191397000000000116e+04 2.046375920768224887e+03 2.848800000000000000e+04 3.998500000000000000e+04
9.701723378487251415e-01 9.899999999999985478e-01 1.443289932012703503e-15 3.180799000000000160e+04 1.935488643702153240e+03 2.824300000000000000e+04 3.755400000000000000e+04
9.801723378487251503e-01 9.899999999999985478e-01 1.443289932012703503e-15 3.184131000000000131e+04 2.237122512045328676e+03 2.811200000000000000e+04 4.342400000000000000e+04
9.901723378487251592e-01 9.899999999999985478e-01 1.443289932012703503e-15 3.171984999999999854e+04 1.700659362570882649e+03 2.831900000000000000e+04 3.708900000000000000e+04
1.000172337848725057e+00 9.899999999999985478e-01 1.443289932012703503e-15 3.215225999999999840e+04 1.990975055695072570e+03 2.858600000000000000e+04 4.072200000000000000e+04
