1.000000000000000021e-02 9.899999999999985478e-01 1.443289932012703503e-15 5.050648000000000320e+04 3.661936947791428338e+03 4.363500000000000000e+04 5.985400000000000000e+04
1.100000000000000110e-02 9.899999999999985478e-01 1.443289932012703503e-15 4.984923999999999796e+04 3.425373644202920332e+03 4.099900000000000000e+04 5.938000000000000000e+04
1.210000000000000138e-02 9.899999999999985478e-01 1.443289932012703503e-15 4.849459999999999854e+04 3.583489732090772122e+03 4.102200000000000000e+04 6.100300000000000000e+04
1.331000000000000238e-02 9.899999999999985478e-01 1.443289932012703503e-15 4.786380999999999767e+04 3.495617832930252916e+03 4.123900000000000000e+04 5.888000000000000000e+04
1.464100000000000297e-02 9.899999999999985478e-01 1.443289932012703503e-15 4.689290000000000146e+04 4.069566056719068911e+03 3.614600000000000000e+04 5.854500000000000000e+04
1.610510000000000413e-02 9.899999999999985478e-01 1.443289932012703503e-15 4.671409999999999854e+04 3.742363094356291185e+03 3.852300000000000000e+04 5.902900000000000000e+04
1.771561000000000663e-02 9.899999999999985478e-01 1.443289932012703503e-15 4.522048999999999796e+04 3.263705922705046760e+03 3.877400000000000000e+04 5.640800000000000000e+04
1.948717100000000799e-02 9.899999999999985478e-01 1.443289932012703503e-15 4.438952999999999884e+04 3.415583327793366152e+03 3.754300000000000000e+04 5.228400000000000000e+04
2.143588810000001191e-02 9.899999999999985478e-01 1.443289932012703503e-15 4.391397000000000116e+04 3.615905099570506991e+03 3.652100000000000000e+04 5.351100000000000000e+04
2.357947691000001483e-02 9.899999999999985478e-01 1.443289932012703503e-15 4.166876999999999680e+04 3.284890305185243051e+03 3.394400000000000000e+04 5.049700000000000000e+04
2.593742460100001770e-02 9.899999999999985478e-01 1.443289932012703503e-15 4.184619999999999709e+04 3.260577093092570522e+03 3.447400000000000000e+04 5.091700000000000000e+04
2.853116706110002052e-02 9.899999999999985478e-01 1.443289932012703503e-15 4.132951999999999680e+04 3.057164239879826255e+03 3.501100000000000000e+04 5.045800000000000000e+04
3.138428376721002361e-02 9.899999999999985478e-01 1.443289932012703503e-15 4.063765000000000146e+04 3.433608412079048321e+03 3.424000000000000000e+04 5.202400000000000000e+04
3.452271214393103083e-02 9.899999999999985478e-01 1.443289932012703503e-15 3.967702999999999884e+04 2.914861236680058482e+03 3.386500000000000000e+04 4.906800000000000000e+04
3.797498335832413807e-02 9.899999999999985478e-01 1.443289932012703503e-15 3.882762999999999738e+04 3.346303783744088378e+03 3.344200000000000000e+04 5.150400000000000000e+04
4.177248169415655188e-02 9.899999999999985478e-01 1.443289932012703503e-15 3.761558000000000175e+04 2.844455435333800324e+03 3.195400000000000000e+04 4.592800000000000000e+04
4.594972986357220845e-02 9.899999999999985478e-01 1.443289932012703503e-15 3.703786000000000058e+04 3.008532728823138768e+03 3.128800000000000000e+04 4.529800000000000000e+04
5.054470284992943624e-02 9.899999999999985478e-01 1.443289932012703503e-15 3.642637000000000262e+04 3.078839682916276161e+03 3.106700000000000000e+04 4.457300000000000000e+04
5.559917313492238750e-02 9.899999999999985478e-01 1.443289932012703503e-15 3.557322000000000116e+04 2.829465937522486001e+03 3.047900000000000000e+04 4.265300000000000000e+04
6.115909044841463110e-02 9.899999999999985478e-01 1.443289932012703503e-15 3.540033999999999651e+04 2.758139148846555599e+03 2.866600000000000000e+04 4.164100000000000000e+04
6.727499949325610462e-02 9.899999999999985478e-01 1.443289932012703503e-15 3.453525000000000000e+04 3.143186565811835408e+03 2.829700000000000000e+04 4.262500000000000000e+04
7.400249944258172063e-02 9.899999999999985478e-01 1.443289932012703503e-15 3.340494999999999709e+04 2.266836506565923628e+03 2.792500000000000000e+04 4.111400000000000000e+04
8.140274938683990380e-02 9.899999999999985478e-01 1.443289932012703503e-15 3.314616999999999825e+04 2.529382652170287201e+03 2.929600000000000000e+04 4.135500000000000000e+04
8.954302432552389834e-02 9.899999999999985478e-01 1.443289932012703503e-15 3.173899000000000160e+04 2.644362601819198517e+03 2.637100000000000000e+04 4.037500000000000000e+04
9.849732675807629234e-02 9.899999999999985478e-01 1.443289932012703503e-15 3.166093999999999869e+04 2.607194905717637084e+03 2.733200000000000000e+04 4.274700000000000000e+04
1.083470594338839244e-01 9.899999999999985478e-01 1.443289932012703503e-15 3.075259999999999854e+04 2.607203448141322497e+03 2.522000000000000000e+04 3.755700000000000000e+04
1.191817653772723196e-01 9.899999999999985478e-01 1.443289932012703503e-15 2.994331999999999971e+04 2.359768026226307938e+03 2.527100000000000000e+04 3.755900000000000000e+04
1.310999419149995737e-01 9.899999999999985478e-01 1.443289932012703503e-15 2.923488999999999942e+04 1.998387139144965431e+03 2.516300000000000000e+04 3.465700000000000000e+04
1.442099361064995422e-01 9.899999999999985478e-01 1.443289932012703503e-15 2.877934000000000015e+04 2.082241898627534738e+03 2.555200000000000000e+04 3.562000000000000000e+04
1.586309297171495103e-01 9.899999999999985478e-01 1.443289932012703503e-15 2.896884999999999854e+04 2.553739381279930058e+03 2.478300000000000000e+04 3.925500000000000000e+04
1.744940226888644641e-01 9.899999999999985478e-01 1.443289932012703503e-15 2.813827999999999884e+04 2.338930456768649492e+03 2.355400000000000000e+04 3.487900000000000000e+04
1.919434249577509355e-01 9.899999999999985478e-01 1.443289932012703503e-15 2.787488000000000102e+04 2.647558646300397868e+03 2.361000000000000000e+04 3.692600000000000000e+04
2.111377674535260540e-01 9.899999999999985478e-01 1.443289932012703503e-15 2.687222000000000116e+04 1.947676002727352852e+03 2.337900000000000000e+04 3.301800000000000000e+04
2.322515441988786677e-01 9.899999999999985478e-01 1.443289932012703503e-15 2.684431999999999971e+04 2.145384808746440285e+03 2.316800000000000000e+04 3.864500000000000000e+04
2.554766986187665401e-01 9.899999999999985478e-01 1.443289932012703503e-15 2.629663000000000102e+04 2.120652949706764502e+03 2.247500000000000000e+04 3.429000000000000000e+04
2.810243684806432163e-01 9.899999999999985478e-01 1.443289932012703503e-15 2.591199000000000160e+04 2.324028573382865943e+03 2.205000000000000000e+04 3.626900000000000000e+04
3.091268053287075657e-01 9.899999999999985478e-01 1.443289932012703503e-15 2.543379000000000087e+04 2.420556676861749565e+03 2.194100000000000000e+04 3.797400000000000000e+04
3.400394858615783389e-01 9.899999999999985478e-01 1.443289932012703503e-15 2.508911999999999898e+04 2.019060589878371957e+03 2.174000000000000000e+04 3.437200000000000000e+04
3.740434344477361894e-01 9.899999999999985478e-01 1.443289932012703503e-15 2.489654000000000087e+04 1.852539113865075478e+03 2.201600000000000000e+04 3.083100000000000000e+04
4.114477778925098583e-01 9.899999999999985478e-01 1.443289932012703503e-15 2.420000999999999840e+04 2.160267494987600003e+03 2.072500000000000000e+04 3.727800000000000000e+04
4.525925556817608775e-01 9.899999999999985478e-01 1.443289932012703503e-15 2.423022999999999956e+04 1.966528859971294423e+03 2.081700000000000000e+04 3.213100000000000000e+04
4.978518112499369930e-01 9.899999999999985478e-01 1.443289932012703503e-15 2.389188000000000102e+04 1.867243338614439836e+03 1.974200000000000000e+04 3.038400000000000000e+04
5.476369923749306867e-01 9.899999999999985478e-01 1.443289932012703503e-15 2.350995000000000073e+04 1.921855709334080302e+03 2.013800000000000000e+04 3.170800000000000000e+04
6.024006916124238220e-01 9.899999999999985478e-01 1.443289932012703503e-15 2.369763999999999942e+04 2.088819769726435879e+03 2.022900000000000000e+04 3.118200000000000000e+04
6.626407607736662930e-01 9.899999999999985478e-01 1.443289932012703503e-15 2.324791999999999825e+04 1.912683145113167939e+03 2.003200000000000000e+04 3.247800000000000000e+04
7.289048368510330222e-01 9.899999999999985478e-01 1.443289932012703503e-15 2.334084999999999854e+04 1.936122859608862882e+03 1.923800000000000000e+04 2.947200000000000000e+04
8.017953205361363356e-01 9.899999999999985478e-01 1.443289932012703503e-15 2.317949000000000160e+04 1.784641283255545204e+03 1.975200000000000000e+04 3.227300000000000000e+04
8.819748525897500580e-01 9.899999999999985478e-01 1.443289932012703503e-15 2.317704000000000087e+04 1.938280005159212806e+03 2.025900000000000000e+04 2.935900000000000000e+04
9.701723378487251415e-01 9.899999999999985478e-01 1.443289932012703503e-15 2.351893000000000029e+04 2.461997507127089193e+03 2.020100000000000000e+04 3.288800000000000000e+04
9.801723378487251503e-01 9.899999999999985478e-01 1.443289932012703503e-15 2.365204999999999927e+04 2.050633503944573476e+03 1.972700000000000000e+04 3.108300000000000000e+04
9.901723378487251592e-01 9.899999999999985478e-01 1.443289932012703503e-15 2.307634999999999854e+04 1.692864095992351167e+03 2.045800000000000000e+04 2.986600000000000000e+04
1.000172337848725057e+00 9.899999999999985478e-01 1.443289932012703503e-15 2.335215999999999985e+04 1.817355566310566701e+03 2.027200000000000000e+04 3.071400000000000000e+04
