1.000000000000000021e-02 9.899999999999985478e-01 1.443289932012703503e-15 7.332361000000000058e+04 4.148073733421333600e+03 6.560700000000000000e+04 8.542900000000000000e+04
1.100000000000000110e-02 9.899999999999985478e-01 1.443289932012703503e-15 7.247500000000000000e+04 3.545947450259239304e+03 6.381800000000000000e+04 8.277600000000000000e+04
1.210000000000000138e-02 9.899999999999985478e-01 1.443289932012703503e-15 7.032352000000000407e+04 3.638419617031549024e+03 6.239600000000000000e+04 8.243800000000000000e+04
1.331000000000000238e-02 9.899999999999985478e-01 1.443289932012703503e-15 6.963841999999999825e+04 3.831994332407081401e+03 5.761200000000000000e+04 7.822300000000000000e+04
1.464100000000000297e-02 9.899999999999985478e-01 1.443289932012703503e-15 6.938469999999999709e+04 3.679644584739129186e+03 5.988600000000000000e+04 7.910900000000000000e+04
1.610510000000000413e-02 9.899999999999985478e-01 1.443289932012703503e-15 6.894527999999999884e+04 4.251404664531475646e+03 5.854000000000000000e+04 7.995000000000000000e+04
1.771561000000000663e-02 9.899999999999985478e-01 1.443289932012703503e-15 6.729038000000000466e+04 3.711591073326910191e+03 5.813800000000000000e+04 7.911000000000000000e+04
1.948717100000000799e-02 9.899999999999985478e-01 1.443289932012703503e-15 6.672105999999999767e+04 3.473350819655278883e+03 6.058600000000000000e+04 7.512800000000000000e+04
2.143588810000001191e-02 9.899999999999985478e-01 1.443289932012703503e-15 6.560994000000000233e+04 3.062285260455008483e+03 5.923500000000000000e+04 7.331200000000000000e+04
2.357947691000001483e-02 9.899999999999985478e-01 1.443289932012703503e-15 6.485651000000000204e+04 3.343885612562128699e+03 5.712300000000000000e+04 7.450700000000000000e+04
2.593742460100001770e-02 9.899999999999985478e-01 1.443289932012703503e-15 6.453048000000000320e+04 3.277402451576553176e+03 5.692600000000000000e+04 7.085700000000000000e+04
2.853116706110002052e-02 9.899999999999985478e-01 1.443289932012703503e-15 6.332269999999999709e+04 3.401637342516100489e+03 5.608400000000000000e+04 7.261100000000000000e+04
3.138428376721002361e-02 9.899999999999985478e-01 1.443289932012703503e-15 6.276152999999999884e+04 3.276199088745981499e+03 5.547600000000000000e+04 7.306500000000000000e+04
3.452271214393103083e-02 9.899999999999985478e-01 1.443289932012703503e-15 6.179781999999999971e+04 3.372835505565012227e+03 5.323000000000000000e+04 7.121500000000000000e+04
3.797498335832413807e-02 9.899999999999985478e-01 1.443289932012703503e-15 6.076063999999999942e+04 3.429512611202939752e+03 5.287400000000000000e+04 7.270400000000000000e+04
4.177248169415655188e-02 9.899999999999985478e-01 1.443289932012703503e-15 6.002951000000000204e+04 3.458395713318532671e+03 5.265200000000000000e+04 7.192500000000000000e+04
4.594972986357220845e-02 9.899999999999985478e-01 1.443289932012703503e-15 5.941448999999999796e+04 3.044140024686775178e+03 5.223400000000000000e+04 6.661300000000000000e+04
5.054470284992943624e-02 9.899999999999985478e-01 1.443289932012703503e-15 5.855315000000000146e+04 3.084600675533220510e+03 5.295900000000000000e+04 7.069100000000000000e+04
5.559917313492238750e-02 9.899999999999985478e-01 1.443289932012703503e-15 5.721593000000000029e+04 2.733911221144534920e+03 5.182800000000000000e+04 6.516800000000000000e+04
6.115909044841463110e-02 9.899999999999985478e-01 1.443289932012703503e-15 5.689759999999999854e+04 2.591609364854201431e+03 5.123500000000000000e+04 6.296700000000000000e+04
6.727499949325610462e-02 9.899999999999985478e-01 1.443289932012703503e-15 5.678948000000000320e+04 2.663319351786413790e+03 5.010900000000000000e+04 6.521800000000000000e+04
7.400249944258172063e-02 9.899999999999985478e-01 1.443289932012703503e-15 5.526687999999999738e+04 3.009270995706435315e+03 4.962000000000000000e+04 6.523200000000000000e+04
8.140274938683990380e-02 9.899999999999985478e-01 1.443289932012703503e-15 5.399931999999999971e+04 2.856315482855491609e+03 4.884900000000000000e+04 6.201600000000000000e+04
8.954302432552389834e-02 9.899999999999985478e-01 1.443289932012703503e-15 5.351688999999999942e+04 2.994833948301642067e+03 4.733400000000000000e+04 6.158900000000000000e+04
9.849732675807629234e-02 9.899999999999985478e-01 1.443289932012703503e-15 5.229294999999999709e+04 2.647120327355747577e+03 4.588900000000000000e+04 6.118100000000000000e+04
1.083470594338839244e-01 9.899999999999985478e-01 1.443289932012703503e-15 5.147472000000000116e+04 2.379829603480047354e+03 4.659800000000000000e+04 5.955900000000000000e+04
1.191817653772723196e-01 9.899999999999985478e-01 1.443289932012703503e-15 5.064823999999999796e+04 2.898229687654171812e+03 4.589700000000000000e+04 6.199400000000000000e+04
1.310999419149995737e-01 9.899999999999985478e-01 1.443289932012703503e-15 5.030166000000000349e+04 2.596747374004641188e+03 4.515600000000000000e+04 5.891500000000000000e+04
1.442099361064995422e-01 9.899999999999985478e-01 1.443289932012703503e-15 4.983648000000000320e+04 2.895124340956705964e+03 4.507900000000000000e+04 6.310400000000000000e+04
1.586309297171495103e-01 9.899999999999985478e-01 1.443289932012703503e-15 4.833116000000000349e+04 2.365411252700045225e+03 4.412900000000000000e+04 5.845300000000000000e+04
1.744940226888644641e-01 9.899999999999985478e-01 1.443289932012703503e-15 4.790734999999999854e+04 2.534016852252565513e+03 4.321300000000000000e+04 5.536300000000000000e+04
1.919434249577509355e-01 9.899999999999985478e-01 1.443289932012703503e-15 4.711033000000000175e+04 2.059911886732051244e+03 4.287700000000000000e+04 5.318800000000000000e+04
2.111377674535260540e-01 9.899999999999985478e-01 1.443289932012703503e-15 4.591693000000000029e+04 2.380529685826244531e+03 4.119000000000000000e+04 5.394500000000000000e+04
2.322515441988786677e-01 9.899999999999985478e-01 1.443289932012703503e-15 4.513075000000000000e+04 2.238503689409512845e+03 3.975700000000000000e+04 5.191200000000000000e+04
2.554766986187665401e-01 9.899999999999985478e-01 1.443289932012703503e-15 4.481175000000000000e+04 2.040794797989253993e+03 4.025700000000000000e+04 5.027400000000000000e+04
2.810243684806432163e-01 9.899999999999985478e-01 1.443289932012703503e-15 4.385195999999999913e+04 1.973839516880741257e+03 4.042400000000000000e+04 5.091400000000000000e+04
3.091268053287075657e-01 9.899999999999985478e-01 1.443289932012703503e-15 4.323862000000000262e+04 2.147851492910997422e+03 4.010900000000000000e+04 5.447500000000000000e+04
3.400394858615783389e-01 9.899999999999985478e-01 1.443289932012703503e-15 4.311391999999999825e+04 2.402365499585772795e+03 3.935300000000000000e+04 5.148400000000000000e+04
3.740434344477361894e-01 9.899999999999985478e-01 1.443289932012703503e-15 4.192662999999999738e+04 1.567296606612800815e+03 3.906400000000000000e+04 4.708300000000000000e+04
4.114477778925098583e-01 9.899999999999985478e-01 1.443289932012703503e-15 4.215368000000000029e+04 2.234609696926960169e+03 3.794400000000000000e+04 4.799500000000000000e+04
4.525925556817608775e-01 9.899999999999985478e-01 1.443289932012703503e-15 4.140152999999999884e+04 2.295976064574716020e+03 3.740500000000000000e+04 4.931200000000000000e+04
4.978518112499369930e-01 9.899999999999985478e-01 1.443289932012703503e-15 4.098356999999999971e+04 2.078186547232947305e+03 3.656600000000000000e+04 4.828900000000000000e+04
5.476369923749306867e-01 9.899999999999985478e-01 1.443289932012703503e-15 4.033783000000000175e+04 1.607838524572663800e+03 3.785300000000000000e+04 4.579800000000000000e+04
6.024006916124238220e-01 9.899999999999985478e-01 1.443289932012703503e-15 4.064037999999999738e+04 1.878027469341170672e+03 3.690800000000000000e+04 4.568200000000000000e+04
6.626407607736662930e-01 9.899999999999985478e-01 1.443289932012703503e-15 4.015183000000000175e+04 1.961568036316864664e+03 3.669100000000000000e+04 4.731600000000000000e+04
7.289048368510330222e-01 9.899999999999985478e-01 1.443289932012703503e-15 3.964341999999999825e+04 2.192763353305595047e+03 3.658900000000000000e+04 5.129800000000000000e+04
8.017953205361363356e-01 9.899999999999985478e-01 1.443289932012703503e-15 3.962476999999999680e+04 1.832930112442915743e+03 3.528000000000000000e+04 4.354100000000000000e+04
8.819748525897500580e-01 9.899999999999985478e-01 1.443289932012703503e-15 4.017554000000000087e+04 2.621309807786939018e+03 3.578500000000000000e+04 4.996000000000000000e+04
9.701723378487251415e-01 9.899999999999985478e-01 1.443289932012703503e-15 4.000251999999999680e+04 2.371090367236136899e+03 3.594000000000000000e+04 4.670700000000000000e+04
9.801723378487251503e-01 9.899999999999985478e-01 1.443289932012703503e-15 3.979680000000000291e+04 2.001238531509924542e+03 3.579100000000000000e+04 4.586000000000000000e+04
9.901723378487251592e-01 9.899999999999985478e-01 1.443289932012703503e-15 3.978033999999999651e+04 1.836431415653740260e+03 3.700900000000000000e+04 4.870900000000000000e+04
1.000172337848725057e+00 9.899999999999985478e-01 1.443289932012703503e-15 3.955658999999999651e+04 1.797035425888983355e+03 3.632000000000000000e+04 4.507100000000000000e+04
