1.000000000000000021e-02 9.899999999999985478e-01 1.443289932012703503e-15 9.890930000000000291e+03 3.536947836765477748e-01 9.889000000000000000e+03 9.892000000000000000e+03
1.100000000000000110e-02 9.899999999999985478e-01 1.443289932012703503e-15 9.890989999999999782e+03 2.643860813280455302e-01 9.890000000000000000e+03 9.892000000000000000e+03
1.210000000000000138e-02 9.899999999999985478e-01 1.443289932012703503e-15 9.891000000000000000e+03 2.449489742783177992e-01 9.890000000000000000e+03 9.892000000000000000e+03
1.331000000000000238e-02 9.899999999999985478e-01 1.443289932012703503e-15 9.890959999999999127e+03 2.800000000000001932e-01 9.890000000000000000e+03 9.892000000000000000e+03
1.464100000000000297e-02 9.899999999999985478e-01 1.443289932012703503e-15 9.891069999999999709e+03 3.536947836765473863e-01 9.890000000000000000e+03 9.892000000000000000e+03
1.610510000000000413e-02 9.899999999999985478e-01 1.443289932012703503e-15 9.891000000000000000e+03 3.162277660168379412e-01 9.890000000000000000e+03 9.892000000000000000e+03
1.771561000000000663e-02 9.899999999999985478e-01 1.443289932012703503e-15 9.890979999999999563e+03 3.994996871087633239e-01 9.889000000000000000e+03 9.892000000000000000e+03
1.948717100000000799e-02 9.899999999999985478e-01 1.443289932012703503e-15 9.891020000000000437e+03 3.994996871087632129e-01 9.889000000000000000e+03 9.892000000000000000e+03
2.143588810000001191e-02 9.899999999999985478e-01 1.443289932012703503e-15 9.891049999999999272e+03 2.958039891549810174e-01 9.890000000000000000e+03 9.892000000000000000e+03
2.357947691000001483e-02 9.899999999999985478e-01 1.443289932012703503e-15 9.890989999999999782e+03 3.871692136521192040e-01 9.889000000000000000e+03 9.892000000000000000e+03
2.593742460100001770e-02 9.899999999999985478e-01 1.443289932012703503e-15 9.890959999999999127e+03 4.454211490264018969e-01 9.889000000000000000e+03 9.893000000000000000e+03
2.853116706110002052e-02 9.899999999999985478e-01 1.443289932012703503e-15 9.891040000000000873e+03 4.454211490264018969e-01 9.890000000000000000e+03 9.892000000000000000e+03
3.138428376721002361e-02 9.899999999999985478e-01 1.443289932012703503e-15 9.890959999999999127e+03 3.720215047547650866e-01 9.890000000000000000e+03 9.892000000000000000e+03
3.452271214393103083e-02 9.899999999999985478e-01 1.443289932012703503e-15 9.890969999999999345e+03 5.187484939737180278e-01 9.889000000000000000e+03 9.892000000000000000e+03
3.797498335832413807e-02 9.899999999999985478e-01 1.443289932012703503e-15 9.891010000000000218e+03 5.195190083144209936e-01 9.890000000000000000e+03 9.893000000000000000e+03
4.177248169415655188e-02 9.899999999999985478e-01 1.443289932012703503e-15 9.891049999999999272e+03 4.974937185533096495e-01 9.890000000000000000e+03 9.892000000000000000e+03
4.594972986357220845e-02 9.899999999999985478e-01 1.443289932012703503e-15 9.891030000000000655e+03 4.786439177509734244e-01 9.890000000000000000e+03 9.892000000000000000e+03
5.054470284992943624e-02 9.899999999999985478e-01 1.443289932012703503e-15 9.890870000000000800e+03 6.108191221630188128e-01 9.889000000000000000e+03 9.892000000000000000e+03
5.559917313492238750e-02 9.899999999999985478e-01 1.443289932012703503e-15 9.890959999999999127e+03 7.989993742175265368e-01 9.889000000000000000e+03 9.893000000000000000e+03
6.115909044841463110e-02 9.899999999999985478e-01 1.443289932012703503e-15 9.891010000000000218e+03 6.081940479813984224e-01 9.890000000000000000e+03 9.893000000000000000e+03
6.727499949325610462e-02 9.899999999999985478e-01 1.443289932012703503e-15 9.890879999999999200e+03 6.523802572120044330e-01 9.889000000000000000e+03 9.892000000000000000e+03
7.400249944258172063e-02 9.899999999999985478e-01 1.443289932012703503e-15 9.891059999999999491e+03 7.977468270071660372e-01 9.889000000000000000e+03 9.893000000000000000e+03
8.140274938683990380e-02 9.899999999999985478e-01 1.443289932012703503e-15 9.891020000000000437e+03 6.630233781700312079e-01 9.890000000000000000e+03 9.893000000000000000e+03
8.954302432552389834e-02 9.899999999999985478e-01 1.443289932012703503e-15 9.890950000000000728e+03 7.123903424387501016e-01 9.888000000000000000e+03 9.893000000000000000e+03
9.849732675807629234e-02 9.899999999999985478e-01 1.443289932012703503e-15 9.890979999999999563e+03 9.484724561103500262e-01 9.888000000000000000e+03 9.893000000000000000e+03
1.083470594338839244e-01 9.899999999999985478e-01 1.443289932012703503e-15 9.891010000000000218e+03 7.936623967405784796e-01 9.889000000000000000e+03 9.893000000000000000e+03
1.191817653772723196e-01 9.899999999999985478e-01 1.443289932012703503e-15 9.890959999999999127e+03 8.822698000045106070e-01 9.888000000000000000e+03 9.893000000000000000e+03
1.310999419149995737e-01 9.899999999999985478e-01 1.443289932012703503e-15 9.890940000000000509e+03 1.008166652890284398e+00 9.889000000000000000e+03 9.893000000000000000e+03
1.442099361064995422e-01 9.899999999999985478e-01 1.443289932012703503e-15 9.890989999999999782e+03 1.072333903222312257e+00 9.888000000000000000e+03 9.893000000000000000e+03
1.586309297171495103e-01 9.899999999999985478e-01 1.443289932012703503e-15 9.891069999999999709e+03 1.041681333230082052e+00 9.888000000000000000e+03 9.893000000000000000e+03
1.744940226888644641e-01 9.899999999999985478e-01 1.443289932012703503e-15 9.891010000000000218e+03 1.072333903222312257e+00 9.888000000000000000e+03 9.894000000000000000e+03
1.919434249577509355e-01 9.899999999999985478e-01 1.443289932012703503e-15 9.890790000000000873e+03 1.336375695678427622e+00 9.888000000000000000e+03 9.894000000000000000e+03
2.111377674535260540e-01 9.899999999999985478e-01 1.443289932012703503e-15 9.890909999999999854e+03 1.217333150784943863e+00 9.888000000000000000e+03 9.893000000000000000e+03
2.322515441988786677e-01 9.899999999999985478e-01 1.443289932012703503e-15 9.890959999999999127e+03 1.363231455036158390e+00 9.888000000000000000e+03 9.894000000000000000e+03
2.554766986187665401e-01 9.899999999999985478e-01 1.443289932012703503e-15 9.891040000000000873e+03 1.392264342716569736e+00 9.886000000000000000e+03 9.894000000000000000e+03
2.810243684806432163e-01 9.899999999999985478e-01 1.443289932012703503e-15 9.891030000000000655e+03 1.374445342674635917e+00 9.887000000000000000e+03 9.894000000000000000e+03
3.091268053287075657e-01 9.899999999999985478e-01 1.443289932012703503e-15 9.891120000000000800e+03 1.387659900696132986e+00 9.888000000000000000e+03 9.894000000000000000e+03
3.400394858615783389e-01 9.899999999999985478e-01 1.443289932012703503e-15 9.891100000000000364e+03 1.438749456993816844e+00 9.886000000000000000e+03 9.894000000000000000e+03
3.740434344477361894e-01 9.899999999999985478e-01 1.443289932012703503e-15 9.890920000000000073e+03 1.487817193071782507e+00 9.885000000000000000e+03 9.894000000000000000e+03
4.114477778925098583e-01 9.899999999999985478e-01 1.443289932012703503e-15 9.891040000000000873e+03 1.654811167475009670e+00 9.886000000000000000e+03 9.894000000000000000e+03
4.525925556817608775e-01 9.899999999999985478e-01 1.443289932012703503e-15 9.891170000000000073e+03 1.618981161101016975e+00 9.887000000000000000e+03 9.894000000000000000e+03
4.978518112499369930e-01 9.899999999999985478e-01 1.443289932012703503e-15 9.891059999999999491e+03 1.580000000000001181e+00 9.887000000000000000e+03 9.894000000000000000e+03
5.476369923749306867e-01 9.899999999999985478e-01 1.443289932012703503e-15 9.891120000000000800e+03 1.996396754154845077e+00 9.885000000000000000e+03 9.895000000000000000e+03
6.024006916124238220e-01 9.899999999999985478e-01 1.443289932012703503e-15 9.891170000000000073e+03 1.667663035508072156e+00 9.886000000000000000e+03 9.894000000000000000e+03
6.626407607736662930e-01 9.899999999999985478e-01 1.443289932012703503e-15 9.890739999999999782e+03 2.047535103484189545e+00 9.885000000000000000e+03 9.894000000000000000e+03
7.289048368510330222e-01 9.899999999999985478e-01 1.443289932012703503e-15 9.890760000000000218e+03 1.965298959446121208e+00 9.886000000000000000e+03 9.895000000000000000e+03
8.017953205361363356e-01 9.899999999999985478e-01 1.443289932012703503e-15 9.890850000000000364e+03 1.951281630108782972e+00 9.884000000000000000e+03 9.895000000000000000e+03
8.819748525897500580e-01 9.899999999999985478e-01 1.443289932012703503e-15 9.890569999999999709e+03 2.150604566162734432e+00 9.884000000000000000e+03 9.894000000000000000e+03
9.701723378487251415e-01 9.899999999999985478e-01 1.443289932012703503e-15 9.891250000000000000e+03 1.878163997099294713e+00 9.886000000000000000e+03 9.895000000000000000e+03
9.801723378487251503e-01 9.899999999999985478e-01 1.443289932012703503e-15 9.891059999999999491e+03 2.288318159697205534e+00 9.883000000000000000e+03 9.895000000000000000e+03
9.901723378487251592e-01 9.899999999999985478e-01 1.443289932012703503e-15 9.891239999999999782e+03 1.934528366295001467e+00 9.886000000000000000e+03 9.895000000000000000e+03
1.000172337848725057e+00 9.899999999999985478e-01 1.443289932012703503e-15 9.891040000000000873e+03 2.024450542739930636e+00 9.885000000000000000e+03 9.895000000000000000e+03
