1.000000000000000021e-02 9.899999999999985478e-01 1.443289932012703503e-15 5.772466000000000349e+04 3.714633387617141125e+03 4.824000000000000000e+04 6.505300000000000000e+04
1.100000000000000110e-02 9.899999999999985478e-01 1.443289932012703503e-15 5.578180999999999767e+04 3.615254750899305691e+03 4.813900000000000000e+04 6.705500000000000000e+04
1.210000000000000138e-02 9.899999999999985478e-01 1.443289932012703503e-15 5.589219999999999709e+04 3.690911226242104476e+03 4.817700000000000000e+04 6.749800000000000000e+04
1.331000000000000238e-02 9.899999999999985478e-01 1.443289932012703503e-15 5.512008000000000175e+04 4.100376477056710428e+03 4.585900000000000000e+04 6.895600000000000000e+04
1.464100000000000297e-02 9.899999999999985478e-01 1.443289932012703503e-15 5.381252999999999884e+04 3.619413075223661508e+03 4.582700000000000000e+04 6.257100000000000000e+04
1.610510000000000413e-02 9.899999999999985478e-01 1.443289932012703503e-15 5.274340000000000146e+04 3.413020999056407618e+03 4.478400000000000000e+04 6.326600000000000000e+04
1.771561000000000663e-02 9.899999999999985478e-01 1.443289932012703503e-15 5.188519000000000233e+04 3.708717753334702593e+03 4.401000000000000000e+04 6.124900000000000000e+04
1.948717100000000799e-02 9.899999999999985478e-01 1.443289932012703503e-15 5.088155999999999767e+04 3.016833645794875338e+03 4.467700000000000000e+04 6.087200000000000000e+04
2.143588810000001191e-02 9.899999999999985478e-01 1.443289932012703503e-15 5.082401999999999680e+04 3.800742508984263168e+03 4.306700000000000000e+04 6.112000000000000000e+04
2.357947691000001483e-02 9.899999999999985478e-01 1.443289932012703503e-15 4.917779000000000087e+04 3.135288408727336900e+03 4.244200000000000000e+04 5.898100000000000000e+04
2.593742460100001770e-02 9.899999999999985478e-01 1.443289932012703503e-15 4.852513999999999942e+04 2.722945978237540658e+03 4.283400000000000000e+04 5.728700000000000000e+04
2.853116706110002052e-02 9.899999999999985478e-01 1.443289932012703503e-15 4.857280000000000291e+04 3.975207021024187725e+03 4.166400000000000000e+04 6.600000000000000000e+04
3.138428376721002361e-02 9.899999999999985478e-01 1.443289932012703503e-15 4.684966000000000349e+04 3.361586138179416594e+03 4.123100000000000000e+04 6.045900000000000000e+04
3.452271214393103083e-02 9.899999999999985478e-01 1.443289932012703503e-15 4.649104000000000087e+04 2.837334276816885449e+03 4.178200000000000000e+04 5.773700000000000000e+04
3.797498335832413807e-02 9.899999999999985478e-01 1.443289932012703503e-15 4.584033999999999651e+04 2.925610049955393606e+03 4.045500000000000000e+04 5.324400000000000000e+04
4.177248169415655188e-02 9.899999999999985478e-01 1.443289932012703503e-15 4.449533000000000175e+04 2.868610343197555267e+03 3.708800000000000000e+04 5.223600000000000000e+04
4.594972986357220845e-02 9.899999999999985478e-01 1.443289932012703503e-15 4.399837999999999738e+04 2.901346166109794012e+03 3.672500000000000000e+04 5.182900000000000000e+04
5.054470284992943624e-02 9.899999999999985478e-01 1.443289932012703503e-15 4.384887000000000262e+04 3.035317270583093432e+03 3.818100000000000000e+04 5.263000000000000000e+04
5.559917313492238750e-02 9.899999999999985478e-01 1.443289932012703503e-15 4.292019000000000233e+04 3.048434862991171940e+03 3.717000000000000000e+04 5.337600000000000000e+04
6.115909044841463110e-02 9.899999999999985478e-01 1.443289932012703503e-15 4.205083999999999651e+04 2.412132652736991986e+03 3.725200000000000000e+04 4.943000000000000000e+04
6.727499949325610462e-02 9.899999999999985478e-01 1.443289932012703503e-15 4.093297000000000116e+04 2.782001022483636461e+03 3.556900000000000000e+04 5.248600000000000000e+04
7.400249944258172063e-02 9.899999999999985478e-01 1.443289932012703503e-15 4.066938999999999942e+04 2.549540750390155608e+03 3.407600000000000000e+04 4.909000000000000000e+04
8.140274938683990380e-02 9.899999999999985478e-01 1.443289932012703503e-15 3.990852999999999884e+04 2.816055462717309638e+03 3.412500000000000000e+04 5.129700000000000000e+04
8.954302432552389834e-02 9.899999999999985478e-01 1.443289932012703503e-15 3.921327999999999884e+04 2.274588103723397580e+03 3.556600000000000000e+04 4.538800000000000000e+04
9.849732675807629234e-02 9.899999999999985478e-01 1.443289932012703503e-15 3.882734999999999854e+04 2.365168507210426924e+03 3.492000000000000000e+04 4.732100000000000000e+04
1.083470594338839244e-01 9.899999999999985478e-01 1.443289932012703503e-15 3.819501000000000204e+04 2.293219760489604596e+03 3.285100000000000000e+04 4.567400000000000000e+04
1.191817653772723196e-01 9.899999999999985478e-01 1.443289932012703503e-15 3.703504000000000087e+04 2.206683098770640754e+03 3.255500000000000000e+04 4.336200000000000000e+04
1.310999419149995737e-01 9.899999999999985478e-01 1.443289932012703503e-15 3.679666999999999825e+04 2.329272371600195584e+03 3.232600000000000000e+04 4.345600000000000000e+04
1.442099361064995422e-01 9.899999999999985478e-01 1.443289932012703503e-15 3.659384999999999854e+04 2.114670614422019298e+03 3.330000000000000000e+04 4.388700000000000000e+04
1.586309297171495103e-01 9.899999999999985478e-01 1.443289932012703503e-15 3.587384999999999854e+04 2.398291839518285087e+03 3.122400000000000000e+04 4.358500000000000000e+04
1.744940226888644641e-01 9.899999999999985478e-01 1.443289932012703503e-15 3.506805999999999767e+04 1.885161875383649431e+03 3.080600000000000000e+04 3.987000000000000000e+04
1.919434249577509355e-01 9.899999999999985478e-01 1.443289932012703503e-15 3.442288999999999942e+04 2.007796224197067204e+03 3.013500000000000000e+04 4.004600000000000000e+04
2.111377674535260540e-01 9.899999999999985478e-01 1.443289932012703503e-15 3.443752999999999884e+04 2.247597474882902588e+03 3.092400000000000000e+04 4.134700000000000000e+04
2.322515441988786677e-01 9.899999999999985478e-01 1.443289932012703503e-15 3.350123000000000320e+04 1.698975996622671801e+03 3.028600000000000000e+04 3.782600000000000000e+04
2.554766986187665401e-01 9.899999999999985478e-01 1.443289932012703503e-15 3.320144000000000233e+04 2.165187092701229176e+03 2.903700000000000000e+04 3.976100000000000000e+04
2.810243684806432163e-01 9.899999999999985478e-01 1.443289932012703503e-15 3.263786000000000058e+04 1.995921686940647533e+03 2.827000000000000000e+04 3.929300000000000000e+04
3.091268053287075657e-01 9.899999999999985478e-01 1.443289932012703503e-15 3.260250999999999840e+04 2.029106958713610993e+03 2.888100000000000000e+04 4.018200000000000000e+04
3.400394858615783389e-01 9.899999999999985478e-01 1.443289932012703503e-15 3.227641999999999825e+04 1.999545119170857561e+03 2.886800000000000000e+04 3.911100000000000000e+04
3.740434344477361894e-01 9.899999999999985478e-01 1.443289932012703503e-15 3.168575999999999840e+04 1.748308714844149108e+03 2.877400000000000000e+04 3.643700000000000000e+04
4.114477778925098583e-01 9.899999999999985478e-01 1.443289932012703503e-15 3.155240999999999985e+04 1.698643041342117613e+03 2.833700000000000000e+04 3.897500000000000000e+04
4.525925556817608775e-01 9.899999999999985478e-01 1.443289932012703503e-15 3.114779000000000087e+04 2.083763970775001781e+03 2.771800000000000000e+04 4.082700000000000000e+04
4.978518112499369930e-01 9.899999999999985478e-01 1.443289932012703503e-15 3.114497000000000116e+04 2.106152157157691818e+03 2.812700000000000000e+04 3.813300000000000000e+04
5.476369923749306867e-01 9.899999999999985478e-01 1.443289932012703503e-15 3.106233000000000175e+04 2.108562425231939869e+03 2.709900000000000000e+04 3.699200000000000000e+04
6.024006916124238220e-01 9.899999999999985478e-01 1.443289932012703503e-15 3.081759999999999854e+04 1.770753382038278460e+03 2.806300000000000000e+04 3.716700000000000000e+04
6.626407607736662930e-01 9.899999999999985478e-01 1.443289932012703503e-15 3.053466999999999825e+04 1.766609074215345345e+03 2.622300000000000000e+04 3.592700000000000000e+04
7.289048368510330222e-01 9.899999999999985478e-01 1.443289932012703503e-15 3.053727999999999884e+04 2.123002595759129690e+03 2.718900000000000000e+04 3.701300000000000000e+04
8.017953205361363356e-01 9.899999999999985478e-01 1.443289932012703503e-15 3.056881000000000131e+04 2.152735031047713164e+03 2.714000000000000000e+04 3.904100000000000000e+04
8.819748525897500580e-01 9.899999999999985478e-01 1.443289932012703503e-15 3.039070999999999913e+04 1.964733428712404248e+03 2.706400000000000000e+04 3.743600000000000000e+04
9.701723378487251415e-01 9.899999999999985478e-01 1.443289932012703503e-15 3.061659999999999854e+04 2.545478053333008120e+03 2.748000000000000000e+04 4.607900000000000000e+04
9.801723378487251503e-01 9.899999999999985478e-01 1.443289932012703503e-15 3.050025999999999840e+04 2.048758021924502373e+03 2.770400000000000000e+04 3.749300000000000000e+04
9.901723378487251592e-01 9.899999999999985478e-01 1.443289932012703503e-15 3.080422000000000116e+04 2.449210801789018205e+03 2.746000000000000000e+04 4.350900000000000000e+04
1.000172337848725057e+00 9.899999999999985478e-01 1.443289932012703503e-15 3.066200000000000000e+04 2.155615355298806662e+03 2.665200000000000000e+04 3.855200000000000000e+04
