1.000000000000000021e-02 9.899999999999985478e-01 1.443289932012703503e-15 4.271994000000000233e+04 3.113026118811083506e+03 3.625900000000000000e+04 4.877900000000000000e+04
1.100000000000000110e-02 9.899999999999985478e-01 1.443289932012703503e-15 4.209244000000000233e+04 2.383931657241876565e+03 3.579200000000000000e+04 4.853800000000000000e+04
1.210000000000000138e-02 9.899999999999985478e-01 1.443289932012703503e-15 4.106676000000000204e+04 2.549531102457861834e+03 3.474300000000000000e+04 4.728800000000000000e+04
1.331000000000000238e-02 9.899999999999985478e-01 1.443289932012703503e-15 4.009266000000000349e+04 2.321561970829122401e+03 3.469700000000000000e+04 4.694300000000000000e+04
1.464100000000000297e-02 9.899999999999985478e-01 1.443289932012703503e-15 3.931487999999999738e+04 2.852372963972277830e+03 3.397900000000000000e+04 4.554500000000000000e+04
1.610510000000000413e-02 9.899999999999985478e-01 1.443289932012703503e-15 3.798541999999999825e+04 2.687813565632855443e+03 3.202200000000000000e+04 4.758000000000000000e+04
1.771561000000000663e-02 9.899999999999985478e-01 1.443289932012703503e-15 3.807862999999999738e+04 2.485633744762087645e+03 3.306800000000000000e+04 4.418400000000000000e+04
1.948717100000000799e-02 9.899999999999985478e-01 1.443289932012703503e-15 3.680593000000000029e+04 2.381255443059396384e+03 3.216700000000000000e+04 4.400200000000000000e+04
2.143588810000001191e-02 9.899999999999985478e-01 1.443289932012703503e-15 3.592969000000000233e+04 2.267082110092177118e+03 2.989300000000000000e+04 4.254600000000000000e+04
2.357947691000001483e-02 9.899999999999985478e-01 1.443289932012703503e-15 3.525931999999999971e+04 2.211232456708249174e+03 3.031300000000000000e+04 4.133700000000000000e+04
2.593742460100001770e-02 9.899999999999985478e-01 1.443289932012703503e-15 3.470944000000000233e+04 2.181959652789207667e+03 2.975400000000000000e+04 4.053500000000000000e+04
2.853116706110002052e-02 9.899999999999985478e-01 1.443289932012703503e-15 3.376191999999999825e+04 2.093593674426821508e+03 2.878100000000000000e+04 3.910100000000000000e+04
3.138428376721002361e-02 9.899999999999985478e-01 1.443289932012703503e-15 3.343234999999999854e+04 2.389283404600634640e+03 2.789800000000000000e+04 3.909800000000000000e+04
3.452271214393103083e-02 9.899999999999985478e-01 1.443289932012703503e-15 3.229747000000000116e+04 2.117157114883068971e+03 2.824600000000000000e+04 3.805800000000000000e+04
3.797498335832413807e-02 9.899999999999985478e-01 1.443289932012703503e-15 3.100127999999999884e+04 1.888429072430309589e+03 2.777200000000000000e+04 3.531300000000000000e+04
4.177248169415655188e-02 9.899999999999985478e-01 1.443289932012703503e-15 3.103168000000000029e+04 2.061270428061296570e+03 2.598000000000000000e+04 3.666800000000000000e+04
4.594972986357220845e-02 9.899999999999985478e-01 1.443289932012703503e-15 3.013161000000000058e+04 1.619428972786395434e+03 2.643600000000000000e+04 3.513500000000000000e+04
5.054470284992943624e-02 9.899999999999985478e-01 1.443289932012703503e-15 2.941833000000000175e+04 1.948680174143515387e+03 2.545500000000000000e+04 3.494600000000000000e+04
5.559917313492238750e-02 9.899999999999985478e-01 1.443289932012703503e-15 2.858925999999999840e+04 1.615668230918712197e+03 2.446600000000000000e+04 3.203200000000000000e+04
6.115909044841463110e-02 9.899999999999985478e-01 1.443289932012703503e-15 2.790427000000000044e+04 1.548693060971088698e+03 2.530300000000000000e+04 3.220200000000000000e+04
6.727499949325610462e-02 9.899999999999985478e-01 1.443289932012703503e-15 2.750063000000000102e+04 1.505951929212881623e+03 2.418500000000000000e+04 3.328400000000000000e+04
7.400249944258172063e-02 9.899999999999985478e-01 1.443289932012703503e-15 2.677179000000000087e+04 1.396636640612009614e+03 2.410200000000000000e+04 3.019600000000000000e+04
8.140274938683990380e-02 9.899999999999985478e-01 1.443289932012703503e-15 2.622349000000000160e+04 1.469589272518005373e+03 2.350000000000000000e+04 3.023400000000000000e+04
8.954302432552389834e-02 9.899999999999985478e-01 1.443289932012703503e-15 2.538581000000000131e+04 1.425835184690011829e+03 2.268900000000000000e+04 2.959500000000000000e+04
9.849732675807629234e-02 9.899999999999985478e-01 1.443289932012703503e-15 2.492975000000000000e+04 1.205689175326709119e+03 2.228700000000000000e+04 2.821000000000000000e+04
1.083470594338839244e-01 9.899999999999985478e-01 1.443289932012703503e-15 2.451809000000000015e+04 1.013547187801337600e+03 2.198900000000000000e+04 2.765600000000000000e+04
1.191817653772723196e-01 9.899999999999985478e-01 1.443289932012703503e-15 2.392127999999999884e+04 1.224907760445659051e+03 2.170300000000000000e+04 2.750900000000000000e+04
1.310999419149995737e-01 9.899999999999985478e-01 1.443289932012703503e-15 2.342861000000000058e+04 1.073050193560394291e+03 2.141700000000000000e+04 2.728500000000000000e+04
1.442099361064995422e-01 9.899999999999985478e-01 1.443289932012703503e-15 2.294445000000000073e+04 1.159974046045858586e+03 2.087100000000000000e+04 2.602600000000000000e+04
1.586309297171495103e-01 9.899999999999985478e-01 1.443289932012703503e-15 2.234541999999999825e+04 1.010510407467434334e+03 1.998200000000000000e+04 2.525600000000000000e+04
1.744940226888644641e-01 9.899999999999985478e-01 1.443289932012703503e-15 2.204984999999999854e+04 8.889212043257826963e+02 2.014400000000000000e+04 2.434000000000000000e+04
1.919434249577509355e-01 9.899999999999985478e-01 1.443289932012703503e-15 2.145920999999999913e+04 8.967291820276622047e+02 1.938000000000000000e+04 2.391600000000000000e+04
2.111377674535260540e-01 9.899999999999985478e-01 1.443289932012703503e-15 2.102395000000000073e+04 9.536268072469440540e+02 1.937800000000000000e+04 2.419100000000000000e+04
2.322515441988786677e-01 9.899999999999985478e-01 1.443289932012703503e-15 2.060041999999999825e+04 9.107221220548012752e+02 1.827200000000000000e+04 2.374100000000000000e+04
2.554766986187665401e-01 9.899999999999985478e-01 1.443289932012703503e-15 2.012136999999999898e+04 9.458001866673530458e+02 1.813400000000000000e+04 2.289800000000000000e+04
2.810243684806432163e-01 9.899999999999985478e-01 1.443289932012703503e-15 1.976800999999999840e+04 7.756970993242142640e+02 1.815600000000000000e+04 2.203400000000000000e+04
3.091268053287075657e-01 9.899999999999985478e-01 1.443289932012703503e-15 1.941893999999999869e+04 8.697604017199221289e+02 1.774300000000000000e+04 2.228500000000000000e+04
3.400394858615783389e-01 9.899999999999985478e-01 1.443289932012703503e-15 1.907986999999999898e+04 6.984602015147319207e+02 1.745400000000000000e+04 2.059400000000000000e+04
3.740434344477361894e-01 9.899999999999985478e-01 1.443289932012703503e-15 1.907181000000000131e+04 7.496152038879682777e+02 1.741900000000000000e+04 2.120900000000000000e+04
4.114477778925098583e-01 9.899999999999985478e-01 1.443289932012703503e-15 1.866279000000000087e+04 7.080833890863419811e+02 1.713500000000000000e+04 2.049400000000000000e+04
4.525925556817608775e-01 9.899999999999985478e-01 1.443289932012703503e-15 1.833554999999999927e+04 8.089205940634717535e+02 1.678100000000000000e+04 2.043900000000000000e+04
4.978518112499369930e-01 9.899999999999985478e-01 1.443289932012703503e-15 1.811104000000000087e+04 7.001389707765165440e+02 1.683800000000000000e+04 2.081400000000000000e+04
5.476369923749306867e-01 9.899999999999985478e-01 1.443289932012703503e-15 1.794024000000000160e+04 6.624528831547190748e+02 1.663000000000000000e+04 1.985200000000000000e+04
6.024006916124238220e-01 9.899999999999985478e-01 1.443289932012703503e-15 1.773134999999999854e+04 6.464054513229293661e+02 1.656900000000000000e+04 1.958500000000000000e+04
6.626407607736662930e-01 9.899999999999985478e-01 1.443289932012703503e-15 1.764100000000000000e+04 7.250097240727188819e+02 1.559000000000000000e+04 2.027000000000000000e+04
7.289048368510330222e-01 9.899999999999985478e-01 1.443289932012703503e-15 1.763418999999999869e+04 6.640520716781177271e+02 1.633600000000000000e+04 2.002900000000000000e+04
8.017953205361363356e-01 9.899999999999985478e-01 1.443289932012703503e-15 1.748147999999999956e+04 6.502088046158709176e+02 1.632100000000000000e+04 1.929400000000000000e+04
8.819748525897500580e-01 9.899999999999985478e-01 1.443289932012703503e-15 1.751222999999999956e+04 6.838099276114671738e+02 1.596700000000000000e+04 1.930900000000000000e+04
9.701723378487251415e-01 9.899999999999985478e-01 1.443289932012703503e-15 1.743870999999999913e+04 6.415343216851300667e+02 1.612900000000000000e+04 1.917100000000000000e+04
9.801723378487251503e-01 9.899999999999985478e-01 1.443289932012703503e-15 1.757906000000000131e+04 6.650607313621818548e+02 1.634400000000000000e+04 1.980200000000000000e+04
9.901723378487251592e-01 9.899999999999985478e-01 1.443289932012703503e-15 1.750336000000000058e+04 6.324857867177727258e+02 1.609100000000000000e+04 1.960900000000000000e+04
1.000172337848725057e+00 9.899999999999985478e-01 1.443289932012703503e-15 1.743781000000000131e+04 6.597930235308645024e+02 1.592700000000000000e+04 1.933900000000000000e+04
