1.000000000000000021e-02 9.899999999999985478e-01 1.443289932012703503e-15 5.456226999999999680e+04 4.072792447093271221e+03 4.391100000000000000e+04 6.378400000000000000e+04
1.100000000000000110e-02 9.899999999999985478e-01 1.443289932012703503e-15 5.363768000000000029e+04 3.912133179941603885e+03 4.476700000000000000e+04 6.427300000000000000e+04
1.210000000000000138e-02 9.899999999999985478e-01 1.443289932012703503e-15 5.286029000000000087e+04 3.904297584188480414e+03 4.497200000000000000e+04 6.566300000000000000e+04
1.331000000000000238e-02 9.899999999999985478e-01 1.443289932012703503e-15 5.193401000000000204e+04 4.065801297395139045e+03 4.354200000000000000e+04 6.249300000000000000e+04
1.464100000000000297e-02 9.899999999999985478e-01 1.443289932012703503e-15 5.091548000000000320e+04 3.611312831865996031e+03 4.287200000000000000e+04 6.172000000000000000e+04
1.610510000000000413e-02 9.899999999999985478e-01 1.443289932012703503e-15 4.984501000000000204e+04 3.658045217038739338e+03 4.114500000000000000e+04 5.992100000000000000e+04
1.771561000000000663e-02 9.899999999999985478e-01 1.443289932012703503e-15 4.827548999999999796e+04 3.189198189184861803e+03 4.072600000000000000e+04 5.724300000000000000e+04
1.948717100000000799e-02 9.899999999999985478e-01 1.443289932012703503e-15 4.804537000000000262e+04 3.070633855265066359e+03 4.238400000000000000e+04 5.629000000000000000e+04
2.143588810000001191e-02 9.899999999999985478e-01 1.443289932012703503e-15 4.720237999999999738e+04 4.008730466818642071e+03 4.032400000000000000e+04 6.269600000000000000e+04
2.357947691000001483e-02 9.899999999999985478e-01 1.443289932012703503e-15 4.691280000000000291e+04 3.644990200261174323e+03 3.796400000000000000e+04 5.677700000000000000e+04
2.593742460100001770e-02 9.899999999999985478e-01 1.443289932012703503e-15 4.567801999999999680e+04 3.713017128912820226e+03 3.993300000000000000e+04 5.760100000000000000e+04
2.853116706110002052e-02 9.899999999999985478e-01 1.443289932012703503e-15 4.461708000000000175e+04 3.202981001130041477e+03 3.745100000000000000e+04 5.469200000000000000e+04
3.138428376721002361e-02 9.899999999999985478e-01 1.443289932012703503e-15 4.382327999999999884e+04 2.893370719697011737e+03 3.770200000000000000e+04 5.385300000000000000e+04
3.452271214393103083e-02 9.899999999999985478e-01 1.443289932012703503e-15 4.308191999999999825e+04 3.162113428326061239e+03 3.580200000000000000e+04 4.997100000000000000e+04
3.797498335832413807e-02 9.899999999999985478e-01 1.443289932012703503e-15 4.214648999999999796e+04 2.526885903617335316e+03 3.621500000000000000e+04 4.889400000000000000e+04
4.177248169415655188e-02 9.899999999999985478e-01 1.443289932012703503e-15 4.212002999999999884e+04 3.149683464905640449e+03 3.596800000000000000e+04 5.195500000000000000e+04
4.594972986357220845e-02 9.899999999999985478e-01 1.443289932012703503e-15 4.131650000000000000e+04 2.836412612791023548e+03 3.528900000000000000e+04 4.902000000000000000e+04
5.054470284992943624e-02 9.899999999999985478e-01 1.443289932012703503e-15 4.002266000000000349e+04 2.947591234279271248e+03 3.419800000000000000e+04 4.673000000000000000e+04
5.559917313492238750e-02 9.899999999999985478e-01 1.443289932012703503e-15 3.938373000000000320e+04 2.064404935350621145e+03 3.404400000000000000e+04 4.570200000000000000e+04
6.115909044841463110e-02 9.899999999999985478e-01 1.443289932012703503e-15 3.856037000000000262e+04 3.067125676117625062e+03 3.344800000000000000e+04 4.785700000000000000e+04
6.727499949325610462e-02 9.899999999999985478e-01 1.443289932012703503e-15 3.836741999999999825e+04 2.945222735821520018e+03 3.307800000000000000e+04 4.986200000000000000e+04
7.400249944258172063e-02 9.899999999999985478e-01 1.443289932012703503e-15 3.751038999999999942e+04 2.637025661213784588e+03 3.235500000000000000e+04 4.653500000000000000e+04
8.140274938683990380e-02 9.899999999999985478e-01 1.443289932012703503e-15 3.648237999999999738e+04 2.293182303176090500e+03 3.194500000000000000e+04 4.396900000000000000e+04
8.954302432552389834e-02 9.899999999999985478e-01 1.443289932012703503e-15 3.602870999999999913e+04 2.408299401216551360e+03 3.151100000000000000e+04 4.270400000000000000e+04
9.849732675807629234e-02 9.899999999999985478e-01 1.443289932012703503e-15 3.546254000000000087e+04 2.424474703600761586e+03 3.094800000000000000e+04 4.298600000000000000e+04
1.083470594338839244e-01 9.899999999999985478e-01 1.443289932012703503e-15 3.499098999999999796e+04 2.477592131465548391e+03 2.993500000000000000e+04 4.566200000000000000e+04
1.191817653772723196e-01 9.899999999999985478e-01 1.443289932012703503e-15 3.421119000000000233e+04 2.429898885530013104e+03 2.867000000000000000e+04 4.091900000000000000e+04
1.310999419149995737e-01 9.899999999999985478e-01 1.443289932012703503e-15 3.389781999999999971e+04 2.493192469024403636e+03 2.878000000000000000e+04 4.050700000000000000e+04
1.442099361064995422e-01 9.899999999999985478e-01 1.443289932012703503e-15 3.322266000000000349e+04 2.118149759672342043e+03 2.894100000000000000e+04 4.069400000000000000e+04
1.586309297171495103e-01 9.899999999999985478e-01 1.443289932012703503e-15 3.242759999999999854e+04 2.196933321700957094e+03 2.786100000000000000e+04 3.883500000000000000e+04
1.744940226888644641e-01 9.899999999999985478e-01 1.443289932012703503e-15 3.172793000000000029e+04 2.290590907407955456e+03 2.722100000000000000e+04 3.909100000000000000e+04
1.919434249577509355e-01 9.899999999999985478e-01 1.443289932012703503e-15 3.149234000000000015e+04 1.886482028644853017e+03 2.750600000000000000e+04 3.690300000000000000e+04
2.111377674535260540e-01 9.899999999999985478e-01 1.443289932012703503e-15 3.070886999999999898e+04 1.767578533785698482e+03 2.721200000000000000e+04 3.495400000000000000e+04
2.322515441988786677e-01 9.899999999999985478e-01 1.443289932012703503e-15 3.060011999999999898e+04 2.081622541576642107e+03 2.614500000000000000e+04 3.576600000000000000e+04
2.554766986187665401e-01 9.899999999999985478e-01 1.443289932012703503e-15 2.968411000000000058e+04 1.836287504150698169e+03 2.583400000000000000e+04 3.696300000000000000e+04
2.810243684806432163e-01 9.899999999999985478e-01 1.443289932012703503e-15 2.957041999999999825e+04 1.901303942982289300e+03 2.606800000000000000e+04 3.767900000000000000e+04
3.091268053287075657e-01 9.899999999999985478e-01 1.443289932012703503e-15 2.925011000000000058e+04 1.887231776412213321e+03 2.582100000000000000e+04 3.469500000000000000e+04
3.400394858615783389e-01 9.899999999999985478e-01 1.443289932012703503e-15 2.864588000000000102e+04 1.678286699464665844e+03 2.485700000000000000e+04 3.428500000000000000e+04
3.740434344477361894e-01 9.899999999999985478e-01 1.443289932012703503e-15 2.820781999999999971e+04 2.023538333612684710e+03 2.531600000000000000e+04 3.451300000000000000e+04
4.114477778925098583e-01 9.899999999999985478e-01 1.443289932012703503e-15 2.842411000000000058e+04 1.988811755269964806e+03 2.533600000000000000e+04 3.688700000000000000e+04
4.525925556817608775e-01 9.899999999999985478e-01 1.443289932012703503e-15 2.787931999999999971e+04 1.986035880239830476e+03 2.419400000000000000e+04 3.540800000000000000e+04
4.978518112499369930e-01 9.899999999999985478e-01 1.443289932012703503e-15 2.778861999999999898e+04 2.035452607063107280e+03 2.427200000000000000e+04 3.447300000000000000e+04
5.476369923749306867e-01 9.899999999999985478e-01 1.443289932012703503e-15 2.757988000000000102e+04 1.879400065340000765e+03 2.372300000000000000e+04 3.270900000000000000e+04
6.024006916124238220e-01 9.899999999999985478e-01 1.443289932012703503e-15 2.771781999999999971e+04 2.627796234033377459e+03 2.425900000000000000e+04 3.773700000000000000e+04
6.626407607736662930e-01 9.899999999999985478e-01 1.443289932012703503e-15 2.690291999999999825e+04 1.623835519256799444e+03 2.409500000000000000e+04 3.641300000000000000e+04
7.289048368510330222e-01 9.899999999999985478e-01 1.443289932012703503e-15 2.690024000000000160e+04 1.928915680479579351e+03 2.416200000000000000e+04 3.443000000000000000e+04
8.017953205361363356e-01 9.899999999999985478e-01 1.443289932012703503e-15 2.707261999999999898e+04 1.966066894996199835e+03 2.311200000000000000e+04 3.278100000000000000e+04
8.819748525897500580e-01 9.899999999999985478e-01 1.443289932012703503e-15 2.754834000000000015e+04 2.195668336611884115e+03 2.371800000000000000e+04 3.543900000000000000e+04
9.701723378487251415e-01 9.899999999999985478e-01 1.443289932012703503e-15 2.690488999999999942e+04 1.625192584864944592e+03 2.353500000000000000e+04 3.170400000000000000e+04
9.801723378487251503e-01 9.899999999999985478e-01 1.443289932012703503e-15 2.703900999999999840e+04 2.471288038634914301e+03 2.322500000000000000e+04 3.992800000000000000e+04
9.901723378487251592e-01 9.899999999999985478e-01 1.443289932012703503e-15 2.685191999999999825e+04 1.923017720563177591e+03 2.308000000000000000e+04 3.473100000000000000e+04
1.000172337848725057e+00 9.899999999999985478e-01 1.443289932012703503e-15 2.679209999999999854e+04 2.371164838217705892e+03 2.354600000000000000e+04 4.165100000000000000e+04
