1.000000000000000021e-02 9.899999999999985478e-01 1.443289932012703503e-15 5.269686000000000058e+04 4.370147956351133871e+03 4.107000000000000000e+04 6.590600000000000000e+04
1.100000000000000110e-02 9.899999999999985478e-01 1.443289932012703503e-15 5.123126000000000204e+04 3.998983232322935692e+03 4.304800000000000000e+04 6.123600000000000000e+04
1.210000000000000138e-02 9.899999999999985478e-01 1.443289932012703503e-15 5.119604000000000087e+04 4.083703657025078883e+03 4.262600000000000000e+04 6.396400000000000000e+04
1.331000000000000238e-02 9.899999999999985478e-01 1.443289932012703503e-15 4.966976999999999680e+04 3.829446823902898814e+03 4.118700000000000000e+04 5.991200000000000000e+04
1.464100000000000297e-02 9.899999999999985478e-01 1.443289932012703503e-15 4.935431999999999971e+04 3.708558773647790531e+03 4.138900000000000000e+04 6.068800000000000000e+04
1.610510000000000413e-02 9.899999999999985478e-01 1.443289932012703503e-15 4.847658999999999651e+04 3.817734317877554986e+03 4.009200000000000000e+04 5.796200000000000000e+04
1.771561000000000663e-02 9.899999999999985478e-01 1.443289932012703503e-15 4.740098000000000320e+04 3.532376132237336151e+03 4.002400000000000000e+04 5.882100000000000000e+04
1.948717100000000799e-02 9.899999999999985478e-01 1.443289932012703503e-15 4.606190000000000146e+04 3.759812847735908235e+03 3.854100000000000000e+04 5.903200000000000000e+04
2.143588810000001191e-02 9.899999999999985478e-01 1.443289932012703503e-15 4.533855999999999767e+04 3.114114180051849871e+03 3.695300000000000000e+04 5.167300000000000000e+04
2.357947691000001483e-02 9.899999999999985478e-01 1.443289932012703503e-15 4.389180000000000291e+04 3.052360404670457683e+03 3.641300000000000000e+04 5.057300000000000000e+04
2.593742460100001770e-02 9.899999999999985478e-01 1.443289932012703503e-15 4.330508999999999651e+04 3.016478609554525065e+03 3.478200000000000000e+04 4.989800000000000000e+04
2.853116706110002052e-02 9.899999999999985478e-01 1.443289932012703503e-15 4.213850000000000000e+04 3.028905546562982636e+03 3.404800000000000000e+04 5.127900000000000000e+04
3.138428376721002361e-02 9.899999999999985478e-01 1.443289932012703503e-15 4.197272000000000116e+04 3.278633346624779733e+03 3.541800000000000000e+04 5.164700000000000000e+04
3.452271214393103083e-02 9.899999999999985478e-01 1.443289932012703503e-15 4.102972000000000116e+04 3.018764310376018784e+03 3.588700000000000000e+04 5.220500000000000000e+04
3.797498335832413807e-02 9.899999999999985478e-01 1.443289932012703503e-15 4.076355999999999767e+04 2.885445869601437607e+03 3.367600000000000000e+04 4.794600000000000000e+04
4.177248169415655188e-02 9.899999999999985478e-01 1.443289932012703503e-15 3.944844999999999709e+04 2.810105622125261561e+03 3.395100000000000000e+04 4.948500000000000000e+04
4.594972986357220845e-02 9.899999999999985478e-01 1.443289932012703503e-15 3.864813999999999942e+04 2.799427316506003081e+03 3.265800000000000000e+04 4.925600000000000000e+04
5.054470284992943624e-02 9.899999999999985478e-01 1.443289932012703503e-15 3.825727999999999884e+04 2.733594652028716155e+03 3.314200000000000000e+04 4.609400000000000000e+04
5.559917313492238750e-02 9.899999999999985478e-01 1.443289932012703503e-15 3.776076999999999680e+04 2.573406084763926174e+03 3.277300000000000000e+04 4.441200000000000000e+04
6.115909044841463110e-02 9.899999999999985478e-01 1.443289932012703503e-15 3.708965000000000146e+04 2.735354296521750712e+03 3.182200000000000000e+04 4.440300000000000000e+04
6.727499949325610462e-02 9.899999999999985478e-01 1.443289932012703503e-15 3.611641000000000349e+04 2.547884397279437962e+03 3.122400000000000000e+04 4.390600000000000000e+04
7.400249944258172063e-02 9.899999999999985478e-01 1.443289932012703503e-15 3.528420999999999913e+04 2.652693552957070096e+03 2.920800000000000000e+04 4.213900000000000000e+04
8.140274938683990380e-02 9.899999999999985478e-01 1.443289932012703503e-15 3.415930000000000291e+04 2.346285457910013065e+03 2.927700000000000000e+04 3.930500000000000000e+04
8.954302432552389834e-02 9.899999999999985478e-01 1.443289932012703503e-15 3.396933999999999651e+04 2.757712563774550290e+03 2.844300000000000000e+04 4.143700000000000000e+04
9.849732675807629234e-02 9.899999999999985478e-01 1.443289932012703503e-15 3.311787000000000262e+04 2.334784545327469914e+03 2.842500000000000000e+04 4.037700000000000000e+04
1.083470594338839244e-01 9.899999999999985478e-01 1.443289932012703503e-15 3.266868000000000029e+04 2.310323639146688492e+03 2.797500000000000000e+04 4.055600000000000000e+04
1.191817653772723196e-01 9.899999999999985478e-01 1.443289932012703503e-15 3.192634999999999854e+04 2.126472983016713442e+03 2.718400000000000000e+04 3.745600000000000000e+04
1.310999419149995737e-01 9.899999999999985478e-01 1.443289932012703503e-15 3.166659999999999854e+04 2.307137208750272748e+03 2.807400000000000000e+04 3.722900000000000000e+04
1.442099361064995422e-01 9.899999999999985478e-01 1.443289932012703503e-15 3.146240999999999985e+04 2.565593378129121902e+03 2.689500000000000000e+04 3.833400000000000000e+04
1.586309297171495103e-01 9.899999999999985478e-01 1.443289932012703503e-15 3.088649000000000160e+04 2.206756141919628135e+03 2.707900000000000000e+04 3.850800000000000000e+04
1.744940226888644641e-01 9.899999999999985478e-01 1.443289932012703503e-15 3.000631999999999971e+04 2.185132375303610388e+03 2.572900000000000000e+04 3.774800000000000000e+04
1.919434249577509355e-01 9.899999999999985478e-01 1.443289932012703503e-15 2.976597999999999956e+04 2.199264022258354998e+03 2.573600000000000000e+04 3.567900000000000000e+04
2.111377674535260540e-01 9.899999999999985478e-01 1.443289932012703503e-15 2.903793999999999869e+04 2.028781500408557577e+03 2.473700000000000000e+04 3.448300000000000000e+04
2.322515441988786677e-01 9.899999999999985478e-01 1.443289932012703503e-15 2.867009000000000015e+04 2.094512148902459558e+03 2.477900000000000000e+04 3.545700000000000000e+04
2.554766986187665401e-01 9.899999999999985478e-01 1.443289932012703503e-15 2.807450000000000000e+04 1.961232844411902079e+03 2.455900000000000000e+04 3.496300000000000000e+04
2.810243684806432163e-01 9.899999999999985478e-01 1.443289932012703503e-15 2.772322000000000116e+04 2.269707754667988411e+03 2.388200000000000000e+04 4.065600000000000000e+04
3.091268053287075657e-01 9.899999999999985478e-01 1.443289932012703503e-15 2.721895999999999913e+04 2.066737084972348839e+03 2.407500000000000000e+04 3.478600000000000000e+04
3.400394858615783389e-01 9.899999999999985478e-01 1.443289932012703503e-15 2.664549000000000160e+04 1.692270448214469070e+03 2.355600000000000000e+04 3.163600000000000000e+04
3.740434344477361894e-01 9.899999999999985478e-01 1.443289932012703503e-15 2.637016999999999825e+04 2.030450580807126698e+03 2.256600000000000000e+04 3.576200000000000000e+04
4.114477778925098583e-01 9.899999999999985478e-01 1.443289932012703503e-15 2.602483000000000175e+04 2.342839094154781833e+03 2.279300000000000000e+04 4.108800000000000000e+04
4.525925556817608775e-01 9.899999999999985478e-01 1.443289932012703503e-15 2.603074000000000160e+04 1.994203357834903045e+03 2.263700000000000000e+04 3.846700000000000000e+04
4.978518112499369930e-01 9.899999999999985478e-01 1.443289932012703503e-15 2.585184000000000015e+04 1.708481891738978675e+03 2.270300000000000000e+04 2.986200000000000000e+04
5.476369923749306867e-01 9.899999999999985478e-01 1.443289932012703503e-15 2.574386000000000058e+04 2.087107922556952872e+03 2.211300000000000000e+04 3.264800000000000000e+04
6.024006916124238220e-01 9.899999999999985478e-01 1.443289932012703503e-15 2.591650999999999840e+04 2.079745400259368125e+03 2.189300000000000000e+04 3.379000000000000000e+04
6.626407607736662930e-01 9.899999999999985478e-01 1.443289932012703503e-15 2.557077000000000044e+04 2.226729610235602649e+03 2.229500000000000000e+04 3.474600000000000000e+04
7.289048368510330222e-01 9.899999999999985478e-01 1.443289932012703503e-15 2.551941999999999825e+04 2.126857193983649722e+03 2.211600000000000000e+04 3.341200000000000000e+04
8.017953205361363356e-01 9.899999999999985478e-01 1.443289932012703503e-15 2.530547000000000116e+04 1.648154188509072583e+03 2.155300000000000000e+04 3.080900000000000000e+04
8.819748525897500580e-01 9.899999999999985478e-01 1.443289932012703503e-15 2.551243000000000029e+04 2.506387297506114010e+03 2.149700000000000000e+04 3.953800000000000000e+04
9.701723378487251415e-01 9.899999999999985478e-01 1.443289932012703503e-15 2.532856999999999971e+04 1.848260751382228591e+03 2.181600000000000000e+04 3.120700000000000000e+04
9.801723378487251503e-01 9.899999999999985478e-01 1.443289932012703503e-15 2.514424000000000160e+04 1.700964144948387229e+03 2.207800000000000000e+04 3.100200000000000000e+04
9.901723378487251592e-01 9.899999999999985478e-01 1.443289932012703503e-15 2.496747000000000116e+04 1.904039833905793330e+03 2.228100000000000000e+04 3.284400000000000000e+04
1.000172337848725057e+00 9.899999999999985478e-01 1.443289932012703503e-15 2.512647000000000116e+04 1.704811763538719788e+03 2.163600000000000000e+04 3.010600000000000000e+04
