1.000000000000000021e-02 9.899999999999985478e-01 1.443289932012703503e-15 5.588987999999999738e+04 3.895669593997930860e+03 4.783800000000000000e+04 6.691600000000000000e+04
1.100000000000000110e-02 9.899999999999985478e-01 1.443289932012703503e-15 5.509105999999999767e+04 4.014199842608735707e+03 4.713500000000000000e+04 6.728300000000000000e+04
1.210000000000000138e-02 9.899999999999985478e-01 1.443289932012703503e-15 5.340779000000000087e+04 3.752561464639853511e+03 4.673800000000000000e+04 6.161500000000000000e+04
1.331000000000000238e-02 9.899999999999985478e-01 1.443289932012703503e-15 5.290765000000000146e+04 3.883672273441723519e+03 4.533900000000000000e+04 6.421900000000000000e+04
1.464100000000000297e-02 9.899999999999985478e-01 1.443289932012703503e-15 5.208601000000000204e+04 3.809718927939434707e+03 4.425600000000000000e+04 6.484100000000000000e+04
1.610510000000000413e-02 9.899999999999985478e-01 1.443289932012703503e-15 5.086797000000000116e+04 3.091343770773480173e+03 4.479800000000000000e+04 5.966300000000000000e+04
1.771561000000000663e-02 9.899999999999985478e-01 1.443289932012703503e-15 5.013134999999999854e+04 3.492248806643077387e+03 4.240600000000000000e+04 6.242500000000000000e+04
1.948717100000000799e-02 9.899999999999985478e-01 1.443289932012703503e-15 4.936356999999999971e+04 3.711037445930719059e+03 4.222800000000000000e+04 6.174500000000000000e+04
2.143588810000001191e-02 9.899999999999985478e-01 1.443289932012703503e-15 4.812550000000000000e+04 3.270648233913271270e+03 4.147400000000000000e+04 5.789800000000000000e+04
2.357947691000001483e-02 9.899999999999985478e-01 1.443289932012703503e-15 4.775194000000000233e+04 3.341828699439873162e+03 3.913200000000000000e+04 5.572600000000000000e+04
2.593742460100001770e-02 9.899999999999985478e-01 1.443289932012703503e-15 4.705862000000000262e+04 3.028509807743736019e+03 4.147300000000000000e+04 5.814100000000000000e+04
2.853116706110002052e-02 9.899999999999985478e-01 1.443289932012703503e-15 4.596316999999999825e+04 2.902602639201583770e+03 3.910900000000000000e+04 5.282200000000000000e+04
3.138428376721002361e-02 9.899999999999985478e-01 1.443289932012703503e-15 4.532158999999999651e+04 3.110297664517015164e+03 3.772800000000000000e+04 5.384400000000000000e+04
3.452271214393103083e-02 9.899999999999985478e-01 1.443289932012703503e-15 4.482188999999999942e+04 2.963021150430755824e+03 3.870300000000000000e+04 5.507000000000000000e+04
3.797498335832413807e-02 9.899999999999985478e-01 1.443289932012703503e-15 4.364825000000000000e+04 3.397772774553943236e+03 3.741100000000000000e+04 5.212900000000000000e+04
4.177248169415655188e-02 9.899999999999985478e-01 1.443289932012703503e-15 4.245712999999999738e+04 3.163163965573078258e+03 3.612800000000000000e+04 5.212700000000000000e+04
4.594972986357220845e-02 9.899999999999985478e-01 1.443289932012703503e-15 4.204358000000000175e+04 2.756867545530616553e+03 3.686000000000000000e+04 5.131700000000000000e+04
5.054470284992943624e-02 9.899999999999985478e-01 1.443289932012703503e-15 4.158262000000000262e+04 2.981433490051388162e+03 3.569000000000000000e+04 5.062100000000000000e+04
5.559917313492238750e-02 9.899999999999985478e-01 1.443289932012703503e-15 4.023931999999999971e+04 2.883504218412034334e+03 3.474400000000000000e+04 4.867900000000000000e+04
6.115909044841463110e-02 9.899999999999985478e-01 1.443289932012703503e-15 3.972309999999999854e+04 2.735502014256250277e+03 3.471900000000000000e+04 4.661200000000000000e+04
6.727499949325610462e-02 9.899999999999985478e-01 1.443289932012703503e-15 3.926963999999999942e+04 2.767791934087531899e+03 3.380200000000000000e+04 4.898800000000000000e+04
7.400249944258172063e-02 9.899999999999985478e-01 1.443289932012703503e-15 3.885413999999999942e+04 2.650195207979971201e+03 3.260500000000000000e+04 4.637200000000000000e+04
8.140274938683990380e-02 9.899999999999985478e-01 1.443289932012703503e-15 3.805373999999999796e+04 2.432879789960860762e+03 3.341300000000000000e+04 4.681200000000000000e+04
8.954302432552389834e-02 9.899999999999985478e-01 1.443289932012703503e-15 3.663091999999999825e+04 2.478661020309150899e+03 3.216100000000000000e+04 4.252300000000000000e+04
9.849732675807629234e-02 9.899999999999985478e-01 1.443289932012703503e-15 3.687047000000000116e+04 2.642535450869107990e+03 3.224300000000000000e+04 4.503900000000000000e+04
1.083470594338839244e-01 9.899999999999985478e-01 1.443289932012703503e-15 3.602079000000000087e+04 2.576086991135974586e+03 3.221100000000000000e+04 4.323600000000000000e+04
1.191817653772723196e-01 9.899999999999985478e-01 1.443289932012703503e-15 3.575308999999999651e+04 2.541607597938752861e+03 3.146200000000000000e+04 4.338200000000000000e+04
1.310999419149995737e-01 9.899999999999985478e-01 1.443289932012703503e-15 3.431716999999999825e+04 2.163728430533739356e+03 3.079200000000000000e+04 4.347300000000000000e+04
1.442099361064995422e-01 9.899999999999985478e-01 1.443289932012703503e-15 3.460588999999999942e+04 2.674791367172400442e+03 3.048800000000000000e+04 4.327700000000000000e+04
1.586309297171495103e-01 9.899999999999985478e-01 1.443289932012703503e-15 3.384994000000000233e+04 2.531089962130939057e+03 2.953300000000000000e+04 4.654500000000000000e+04
1.744940226888644641e-01 9.899999999999985478e-01 1.443289932012703503e-15 3.330898999999999796e+04 2.141143028828294064e+03 2.962800000000000000e+04 4.371700000000000000e+04
1.919434249577509355e-01 9.899999999999985478e-01 1.443289932012703503e-15 3.280906999999999971e+04 2.170444080159633813e+03 2.854700000000000000e+04 3.991300000000000000e+04
2.111377674535260540e-01 9.899999999999985478e-01 1.443289932012703503e-15 3.208404000000000087e+04 2.086126074425992101e+03 2.841500000000000000e+04 3.798000000000000000e+04
2.322515441988786677e-01 9.899999999999985478e-01 1.443289932012703503e-15 3.172259000000000015e+04 1.845072383918852893e+03 2.806400000000000000e+04 3.666800000000000000e+04
2.554766986187665401e-01 9.899999999999985478e-01 1.443289932012703503e-15 3.132568000000000029e+04 1.952741395474577985e+03 2.747600000000000000e+04 3.602500000000000000e+04
2.810243684806432163e-01 9.899999999999985478e-01 1.443289932012703503e-15 3.082509000000000015e+04 2.086150455240465362e+03 2.725900000000000000e+04 3.749900000000000000e+04
3.091268053287075657e-01 9.899999999999985478e-01 1.443289932012703503e-15 3.040300999999999840e+04 2.119698509198890406e+03 2.632300000000000000e+04 3.668400000000000000e+04
3.400394858615783389e-01 9.899999999999985478e-01 1.443289932012703503e-15 2.978840999999999985e+04 2.037391092034123858e+03 2.665800000000000000e+04 4.153100000000000000e+04
3.740434344477361894e-01 9.899999999999985478e-01 1.443289932012703503e-15 2.938018000000000029e+04 1.777159989308784816e+03 2.652300000000000000e+04 3.550900000000000000e+04
4.114477778925098583e-01 9.899999999999985478e-01 1.443289932012703503e-15 2.957293999999999869e+04 2.192754130403132876e+03 2.551100000000000000e+04 3.944600000000000000e+04
4.525925556817608775e-01 9.899999999999985478e-01 1.443289932012703503e-15 2.880727000000000044e+04 1.805053865428951440e+03 2.580800000000000000e+04 3.368400000000000000e+04
4.978518112499369930e-01 9.899999999999985478e-01 1.443289932012703503e-15 2.876936000000000058e+04 1.969661831482755360e+03 2.554100000000000000e+04 3.606600000000000000e+04
5.476369923749306867e-01 9.899999999999985478e-01 1.443289932012703503e-15 2.824277999999999884e+04 1.955110761977438870e+03 2.504200000000000000e+04 3.560100000000000000e+04
6.024006916124238220e-01 9.899999999999985478e-01 1.443289932012703503e-15 2.823425000000000000e+04 1.835926062645225329e+03 2.481600000000000000e+04 3.353200000000000000e+04
6.626407607736662930e-01 9.899999999999985478e-01 1.443289932012703503e-15 2.805384999999999854e+04 1.632275659164223725e+03 2.476700000000000000e+04 3.359000000000000000e+04
7.289048368510330222e-01 9.899999999999985478e-01 1.443289932012703503e-15 2.790672000000000116e+04 1.834575193771026534e+03 2.465500000000000000e+04 3.664300000000000000e+04
8.017953205361363356e-01 9.899999999999985478e-01 1.443289932012703503e-15 2.834795000000000073e+04 2.041263630083091357e+03 2.481600000000000000e+04 3.403300000000000000e+04
8.819748525897500580e-01 9.899999999999985478e-01 1.443289932012703503e-15 2.768677999999999884e+04 1.762925792993000869e+03 2.442400000000000000e+04 3.344800000000000000e+04
9.701723378487251415e-01 9.899999999999985478e-01 1.443289932012703503e-15 2.793790999999999985e+04 2.080189612006558946e+03 2.461400000000000000e+04 3.779200000000000000e+04
9.801723378487251503e-01 9.899999999999985478e-01 1.443289932012703503e-15 2.809238999999999942e+04 1.843540202409483527e+03 2.504000000000000000e+04 3.741600000000000000e+04
9.901723378487251592e-01 9.899999999999985478e-01 1.443289932012703503e-15 2.781595999999999913e+04 1.905048492401177555e+03 2.385800000000000000e+04 3.347200000000000000e+04
1.000172337848725057e+00 9.899999999999985478e-01 1.443289932012703503e-15 2.795411999999999898e+04 1.810164701235774828e+03 2.466400000000000000e+04 3.332500000000000000e+04
