1.000000000000000021e-02 9.899999999999985478e-01 1.443289932012703503e-15 9.890989999999999782e+03 2.998332870112990767e-01 9.889000000000000000e+03 9.892000000000000000e+03
1.100000000000000110e-02 9.899999999999985478e-01 1.443289932012703503e-15 9.891010000000000218e+03 3.871692136521190375e-01 9.890000000000000000e+03 9.892000000000000000e+03
1.210000000000000138e-02 9.899999999999985478e-01 1.443289932012703503e-15 9.891030000000000655e+03 2.628687885618984921e-01 9.890000000000000000e+03 9.892000000000000000e+03
1.331000000000000238e-02 9.899999999999985478e-01 1.443289932012703503e-15 9.890969999999999345e+03 3.303028912982747811e-01 9.890000000000000000e+03 9.892000000000000000e+03
1.464100000000000297e-02 9.899999999999985478e-01 1.443289932012703503e-15 9.891040000000000873e+03 3.979949748426477307e-01 9.890000000000000000e+03 9.892000000000000000e+03
1.610510000000000413e-02 9.899999999999985478e-01 1.443289932012703503e-15 9.891020000000000437e+03 3.155946767611901294e-01 9.890000000000000000e+03 9.892000000000000000e+03
1.771561000000000663e-02 9.899999999999985478e-01 1.443289932012703503e-15 9.891040000000000873e+03 3.720215047547649756e-01 9.890000000000000000e+03 9.892000000000000000e+03
1.948717100000000799e-02 9.899999999999985478e-01 1.443289932012703503e-15 9.890989999999999782e+03 3.604164258188025660e-01 9.890000000000000000e+03 9.892000000000000000e+03
2.143588810000001191e-02 9.899999999999985478e-01 1.443289932012703503e-15 9.890940000000000509e+03 3.411744421846397701e-01 9.889000000000000000e+03 9.892000000000000000e+03
2.357947691000001483e-02 9.899999999999985478e-01 1.443289932012703503e-15 9.891030000000000655e+03 3.303028912982747811e-01 9.890000000000000000e+03 9.892000000000000000e+03
2.593742460100001770e-02 9.899999999999985478e-01 1.443289932012703503e-15 9.890989999999999782e+03 3.871692136521189265e-01 9.890000000000000000e+03 9.892000000000000000e+03
2.853116706110002052e-02 9.899999999999985478e-01 1.443289932012703503e-15 9.890989999999999782e+03 3.604164258188019554e-01 9.890000000000000000e+03 9.892000000000000000e+03
3.138428376721002361e-02 9.899999999999985478e-01 1.443289932012703503e-15 9.890979999999999563e+03 4.686149805543990410e-01 9.889000000000000000e+03 9.892000000000000000e+03
3.452271214393103083e-02 9.899999999999985478e-01 1.443289932012703503e-15 9.891069999999999709e+03 4.744470465710581841e-01 9.890000000000000000e+03 9.893000000000000000e+03
3.797498335832413807e-02 9.899999999999985478e-01 1.443289932012703503e-15 9.891010000000000218e+03 4.794788837894736200e-01 9.890000000000000000e+03 9.892000000000000000e+03
4.177248169415655188e-02 9.899999999999985478e-01 1.443289932012703503e-15 9.890959999999999127e+03 6.151422599691879212e-01 9.889000000000000000e+03 9.893000000000000000e+03
4.594972986357220845e-02 9.899999999999985478e-01 1.443289932012703503e-15 9.890989999999999782e+03 5.915234568468097365e-01 9.889000000000000000e+03 9.893000000000000000e+03
5.054470284992943624e-02 9.899999999999985478e-01 1.443289932012703503e-15 9.891000000000000000e+03 5.477225575051660744e-01 9.889000000000000000e+03 9.893000000000000000e+03
5.559917313492238750e-02 9.899999999999985478e-01 1.443289932012703503e-15 9.890860000000000582e+03 6.636264009214821735e-01 9.889000000000000000e+03 9.893000000000000000e+03
6.115909044841463110e-02 9.899999999999985478e-01 1.443289932012703503e-15 9.891030000000000655e+03 7.543871685016915185e-01 9.888000000000000000e+03 9.893000000000000000e+03
6.727499949325610462e-02 9.899999999999985478e-01 1.443289932012703503e-15 9.891040000000000873e+03 8.593020423576329669e-01 9.888000000000000000e+03 9.893000000000000000e+03
7.400249944258172063e-02 9.899999999999985478e-01 1.443289932012703503e-15 9.890959999999999127e+03 8.114185110040309512e-01 9.889000000000000000e+03 9.893000000000000000e+03
8.140274938683990380e-02 9.899999999999985478e-01 1.443289932012703503e-15 9.891090000000000146e+03 6.339558344238190868e-01 9.890000000000000000e+03 9.893000000000000000e+03
8.954302432552389834e-02 9.899999999999985478e-01 1.443289932012703503e-15 9.891180000000000291e+03 8.529947244854444444e-01 9.889000000000000000e+03 9.895000000000000000e+03
9.849732675807629234e-02 9.899999999999985478e-01 1.443289932012703503e-15 9.890979999999999563e+03 8.364209466530598824e-01 9.889000000000000000e+03 9.893000000000000000e+03
1.083470594338839244e-01 9.899999999999985478e-01 1.443289932012703503e-15 9.891000000000000000e+03 8.602325267042626455e-01 9.888000000000000000e+03 9.893000000000000000e+03
1.191817653772723196e-01 9.899999999999985478e-01 1.443289932012703503e-15 9.891049999999999272e+03 9.096702699330123654e-01 9.889000000000000000e+03 9.893000000000000000e+03
1.310999419149995737e-01 9.899999999999985478e-01 1.443289932012703503e-15 9.891090000000000146e+03 8.613361713059545233e-01 9.889000000000000000e+03 9.894000000000000000e+03
1.442099361064995422e-01 9.899999999999985478e-01 1.443289932012703503e-15 9.890950000000000728e+03 1.003742994994236470e+00 9.889000000000000000e+03 9.893000000000000000e+03
1.586309297171495103e-01 9.899999999999985478e-01 1.443289932012703503e-15 9.890989999999999782e+03 1.004937809021035466e+00 9.888000000000000000e+03 9.893000000000000000e+03
1.744940226888644641e-01 9.899999999999985478e-01 1.443289932012703503e-15 9.890909999999999854e+03 1.105395856695691181e+00 9.888000000000000000e+03 9.893000000000000000e+03
1.919434249577509355e-01 9.899999999999985478e-01 1.443289932012703503e-15 9.890870000000000800e+03 1.368612436009552624e+00 9.887000000000000000e+03 9.894000000000000000e+03
2.111377674535260540e-01 9.899999999999985478e-01 1.443289932012703503e-15 9.891069999999999709e+03 1.106842355532169364e+00 9.888000000000000000e+03 9.894000000000000000e+03
2.322515441988786677e-01 9.899999999999985478e-01 1.443289932012703503e-15 9.891069999999999709e+03 1.365686640485291647e+00 9.888000000000000000e+03 9.894000000000000000e+03
2.554766986187665401e-01 9.899999999999985478e-01 1.443289932012703503e-15 9.890979999999999563e+03 1.406982586956923909e+00 9.886000000000000000e+03 9.894000000000000000e+03
2.810243684806432163e-01 9.899999999999985478e-01 1.443289932012703503e-15 9.891020000000000437e+03 1.455884610812270941e+00 9.888000000000000000e+03 9.894000000000000000e+03
3.091268053287075657e-01 9.899999999999985478e-01 1.443289932012703503e-15 9.891020000000000437e+03 1.428145650835375147e+00 9.888000000000000000e+03 9.895000000000000000e+03
3.400394858615783389e-01 9.899999999999985478e-01 1.443289932012703503e-15 9.890879999999999200e+03 1.620370328042327834e+00 9.888000000000000000e+03 9.894000000000000000e+03
3.740434344477361894e-01 9.899999999999985478e-01 1.443289932012703503e-15 9.891100000000000364e+03 1.459451951932643210e+00 9.888000000000000000e+03 9.894000000000000000e+03
4.114477778925098583e-01 9.899999999999985478e-01 1.443289932012703503e-15 9.891040000000000873e+03 1.684755175092215840e+00 9.885000000000000000e+03 9.894000000000000000e+03
4.525925556817608775e-01 9.899999999999985478e-01 1.443289932012703503e-15 9.891030000000000655e+03 1.664061296947921598e+00 9.887000000000000000e+03 9.894000000000000000e+03
4.978518112499369930e-01 9.899999999999985478e-01 1.443289932012703503e-15 9.890579999999999927e+03 1.632053920677866810e+00 9.886000000000000000e+03 9.895000000000000000e+03
5.476369923749306867e-01 9.899999999999985478e-01 1.443289932012703503e-15 9.890979999999999563e+03 1.708683703907776019e+00 9.886000000000000000e+03 9.894000000000000000e+03
6.024006916124238220e-01 9.899999999999985478e-01 1.443289932012703503e-15 9.890860000000000582e+03 1.703056076587027068e+00 9.886000000000000000e+03 9.895000000000000000e+03
6.626407607736662930e-01 9.899999999999985478e-01 1.443289932012703503e-15 9.890709999999999127e+03 2.006464552390595735e+00 9.885000000000000000e+03 9.894000000000000000e+03
7.289048368510330222e-01 9.899999999999985478e-01 1.443289932012703503e-15 9.890920000000000073e+03 2.147929235333416731e+00 9.885000000000000000e+03 9.895000000000000000e+03
8.017953205361363356e-01 9.899999999999985478e-01 1.443289932012703503e-15 9.890930000000000291e+03 2.164509182239706675e+00 9.884000000000000000e+03 9.895000000000000000e+03
8.819748525897500580e-01 9.899999999999985478e-01 1.443289932012703503e-15 9.891000000000000000e+03 1.881488772222677852e+00 9.885000000000000000e+03 9.895000000000000000e+03
9.701723378487251415e-01 9.899999999999985478e-01 1.443289932012703503e-15 9.891329999999999927e+03 2.088324687398968038e+00 9.883000000000000000e+03 9.895000000000000000e+03
9.801723378487251503e-01 9.899999999999985478e-01 1.443289932012703503e-15 9.891000000000000000e+03 1.849324200890692937e+00 9.886000000000000000e+03 9.895000000000000000e+03
9.901723378487251592e-01 9.899999999999985478e-01 1.443289932012703503e-15 9.891219999999999345e+03 1.873926359278828446e+00 9.887000000000000000e+03 9.895000000000000000e+03
1.000172337848725057e+00 9.899999999999985478e-01 1.443289932012703503e-15 9.891100000000000364e+03 1.915724406066801055e+00 9.885000000000000000e+03 9.895000000000000000e+03
