1.000000000000000021e-02 9.196699999999996544e-01 2.404141634762809940e-02 3.000000000000000000e+07 0.000000000000000000e+00 3.000000000000000000e+07 3.000000000000000000e+07
1.100000000000000110e-02 9.236650000000000693e-01 2.129194389904313575e-02 3.000000000000000000e+07 0.000000000000000000e+00 3.000000000000000000e+07 3.000000000000000000e+07
1.210000000000000138e-02 9.192269999999999053e-01 2.198940133336967778e-02 3.000000000000000000e+07 0.000000000000000000e+00 3.000000000000000000e+07 3.000000000000000000e+07
1.331000000000000238e-02 9.213449999999996365e-01 2.352255672753282914e-02 3.000000000000000000e+07 0.000000000000000000e+00 3.000000000000000000e+07 3.000000000000000000e+07
1.464100000000000297e-02 9.190519999999996470e-01 2.218955375846932629e-02 3.000000000000000000e+07 0.000000000000000000e+00 3.000000000000000000e+07 3.000000000000000000e+07
1.610510000000000413e-02 9.205239999999998979e-01 2.424792824139827482e-02 3.000000000000000000e+07 0.000000000000000000e+00 3.000000000000000000e+07 3.000000000000000000e+07
1.771561000000000663e-02 9.186929999999999819e-01 2.201062586570404558e-02 3.000000000000000000e+07 0.000000000000000000e+00 3.000000000000000000e+07 3.000000000000000000e+07
1.948717100000000799e-02 9.231439999999999646e-01 2.116089941377728711e-02 3.000000000000000000e+07 0.000000000000000000e+00 3.000000000000000000e+07 3.000000000000000000e+07
2.143588810000001191e-02 9.212229999999999031e-01 2.134746755472413660e-02 3.000000000000000000e+07 0.000000000000000000e+00 3.000000000000000000e+07 3.000000000000000000e+07
2.357947691000001483e-02 9.235119999999998885e-01 2.130802797069686685e-02 3.000000000000000000e+07 0.000000000000000000e+00 3.000000000000000000e+07 3.000000000000000000e+07
2.593742460100001770e-02 9.250589999999996316e-01 2.169611990656393485e-02 3.000000000000000000e+07 0.000000000000000000e+00 3.000000000000000000e+07 3.000000000000000000e+07
2.853116706110002052e-02 9.197230000000000683e-01 2.140728780112044483e-02 3.000000000000000000e+07 0.000000000000000000e+00 3.000000000000000000e+07 3.000000000000000000e+07
3.138428376721002361e-02 9.223290000000002875e-01 1.707788215792578959e-02 3.000000000000000000e+07 0.000000000000000000e+00 3.000000000000000000e+07 3.000000000000000000e+07
3.452271214393103083e-02 9.224259999999995241e-01 2.120300742819281742e-02 3.000000000000000000e+07 0.000000000000000000e+00 3.000000000000000000e+07 3.000000000000000000e+07
3.797498335832413807e-02 9.223660000000003523e-01 2.010740271641267909e-02 3.000000000000000000e+07 0.000000000000000000e+00 3.000000000000000000e+07 3.000000000000000000e+07
4.177248169415655188e-02 9.285309999999995512e-01 1.914154484361176023e-02 3.000000000000000000e+07 0.000000000000000000e+00 3.000000000000000000e+07 3.000000000000000000e+07
4.594972986357220845e-02 9.272629999999999484e-01 2.210730944732985925e-02 3.000000000000000000e+07 0.000000000000000000e+00 3.000000000000000000e+07 3.000000000000000000e+07
5.054470284992943624e-02 9.262899999999997247e-01 1.930633315780083681e-02 3.000000000000000000e+07 0.000000000000000000e+00 3.000000000000000000e+07 3.000000000000000000e+07
5.559917313492238750e-02 9.320119999999999516e-01 2.013729018512669389e-02 3.000000000000000000e+07 0.000000000000000000e+00 3.000000000000000000e+07 3.000000000000000000e+07
6.115909044841463110e-02 9.338619999999998589e-01 2.148037141205897185e-02 3.000000000000000000e+07 0.000000000000000000e+00 3.000000000000000000e+07 3.000000000000000000e+07
6.727499949325610462e-02 9.381029999999996871e-01 1.905841260441173274e-02 3.000000000000000000e+07 0.000000000000000000e+00 3.000000000000000000e+07 3.000000000000000000e+07
7.400249944258172063e-02 9.407300000000000662e-01 1.572316443976848332e-02 3.000000000000000000e+07 0.000000000000000000e+00 3.000000000000000000e+07 3.000000000000000000e+07
8.140274938683990380e-02 9.484330000000007477e-01 1.544287573607972495e-02 3.000000000000000000e+07 0.000000000000000000e+00 3.000000000000000000e+07 3.000000000000000000e+07
8.954302432552389834e-02 9.484330000000003036e-01 1.565985347951889123e-02 3.000000000000000000e+07 0.000000000000000000e+00 3.000000000000000000e+07 3.000000000000000000e+07
9.849732675807629234e-02 9.528149999999997455e-01 1.461914070662158165e-02 3.000000000000000000e+07 0.000000000000000000e+00 3.000000000000000000e+07 3.000000000000000000e+07
1.083470594338839244e-01 9.617219999999997437e-01 1.171321117371321163e-02 3.000000000000000000e+07 0.000000000000000000e+00 3.000000000000000000e+07 3.000000000000000000e+07
1.191817653772723196e-01 9.648400000000001420e-01 1.115879921855393586e-02 3.000000000000000000e+07 0.000000000000000000e+00 3.000000000000000000e+07 3.000000000000000000e+07
1.310999419149995737e-01 9.692889999999995121e-01 1.077004080772213206e-02 3.000000000000000000e+07 0.000000000000000000e+00 3.000000000000000000e+07 3.000000000000000000e+07
1.442099361064995422e-01 9.742599999999995708e-01 9.511319571962660244e-03 2.880305728999999911e+07 5.863797919191833586e+06 6.777500000000000000e+04 3.000000000000000000e+07
1.586309297171495103e-01 9.783139999999996839e-01 7.449214992198843061e-03 2.910222616000000015e+07 5.104958174320493825e+06 7.066000000000000000e+04 3.000000000000000000e+07
1.744940226888644641e-01 9.826560000000006401e-01 5.771244579811186937e-03 2.730630721000000089e+07 8.565397218677451834e+06 6.394700000000000000e+04 3.000000000000000000e+07
1.919434249577509355e-01 9.848819999999999242e-01 4.345949378444255093e-03 2.670767139000000060e+07 9.364871818736696616e+06 6.651400000000000000e+04 3.000000000000000000e+07
2.111377674535260540e-01 9.869989999999997377e-01 3.453360537215883260e-03 2.072158055999999866e+07 1.384260111903541535e+07 6.212000000000000000e+04 3.000000000000000000e+07
2.322515441988786677e-01 9.881779999999994457e-01 2.346894969954977424e-03 1.682932998000000045e+07 1.485851986530425027e+07 6.118600000000000000e+04 3.000000000000000000e+07
2.554766986187665401e-01 9.892489999999992678e-01 1.794129036608008067e-03 1.024271772000000067e+07 1.418060311025665328e+07 5.732900000000000000e+04 3.000000000000000000e+07
2.810243684806432163e-01 9.892669999999991193e-01 1.497735290363415642e-03 9.941905900000000373e+06 1.407697179462603666e+07 5.523700000000000000e+04 3.000000000000000000e+07
3.091268053287075657e-01 9.895209999999984296e-01 1.136951626059790142e-03 7.247097000000000000e+06 1.278602796233185567e+07 5.569000000000000000e+04 3.000000000000000000e+07
3.400394858615783389e-01 9.893819999999992065e-01 1.078274547599072149e-03 9.940334830000000075e+06 1.407807432933479920e+07 5.413000000000000000e+04 3.000000000000000000e+07
3.740434344477361894e-01 9.887489999999995449e-01 1.515882251363862097e-03 1.742467085000000149e+07 1.477776360943264328e+07 5.456800000000000000e+04 3.000000000000000000e+07
4.114477778925098583e-01 9.881290000000001461e-01 1.604013403934015413e-03 2.461038182999999821e+07 1.150346495661327429e+07 5.336200000000000000e+04 3.000000000000000000e+07
4.525925556817608775e-01 9.863129999999997732e-01 1.798424588355042493e-03 2.940112183999999985e+07 4.192147165262572002e+06 5.173600000000000000e+04 3.000000000000000000e+07
4.978518112499369930e-01 9.839839999999999698e-01 1.722888272639868041e-03 3.000000000000000000e+07 0.000000000000000000e+00 3.000000000000000000e+07 3.000000000000000000e+07
5.476369923749306867e-01 9.809949999999999504e-01 2.386351818152553615e-03 3.000000000000000000e+07 0.000000000000000000e+00 3.000000000000000000e+07 3.000000000000000000e+07
6.024006916124238220e-01 9.781839999999998314e-01 2.189187977310312096e-03 3.000000000000000000e+07 0.000000000000000000e+00 3.000000000000000000e+07 3.000000000000000000e+07
6.626407607736662930e-01 9.755010000000001735e-01 2.524816627004817030e-03 3.000000000000000000e+07 0.000000000000000000e+00 3.000000000000000000e+07 3.000000000000000000e+07
7.289048368510330222e-01 9.729000000000000981e-01 2.369641323069797932e-03 3.000000000000000000e+07 0.000000000000000000e+00 3.000000000000000000e+07 3.000000000000000000e+07
8.017953205361363356e-01 9.702300000000002589e-01 2.153578417425286353e-03 3.000000000000000000e+07 0.000000000000000000e+00 3.000000000000000000e+07 3.000000000000000000e+07
8.819748525897500580e-01 9.685970000000000413e-01 2.712690730621538770e-03 3.000000000000000000e+07 0.000000000000000000e+00 3.000000000000000000e+07 3.000000000000000000e+07
9.701723378487251415e-01 9.677749999999997188e-01 2.275626287420673844e-03 3.000000000000000000e+07 0.000000000000000000e+00 3.000000000000000000e+07 3.000000000000000000e+07
9.801723378487251503e-01 9.671269999999997369e-01 2.383646576151762266e-03 3.000000000000000000e+07 0.000000000000000000e+00 3.000000000000000000e+07 3.000000000000000000e+07
9.901723378487251592e-01 9.674849999999999284e-01 2.465172407763803041e-03 3.000000000000000000e+07 0.000000000000000000e+00 3.000000000000000000e+07 3.000000000000000000e+07
1.000172337848725057e+00 9.677499999999996660e-01 2.779046599105533272e-03 3.000000000000000000e+07 0.000000000000000000e+00 3.000000000000000000e+07 3.000000000000000000e+07
