1.000000000000000021e-02 9.899999999999985478e-01 1.443289932012703503e-15 6.069575000000000000e+04 3.868316334983477191e+03 5.272300000000000000e+04 7.035900000000000000e+04
1.100000000000000110e-02 9.899999999999985478e-01 1.443289932012703503e-15 6.075666000000000349e+04 4.083469914717139090e+03 5.167600000000000000e+04 7.276300000000000000e+04
1.210000000000000138e-02 9.899999999999985478e-01 1.443289932012703503e-15 5.848622000000000116e+04 3.496495936162375074e+03 4.954200000000000000e+04 6.756200000000000000e+04
1.331000000000000238e-02 9.899999999999985478e-01 1.443289932012703503e-15 5.842269999999999709e+04 3.616042783209292338e+03 4.952200000000000000e+04 6.835600000000000000e+04
1.464100000000000297e-02 9.899999999999985478e-01 1.443289932012703503e-15 5.695376000000000204e+04 3.585092456604152176e+03 4.755700000000000000e+04 6.675000000000000000e+04
1.610510000000000413e-02 9.899999999999985478e-01 1.443289932012703503e-15 5.624177999999999884e+04 3.661705112594405819e+03 4.583800000000000000e+04 6.801500000000000000e+04
1.771561000000000663e-02 9.899999999999985478e-01 1.443289932012703503e-15 5.533465000000000146e+04 3.604611927447946073e+03 4.694200000000000000e+04 6.406800000000000000e+04
1.948717100000000799e-02 9.899999999999985478e-01 1.443289932012703503e-15 5.496758000000000175e+04 3.710883698473989625e+03 4.831700000000000000e+04 6.463200000000000000e+04
2.143588810000001191e-02 9.899999999999985478e-01 1.443289932012703503e-15 5.346468000000000029e+04 3.627680126141223354e+03 4.679700000000000000e+04 6.551500000000000000e+04
2.357947691000001483e-02 9.899999999999985478e-01 1.443289932012703503e-15 5.321300000000000000e+04 2.972863474833649434e+03 4.634900000000000000e+04 6.112100000000000000e+04
2.593742460100001770e-02 9.899999999999985478e-01 1.443289932012703503e-15 5.250087999999999738e+04 3.299886468592518213e+03 4.526200000000000000e+04 6.482200000000000000e+04
2.853116706110002052e-02 9.899999999999985478e-01 1.443289932012703503e-15 5.170654000000000087e+04 3.299583829576087282e+03 4.424600000000000000e+04 6.048300000000000000e+04
3.138428376721002361e-02 9.899999999999985478e-01 1.443289932012703503e-15 5.033225000000000000e+04 3.349436386543264234e+03 4.484000000000000000e+04 6.048300000000000000e+04
3.452271214393103083e-02 9.899999999999985478e-01 1.443289932012703503e-15 4.968922000000000116e+04 2.633256013303681812e+03 4.350200000000000000e+04 5.720100000000000000e+04
3.797498335832413807e-02 9.899999999999985478e-01 1.443289932012703503e-15 4.870837000000000262e+04 3.268744081921985071e+03 4.252200000000000000e+04 5.914000000000000000e+04
4.177248169415655188e-02 9.899999999999985478e-01 1.443289932012703503e-15 4.838176000000000204e+04 3.121470391081741582e+03 4.196200000000000000e+04 5.748800000000000000e+04
4.594972986357220845e-02 9.899999999999985478e-01 1.443289932012703503e-15 4.762400000000000000e+04 2.960728893363929728e+03 4.188400000000000000e+04 5.425700000000000000e+04
5.054470284992943624e-02 9.899999999999985478e-01 1.443289932012703503e-15 4.667604000000000087e+04 2.923704464955375443e+03 4.020500000000000000e+04 5.730700000000000000e+04
5.559917313492238750e-02 9.899999999999985478e-01 1.443289932012703503e-15 4.576751999999999680e+04 3.074206097450201923e+03 4.091200000000000000e+04 6.028000000000000000e+04
6.115909044841463110e-02 9.899999999999985478e-01 1.443289932012703503e-15 4.508911000000000058e+04 2.367487292025027728e+03 3.970900000000000000e+04 5.217600000000000000e+04
6.727499949325610462e-02 9.899999999999985478e-01 1.443289932012703503e-15 4.463481999999999971e+04 2.547845585509451666e+03 3.888900000000000000e+04 5.412000000000000000e+04
7.400249944258172063e-02 9.899999999999985478e-01 1.443289932012703503e-15 4.387388999999999942e+04 2.545016427825172741e+03 3.785800000000000000e+04 5.266700000000000000e+04
8.140274938683990380e-02 9.899999999999985478e-01 1.443289932012703503e-15 4.297883000000000175e+04 2.574475138955511284e+03 3.874400000000000000e+04 5.144900000000000000e+04
8.954302432552389834e-02 9.899999999999985478e-01 1.443289932012703503e-15 4.187622000000000116e+04 2.458753072514603446e+03 3.575100000000000000e+04 5.016300000000000000e+04
9.849732675807629234e-02 9.899999999999985478e-01 1.443289932012703503e-15 4.154312999999999738e+04 2.258577674798898897e+03 3.741100000000000000e+04 4.784000000000000000e+04
1.083470594338839244e-01 9.899999999999985478e-01 1.443289932012703503e-15 4.088601000000000204e+04 2.328580200444038837e+03 3.604700000000000000e+04 4.992400000000000000e+04
1.191817653772723196e-01 9.899999999999985478e-01 1.443289932012703503e-15 4.075281999999999971e+04 2.392873345499088373e+03 3.583300000000000000e+04 4.705800000000000000e+04
1.310999419149995737e-01 9.899999999999985478e-01 1.443289932012703503e-15 3.958011000000000058e+04 2.779584734794030283e+03 3.532100000000000000e+04 5.310000000000000000e+04
1.442099361064995422e-01 9.899999999999985478e-01 1.443289932012703503e-15 3.957573999999999796e+04 2.346462416575215684e+03 3.528400000000000000e+04 4.572200000000000000e+04
1.586309297171495103e-01 9.899999999999985478e-01 1.443289932012703503e-15 3.872005000000000291e+04 2.375349794767078038e+03 3.403000000000000000e+04 4.641500000000000000e+04
1.744940226888644641e-01 9.899999999999985478e-01 1.443289932012703503e-15 3.817019999999999709e+04 2.195036345940540286e+03 3.465800000000000000e+04 4.490800000000000000e+04
1.919434249577509355e-01 9.899999999999985478e-01 1.443289932012703503e-15 3.725813999999999942e+04 1.685999151957081722e+03 3.402400000000000000e+04 4.180600000000000000e+04
2.111377674535260540e-01 9.899999999999985478e-01 1.443289932012703503e-15 3.657227999999999884e+04 2.264052574831247512e+03 3.223800000000000000e+04 4.504800000000000000e+04
2.322515441988786677e-01 9.899999999999985478e-01 1.443289932012703503e-15 3.637279000000000087e+04 2.152701699237495632e+03 3.301600000000000000e+04 4.455000000000000000e+04
2.554766986187665401e-01 9.899999999999985478e-01 1.443289932012703503e-15 3.558680999999999767e+04 2.004808438205505581e+03 3.168300000000000000e+04 4.124000000000000000e+04
2.810243684806432163e-01 9.899999999999985478e-01 1.443289932012703503e-15 3.531630999999999767e+04 2.109980112204852048e+03 3.189300000000000000e+04 4.288800000000000000e+04
3.091268053287075657e-01 9.899999999999985478e-01 1.443289932012703503e-15 3.474798000000000320e+04 1.812575736238351283e+03 3.091600000000000000e+04 3.939700000000000000e+04
3.400394858615783389e-01 9.899999999999985478e-01 1.443289932012703503e-15 3.465222000000000116e+04 2.564410495922990776e+03 3.116200000000000000e+04 4.605600000000000000e+04
3.740434344477361894e-01 9.899999999999985478e-01 1.443289932012703503e-15 3.377887999999999738e+04 1.788841693834309126e+03 3.032100000000000000e+04 3.896900000000000000e+04
4.114477778925098583e-01 9.899999999999985478e-01 1.443289932012703503e-15 3.322551000000000204e+04 1.912263823299494788e+03 2.904000000000000000e+04 3.861400000000000000e+04
4.525925556817608775e-01 9.899999999999985478e-01 1.443289932012703503e-15 3.332594000000000233e+04 2.051791513872693486e+03 3.011700000000000000e+04 4.033000000000000000e+04
4.978518112499369930e-01 9.899999999999985478e-01 1.443289932012703503e-15 3.307705999999999767e+04 2.424250807239217920e+03 2.989300000000000000e+04 4.678500000000000000e+04
5.476369923749306867e-01 9.899999999999985478e-01 1.443289932012703503e-15 3.255654000000000087e+04 1.923874098895246789e+03 2.862300000000000000e+04 3.947300000000000000e+04
6.024006916124238220e-01 9.899999999999985478e-01 1.443289932012703503e-15 3.234729000000000087e+04 1.647155125026177075e+03 2.937800000000000000e+04 3.757900000000000000e+04
6.626407607736662930e-01 9.899999999999985478e-01 1.443289932012703503e-15 3.237270999999999913e+04 1.953149161200956769e+03 2.903600000000000000e+04 3.772100000000000000e+04
7.289048368510330222e-01 9.899999999999985478e-01 1.443289932012703503e-15 3.236365000000000146e+04 2.338523809478962903e+03 2.923300000000000000e+04 4.853200000000000000e+04
8.017953205361363356e-01 9.899999999999985478e-01 1.443289932012703503e-15 3.241675999999999840e+04 2.158417189145787688e+03 2.879800000000000000e+04 4.017100000000000000e+04
8.819748525897500580e-01 9.899999999999985478e-01 1.443289932012703503e-15 3.233913000000000102e+04 2.291617462208734196e+03 2.829100000000000000e+04 4.169400000000000000e+04
9.701723378487251415e-01 9.899999999999985478e-01 1.443289932012703503e-15 3.215684000000000015e+04 1.884792963272093175e+03 2.931700000000000000e+04 3.963300000000000000e+04
9.801723378487251503e-01 9.899999999999985478e-01 1.443289932012703503e-15 3.209906999999999971e+04 1.853486267847701129e+03 2.786000000000000000e+04 3.714100000000000000e+04
9.901723378487251592e-01 9.899999999999985478e-01 1.443289932012703503e-15 3.235761000000000058e+04 2.196434214334679837e+03 2.818600000000000000e+04 3.991100000000000000e+04
1.000172337848725057e+00 9.899999999999985478e-01 1.443289932012703503e-15 3.208690000000000146e+04 1.746878189800307609e+03 2.814900000000000000e+04 3.664400000000000000e+04
