1.000000000000000021e-02 9.899999999999985478e-01 1.443289932012703503e-15 4.130766000000000349e+04 2.593061747124429985e+03 3.566100000000000000e+04 5.150500000000000000e+04
1.100000000000000110e-02 9.899999999999985478e-01 1.443289932012703503e-15 4.050266000000000349e+04 3.263920851430070798e+03 3.155700000000000000e+04 4.642700000000000000e+04
1.210000000000000138e-02 9.899999999999985478e-01 1.443289932012703503e-15 3.991101000000000204e+04 2.996565896138443804e+03 3.292300000000000000e+04 4.831700000000000000e+04
1.331000000000000238e-02 9.899999999999985478e-01 1.443289932012703503e-15 3.885515000000000146e+04 2.476784634864322925e+03 3.361200000000000000e+04 4.487800000000000000e+04
1.464100000000000297e-02 9.899999999999985478e-01 1.443289932012703503e-15 3.837227999999999884e+04 2.650584641470632050e+03 3.433200000000000000e+04 4.857900000000000000e+04
1.610510000000000413e-02 9.899999999999985478e-01 1.443289932012703503e-15 3.731486000000000058e+04 2.674657907172429077e+03 3.238200000000000000e+04 4.426400000000000000e+04
1.771561000000000663e-02 9.899999999999985478e-01 1.443289932012703503e-15 3.611790000000000146e+04 2.364616990127577083e+03 3.113000000000000000e+04 4.397900000000000000e+04
1.948717100000000799e-02 9.899999999999985478e-01 1.443289932012703503e-15 3.575229000000000087e+04 2.594403277422382416e+03 2.950300000000000000e+04 4.231200000000000000e+04
2.143588810000001191e-02 9.899999999999985478e-01 1.443289932012703503e-15 3.498220999999999913e+04 2.352410454385033972e+03 2.987200000000000000e+04 4.197800000000000000e+04
2.357947691000001483e-02 9.899999999999985478e-01 1.443289932012703503e-15 3.367768000000000029e+04 2.117433790605977720e+03 2.914100000000000000e+04 3.944800000000000000e+04
2.593742460100001770e-02 9.899999999999985478e-01 1.443289932012703503e-15 3.311987000000000262e+04 2.399250143919970469e+03 2.651800000000000000e+04 4.129900000000000000e+04
2.853116706110002052e-02 9.899999999999985478e-01 1.443289932012703503e-15 3.281376000000000204e+04 2.376076325036719936e+03 2.749000000000000000e+04 3.887100000000000000e+04
3.138428376721002361e-02 9.899999999999985478e-01 1.443289932012703503e-15 3.197311000000000058e+04 2.135882917647874820e+03 2.815400000000000000e+04 3.875800000000000000e+04
3.452271214393103083e-02 9.899999999999985478e-01 1.443289932012703503e-15 3.128695000000000073e+04 2.008015196033137499e+03 2.689400000000000000e+04 3.657800000000000000e+04
3.797498335832413807e-02 9.899999999999985478e-01 1.443289932012703503e-15 3.028424000000000160e+04 1.718264898785981586e+03 2.636500000000000000e+04 3.549100000000000000e+04
4.177248169415655188e-02 9.899999999999985478e-01 1.443289932012703503e-15 2.932549000000000160e+04 1.750452595730601843e+03 2.603100000000000000e+04 3.343100000000000000e+04
4.594972986357220845e-02 9.899999999999985478e-01 1.443289932012703503e-15 2.885154999999999927e+04 1.789550381380753151e+03 2.517600000000000000e+04 3.279000000000000000e+04
5.054470284992943624e-02 9.899999999999985478e-01 1.443289932012703503e-15 2.833522000000000116e+04 1.610996415762617971e+03 2.496100000000000000e+04 3.205900000000000000e+04
5.559917313492238750e-02 9.899999999999985478e-01 1.443289932012703503e-15 2.753366999999999825e+04 1.766862049255685633e+03 2.403900000000000000e+04 3.200100000000000000e+04
6.115909044841463110e-02 9.899999999999985478e-01 1.443289932012703503e-15 2.724379999999999927e+04 1.605165206450725009e+03 2.370900000000000000e+04 3.162500000000000000e+04
6.727499949325610462e-02 9.899999999999985478e-01 1.443289932012703503e-15 2.626043000000000029e+04 1.313155186982863597e+03 2.312400000000000000e+04 3.080100000000000000e+04
7.400249944258172063e-02 9.899999999999985478e-01 1.443289932012703503e-15 2.603606999999999971e+04 1.615206112265552520e+03 2.305500000000000000e+04 3.112200000000000000e+04
8.140274938683990380e-02 9.899999999999985478e-01 1.443289932012703503e-15 2.522204999999999927e+04 1.362616595928583138e+03 2.221700000000000000e+04 2.963100000000000000e+04
8.954302432552389834e-02 9.899999999999985478e-01 1.443289932012703503e-15 2.452524000000000160e+04 1.167632126313763592e+03 2.167900000000000000e+04 2.751300000000000000e+04
9.849732675807629234e-02 9.899999999999985478e-01 1.443289932012703503e-15 2.413861000000000058e+04 1.322707215486480891e+03 2.127100000000000000e+04 2.728700000000000000e+04
1.083470594338839244e-01 9.899999999999985478e-01 1.443289932012703503e-15 2.368231000000000131e+04 1.246219946036814008e+03 2.099200000000000000e+04 2.753300000000000000e+04
1.191817653772723196e-01 9.899999999999985478e-01 1.443289932012703503e-15 2.330309999999999854e+04 1.243384586521805204e+03 2.010200000000000000e+04 2.646100000000000000e+04
1.310999419149995737e-01 9.899999999999985478e-01 1.443289932012703503e-15 2.269013999999999942e+04 1.176785129239828620e+03 2.034400000000000000e+04 2.581900000000000000e+04
1.442099361064995422e-01 9.899999999999985478e-01 1.443289932012703503e-15 2.234945999999999913e+04 1.321497063333853930e+03 1.966600000000000000e+04 2.657100000000000000e+04
1.586309297171495103e-01 9.899999999999985478e-01 1.443289932012703503e-15 2.175363999999999942e+04 1.119833179719193595e+03 1.924200000000000000e+04 2.505600000000000000e+04
1.744940226888644641e-01 9.899999999999985478e-01 1.443289932012703503e-15 2.131336999999999898e+04 1.205264225429428279e+03 1.901500000000000000e+04 2.485800000000000000e+04
1.919434249577509355e-01 9.899999999999985478e-01 1.443289932012703503e-15 2.089802999999999884e+04 1.081414281901251798e+03 1.835800000000000000e+04 2.401000000000000000e+04
2.111377674535260540e-01 9.899999999999985478e-01 1.443289932012703503e-15 2.040727999999999884e+04 1.000342492149563782e+03 1.868700000000000000e+04 2.371500000000000000e+04
2.322515441988786677e-01 9.899999999999985478e-01 1.443289932012703503e-15 1.991327000000000044e+04 9.432214570820576682e+02 1.767500000000000000e+04 2.318000000000000000e+04
2.554766986187665401e-01 9.899999999999985478e-01 1.443289932012703503e-15 1.954384999999999854e+04 8.916837149460565115e+02 1.789100000000000000e+04 2.178900000000000000e+04
2.810243684806432163e-01 9.899999999999985478e-01 1.443289932012703503e-15 1.928195000000000073e+04 8.848639485819277297e+02 1.760000000000000000e+04 2.180100000000000000e+04
3.091268053287075657e-01 9.899999999999985478e-01 1.443289932012703503e-15 1.897993000000000029e+04 8.950758543833031808e+02 1.704400000000000000e+04 2.287800000000000000e+04
3.400394858615783389e-01 9.899999999999985478e-01 1.443289932012703503e-15 1.865686999999999898e+04 8.168643296778233207e+02 1.706800000000000000e+04 2.107500000000000000e+04
3.740434344477361894e-01 9.899999999999985478e-01 1.443289932012703503e-15 1.835902000000000044e+04 8.209558938213427837e+02 1.667100000000000000e+04 2.040400000000000000e+04
4.114477778925098583e-01 9.899999999999985478e-01 1.443289932012703503e-15 1.804140000000000146e+04 7.746274846660165849e+02 1.633300000000000000e+04 2.044800000000000000e+04
4.525925556817608775e-01 9.899999999999985478e-01 1.443289932012703503e-15 1.799411999999999898e+04 8.832763132791460521e+02 1.582200000000000000e+04 2.054000000000000000e+04
4.978518112499369930e-01 9.899999999999985478e-01 1.443289932012703503e-15 1.778554999999999927e+04 7.918821550584403894e+02 1.642400000000000000e+04 2.015600000000000000e+04
5.476369923749306867e-01 9.899999999999985478e-01 1.443289932012703503e-15 1.739363000000000102e+04 6.977504088855843065e+02 1.569300000000000000e+04 1.906300000000000000e+04
6.024006916124238220e-01 9.899999999999985478e-01 1.443289932012703503e-15 1.731381000000000131e+04 6.408150855746141588e+02 1.593800000000000000e+04 1.877000000000000000e+04
6.626407607736662930e-01 9.899999999999985478e-01 1.443289932012703503e-15 1.737281000000000131e+04 7.343076425450030911e+02 1.533800000000000000e+04 1.950400000000000000e+04
7.289048368510330222e-01 9.899999999999985478e-01 1.443289932012703503e-15 1.717654999999999927e+04 6.888656382053034122e+02 1.575500000000000000e+04 1.897500000000000000e+04
8.017953205361363356e-01 9.899999999999985478e-01 1.443289932012703503e-15 1.715615000000000146e+04 6.378569804431084549e+02 1.571500000000000000e+04 1.877200000000000000e+04
8.819748525897500580e-01 9.899999999999985478e-01 1.443289932012703503e-15 1.706595000000000073e+04 7.801815349647799849e+02 1.533200000000000000e+04 1.967200000000000000e+04
9.701723378487251415e-01 9.899999999999985478e-01 1.443289932012703503e-15 1.720397000000000116e+04 7.945909067564265342e+02 1.552600000000000000e+04 1.913600000000000000e+04
9.801723378487251503e-01 9.899999999999985478e-01 1.443289932012703503e-15 1.704238999999999942e+04 6.961924862421311673e+02 1.569100000000000000e+04 1.926800000000000000e+04
9.901723378487251592e-01 9.899999999999985478e-01 1.443289932012703503e-15 1.718795000000000073e+04 8.015174031173621643e+02 1.543300000000000000e+04 2.030000000000000000e+04
1.000172337848725057e+00 9.899999999999985478e-01 1.443289932012703503e-15 1.712263000000000102e+04 6.305261557619951418e+02 1.517400000000000000e+04 1.931500000000000000e+04
