1.000000000000000021e-02 9.899999999999985478e-01 1.443289932012703503e-15 5.347648000000000320e+04 3.383560812162240381e+03 4.517700000000000000e+04 6.196000000000000000e+04
1.100000000000000110e-02 9.899999999999985478e-01 1.443289932012703503e-15 5.232998999999999796e+04 3.397010381188141764e+03 4.552400000000000000e+04 6.220500000000000000e+04
1.210000000000000138e-02 9.899999999999985478e-01 1.443289932012703503e-15 5.166445999999999913e+04 3.926830030495335450e+03 4.197400000000000000e+04 6.252200000000000000e+04
1.331000000000000238e-02 9.899999999999985478e-01 1.443289932012703503e-15 5.014937000000000262e+04 3.523453236967960947e+03 4.390000000000000000e+04 6.092900000000000000e+04
1.464100000000000297e-02 9.899999999999985478e-01 1.443289932012703503e-15 5.041081999999999971e+04 3.759293426642831491e+03 4.220200000000000000e+04 5.914700000000000000e+04
1.610510000000000413e-02 9.899999999999985478e-01 1.443289932012703503e-15 4.862605999999999767e+04 3.527818126888063944e+03 4.189400000000000000e+04 5.994700000000000000e+04
1.771561000000000663e-02 9.899999999999985478e-01 1.443289932012703503e-15 4.839763999999999942e+04 3.560178904268716451e+03 4.105600000000000000e+04 5.608600000000000000e+04
1.948717100000000799e-02 9.899999999999985478e-01 1.443289932012703503e-15 4.667633999999999651e+04 3.079538310266654662e+03 3.913800000000000000e+04 5.303200000000000000e+04
2.143588810000001191e-02 9.899999999999985478e-01 1.443289932012703503e-15 4.665515000000000146e+04 3.147988848058391795e+03 3.881400000000000000e+04 5.547000000000000000e+04
2.357947691000001483e-02 9.899999999999985478e-01 1.443289932012703503e-15 4.571491999999999825e+04 3.087806790199153056e+03 3.745400000000000000e+04 5.355300000000000000e+04
2.593742460100001770e-02 9.899999999999985478e-01 1.443289932012703503e-15 4.457962000000000262e+04 3.192350644211879171e+03 3.880200000000000000e+04 5.345500000000000000e+04
2.853116706110002052e-02 9.899999999999985478e-01 1.443289932012703503e-15 4.359372000000000116e+04 3.652087666198608531e+03 3.566800000000000000e+04 5.338200000000000000e+04
3.138428376721002361e-02 9.899999999999985478e-01 1.443289932012703503e-15 4.353034999999999854e+04 3.071997195229839235e+03 3.680800000000000000e+04 5.293800000000000000e+04
3.452271214393103083e-02 9.899999999999985478e-01 1.443289932012703503e-15 4.216552999999999884e+04 2.951411365618151194e+03 3.721800000000000000e+04 5.068500000000000000e+04
3.797498335832413807e-02 9.899999999999985478e-01 1.443289932012703503e-15 4.164706999999999971e+04 2.781471690508461506e+03 3.631200000000000000e+04 4.908800000000000000e+04
4.177248169415655188e-02 9.899999999999985478e-01 1.443289932012703503e-15 4.070691999999999825e+04 3.079262287236992961e+03 3.526900000000000000e+04 5.024900000000000000e+04
4.594972986357220845e-02 9.899999999999985478e-01 1.443289932012703503e-15 4.038377999999999884e+04 2.808819480066314554e+03 3.449000000000000000e+04 4.915700000000000000e+04
5.054470284992943624e-02 9.899999999999985478e-01 1.443289932012703503e-15 3.950315000000000146e+04 2.982778947139730917e+03 3.368400000000000000e+04 4.795300000000000000e+04
5.559917313492238750e-02 9.899999999999985478e-01 1.443289932012703503e-15 3.856836000000000058e+04 2.847152344079957857e+03 3.305300000000000000e+04 4.799400000000000000e+04
6.115909044841463110e-02 9.899999999999985478e-01 1.443289932012703503e-15 3.775869999999999709e+04 2.578592633589106299e+03 3.265900000000000000e+04 4.592300000000000000e+04
6.727499949325610462e-02 9.899999999999985478e-01 1.443289932012703503e-15 3.726697000000000116e+04 2.647906374685479477e+03 3.208700000000000000e+04 4.553400000000000000e+04
7.400249944258172063e-02 9.899999999999985478e-01 1.443289932012703503e-15 3.678522000000000116e+04 2.770291553537280379e+03 3.102300000000000000e+04 4.634100000000000000e+04
8.140274938683990380e-02 9.899999999999985478e-01 1.443289932012703503e-15 3.575393000000000029e+04 2.461204766999284402e+03 3.064700000000000000e+04 4.269600000000000000e+04
8.954302432552389834e-02 9.899999999999985478e-01 1.443289932012703503e-15 3.545123000000000320e+04 2.632390806301374596e+03 3.068200000000000000e+04 4.236600000000000000e+04
9.849732675807629234e-02 9.899999999999985478e-01 1.443289932012703503e-15 3.418090000000000146e+04 2.035590074155402817e+03 3.009100000000000000e+04 4.146300000000000000e+04
1.083470594338839244e-01 9.899999999999985478e-01 1.443289932012703503e-15 3.444325000000000000e+04 2.694342863761032277e+03 3.019000000000000000e+04 4.389400000000000000e+04
1.191817653772723196e-01 9.899999999999985478e-01 1.443289932012703503e-15 3.324191999999999825e+04 2.007945396070321749e+03 2.908100000000000000e+04 3.997900000000000000e+04
1.310999419149995737e-01 9.899999999999985478e-01 1.443289932012703503e-15 3.278744999999999709e+04 2.264891641447775328e+03 2.857200000000000000e+04 3.953500000000000000e+04
1.442099361064995422e-01 9.899999999999985478e-01 1.443289932012703503e-15 3.213872000000000116e+04 1.906749826694629746e+03 2.781900000000000000e+04 3.771200000000000000e+04
1.586309297171495103e-01 9.899999999999985478e-01 1.443289932012703503e-15 3.160129000000000087e+04 2.240294763172917555e+03 2.781700000000000000e+04 3.800300000000000000e+04
1.744940226888644641e-01 9.899999999999985478e-01 1.443289932012703503e-15 3.150224000000000160e+04 2.663706925020092513e+03 2.691500000000000000e+04 4.150200000000000000e+04
1.919434249577509355e-01 9.899999999999985478e-01 1.443289932012703503e-15 3.086736000000000058e+04 1.946252041848639919e+03 2.697500000000000000e+04 3.707600000000000000e+04
2.111377674535260540e-01 9.899999999999985478e-01 1.443289932012703503e-15 3.020272000000000116e+04 2.361626672782977039e+03 2.686400000000000000e+04 4.069400000000000000e+04
2.322515441988786677e-01 9.899999999999985478e-01 1.443289932012703503e-15 2.996506999999999971e+04 1.999087843267523795e+03 2.624700000000000000e+04 3.658300000000000000e+04
2.554766986187665401e-01 9.899999999999985478e-01 1.443289932012703503e-15 2.953700000000000000e+04 2.403113026888248442e+03 2.559200000000000000e+04 3.734700000000000000e+04
2.810243684806432163e-01 9.899999999999985478e-01 1.443289932012703503e-15 2.888656000000000131e+04 2.019343320587165408e+03 2.480000000000000000e+04 3.432600000000000000e+04
3.091268053287075657e-01 9.899999999999985478e-01 1.443289932012703503e-15 2.844843000000000029e+04 2.129885289188128809e+03 2.487600000000000000e+04 3.630400000000000000e+04
3.400394858615783389e-01 9.899999999999985478e-01 1.443289932012703503e-15 2.815320000000000073e+04 2.134427862449325858e+03 2.469500000000000000e+04 3.595700000000000000e+04
3.740434344477361894e-01 9.899999999999985478e-01 1.443289932012703503e-15 2.791629000000000087e+04 2.127629278304846139e+03 2.456100000000000000e+04 3.400400000000000000e+04
4.114477778925098583e-01 9.899999999999985478e-01 1.443289932012703503e-15 2.765411999999999898e+04 2.172247174149387774e+03 2.403400000000000000e+04 3.483000000000000000e+04
4.525925556817608775e-01 9.899999999999985478e-01 1.443289932012703503e-15 2.715684000000000015e+04 1.693234571581858745e+03 2.414500000000000000e+04 3.538600000000000000e+04
4.978518112499369930e-01 9.899999999999985478e-01 1.443289932012703503e-15 2.690327000000000044e+04 2.148636092292038484e+03 2.383600000000000000e+04 3.490400000000000000e+04
5.476369923749306867e-01 9.899999999999985478e-01 1.443289932012703503e-15 2.650515999999999985e+04 1.847929163793893849e+03 2.349400000000000000e+04 3.273200000000000000e+04
6.024006916124238220e-01 9.899999999999985478e-01 1.443289932012703503e-15 2.667327000000000044e+04 1.843061685647010563e+03 2.340900000000000000e+04 3.212600000000000000e+04
6.626407607736662930e-01 9.899999999999985478e-01 1.443289932012703503e-15 2.666734000000000015e+04 2.146639859035511108e+03 2.335800000000000000e+04 3.682600000000000000e+04
7.289048368510330222e-01 9.899999999999985478e-01 1.443289932012703503e-15 2.633191999999999825e+04 1.778929682027932358e+03 2.279600000000000000e+04 3.211500000000000000e+04
8.017953205361363356e-01 9.899999999999985478e-01 1.443289932012703503e-15 2.628563000000000102e+04 2.082577478294625053e+03 2.259900000000000000e+04 3.556800000000000000e+04
8.819748525897500580e-01 9.899999999999985478e-01 1.443289932012703503e-15 2.614129000000000087e+04 1.838541564909534372e+03 2.256400000000000000e+04 3.193900000000000000e+04
9.701723378487251415e-01 9.899999999999985478e-01 1.443289932012703503e-15 2.592665000000000146e+04 1.884205999220891727e+03 2.265500000000000000e+04 3.419800000000000000e+04
9.801723378487251503e-01 9.899999999999985478e-01 1.443289932012703503e-15 2.633766999999999825e+04 1.887020169765018863e+03 2.268000000000000000e+04 3.260500000000000000e+04
9.901723378487251592e-01 9.899999999999985478e-01 1.443289932012703503e-15 2.613954000000000087e+04 2.000373672192273489e+03 2.280800000000000000e+04 3.372000000000000000e+04
1.000172337848725057e+00 9.899999999999985478e-01 1.443289932012703503e-15 2.598847000000000116e+04 1.618895027202196388e+03 2.360100000000000000e+04 3.326000000000000000e+04
