1.000000000000000021e-02 9.899999999999985478e-01 1.443289932012703503e-15 5.071498999999999796e+04 4.462076522192330231e+03 4.074700000000000000e+04 7.258000000000000000e+04
1.100000000000000110e-02 9.899999999999985478e-01 1.443289932012703503e-15 5.085463999999999942e+04 4.053143415967414057e+03 4.116100000000000000e+04 6.325700000000000000e+04
1.210000000000000138e-02 9.899999999999985478e-01 1.443289932012703503e-15 5.002843000000000029e+04 4.144332993993122727e+03 4.084500000000000000e+04 6.078900000000000000e+04
1.331000000000000238e-02 9.899999999999985478e-01 1.443289932012703503e-15 4.884423000000000320e+04 3.433389138606341930e+03 4.163600000000000000e+04 5.889000000000000000e+04
1.464100000000000297e-02 9.899999999999985478e-01 1.443289932012703503e-15 4.828704000000000087e+04 3.792450532096628649e+03 3.874400000000000000e+04 5.748900000000000000e+04
1.610510000000000413e-02 9.899999999999985478e-01 1.443289932012703503e-15 4.686179000000000087e+04 3.183908862687499095e+03 3.898600000000000000e+04 5.660900000000000000e+04
1.771561000000000663e-02 9.899999999999985478e-01 1.443289932012703503e-15 4.569859999999999854e+04 3.457011203337357074e+03 4.027700000000000000e+04 5.807100000000000000e+04
1.948717100000000799e-02 9.899999999999985478e-01 1.443289932012703503e-15 4.517268000000000029e+04 3.379975777664686120e+03 3.820600000000000000e+04 5.711900000000000000e+04
2.143588810000001191e-02 9.899999999999985478e-01 1.443289932012703503e-15 4.440581999999999971e+04 3.638172333411378531e+03 3.787400000000000000e+04 5.533300000000000000e+04
2.357947691000001483e-02 9.899999999999985478e-01 1.443289932012703503e-15 4.380341000000000349e+04 3.347961278434982887e+03 3.671000000000000000e+04 5.291600000000000000e+04
2.593742460100001770e-02 9.899999999999985478e-01 1.443289932012703503e-15 4.218227999999999884e+04 3.373658782627550409e+03 3.516500000000000000e+04 5.248100000000000000e+04
2.853116706110002052e-02 9.899999999999985478e-01 1.443289932012703503e-15 4.178608999999999651e+04 3.402679091818681627e+03 3.488900000000000000e+04 5.349900000000000000e+04
3.138428376721002361e-02 9.899999999999985478e-01 1.443289932012703503e-15 4.100816999999999825e+04 3.122179155830106993e+03 3.505400000000000000e+04 4.837300000000000000e+04
3.452271214393103083e-02 9.899999999999985478e-01 1.443289932012703503e-15 4.019194000000000233e+04 3.206130043588375429e+03 3.374100000000000000e+04 4.936400000000000000e+04
3.797498335832413807e-02 9.899999999999985478e-01 1.443289932012703503e-15 3.907975000000000000e+04 3.206148341468310718e+03 3.206600000000000000e+04 5.113200000000000000e+04
4.177248169415655188e-02 9.899999999999985478e-01 1.443289932012703503e-15 3.858637000000000262e+04 3.377656811030392419e+03 3.352000000000000000e+04 4.918700000000000000e+04
4.594972986357220845e-02 9.899999999999985478e-01 1.443289932012703503e-15 3.755958000000000175e+04 2.917764641570666299e+03 3.144500000000000000e+04 4.570100000000000000e+04
5.054470284992943624e-02 9.899999999999985478e-01 1.443289932012703503e-15 3.704566999999999825e+04 2.838576072804813975e+03 3.222300000000000000e+04 4.751500000000000000e+04
5.559917313492238750e-02 9.899999999999985478e-01 1.443289932012703503e-15 3.614870999999999913e+04 2.638898441755573913e+03 3.098300000000000000e+04 4.352100000000000000e+04
6.115909044841463110e-02 9.899999999999985478e-01 1.443289932012703503e-15 3.556140000000000146e+04 2.812212883122470885e+03 3.013700000000000000e+04 4.301700000000000000e+04
6.727499949325610462e-02 9.899999999999985478e-01 1.443289932012703503e-15 3.481670999999999913e+04 2.410272587468065012e+03 2.933400000000000000e+04 4.306000000000000000e+04
7.400249944258172063e-02 9.899999999999985478e-01 1.443289932012703503e-15 3.408712000000000262e+04 2.292536975841393087e+03 2.929500000000000000e+04 3.933700000000000000e+04
8.140274938683990380e-02 9.899999999999985478e-01 1.443289932012703503e-15 3.375826000000000204e+04 2.873438729536441770e+03 2.844000000000000000e+04 4.304500000000000000e+04
8.954302432552389834e-02 9.899999999999985478e-01 1.443289932012703503e-15 3.304848000000000320e+04 2.261019360730907465e+03 2.747300000000000000e+04 3.759900000000000000e+04
9.849732675807629234e-02 9.899999999999985478e-01 1.443289932012703503e-15 3.239449000000000160e+04 2.521082329060278425e+03 2.730000000000000000e+04 4.092700000000000000e+04
1.083470594338839244e-01 9.899999999999985478e-01 1.443289932012703503e-15 3.155595999999999913e+04 2.499791290968108569e+03 2.647000000000000000e+04 4.130200000000000000e+04
1.191817653772723196e-01 9.899999999999985478e-01 1.443289932012703503e-15 3.120043000000000029e+04 2.602945367290677950e+03 2.621300000000000000e+04 3.943200000000000000e+04
1.310999419149995737e-01 9.899999999999985478e-01 1.443289932012703503e-15 3.074997999999999956e+04 2.443773970644585006e+03 2.658700000000000000e+04 3.907800000000000000e+04
1.442099361064995422e-01 9.899999999999985478e-01 1.443289932012703503e-15 3.006134000000000015e+04 2.295810964430651893e+03 2.541600000000000000e+04 3.608800000000000000e+04
1.586309297171495103e-01 9.899999999999985478e-01 1.443289932012703503e-15 2.938927000000000044e+04 2.318165808802295032e+03 2.575400000000000000e+04 3.876800000000000000e+04
1.744940226888644641e-01 9.899999999999985478e-01 1.443289932012703503e-15 2.892459000000000015e+04 2.039190486908959656e+03 2.547300000000000000e+04 3.474700000000000000e+04
1.919434249577509355e-01 9.899999999999985478e-01 1.443289932012703503e-15 2.857666999999999825e+04 2.063536188463870985e+03 2.420000000000000000e+04 3.531200000000000000e+04
2.111377674535260540e-01 9.899999999999985478e-01 1.443289932012703503e-15 2.798316999999999825e+04 2.084242577316757888e+03 2.395900000000000000e+04 3.403100000000000000e+04
2.322515441988786677e-01 9.899999999999985478e-01 1.443289932012703503e-15 2.717202000000000044e+04 2.061306047048812161e+03 2.394300000000000000e+04 3.560700000000000000e+04
2.554766986187665401e-01 9.899999999999985478e-01 1.443289932012703503e-15 2.727099000000000160e+04 2.200776024474094356e+03 2.339400000000000000e+04 3.491500000000000000e+04
2.810243684806432163e-01 9.899999999999985478e-01 1.443289932012703503e-15 2.667304000000000087e+04 1.918362196875240443e+03 2.282300000000000000e+04 3.314000000000000000e+04
3.091268053287075657e-01 9.899999999999985478e-01 1.443289932012703503e-15 2.654029000000000087e+04 2.152227503285839703e+03 2.303700000000000000e+04 3.478000000000000000e+04
3.400394858615783389e-01 9.899999999999985478e-01 1.443289932012703503e-15 2.601102999999999884e+04 2.085724236110804668e+03 2.203500000000000000e+04 3.340800000000000000e+04
3.740434344477361894e-01 9.899999999999985478e-01 1.443289932012703503e-15 2.572740999999999985e+04 2.247170826150072571e+03 2.177500000000000000e+04 3.330700000000000000e+04
4.114477778925098583e-01 9.899999999999985478e-01 1.443289932012703503e-15 2.537933000000000175e+04 1.996421323543705512e+03 2.128200000000000000e+04 3.183100000000000000e+04
4.525925556817608775e-01 9.899999999999985478e-01 1.443289932012703503e-15 2.507454999999999927e+04 2.325399795196515697e+03 2.162600000000000000e+04 3.493000000000000000e+04
4.978518112499369930e-01 9.899999999999985478e-01 1.443289932012703503e-15 2.490868999999999869e+04 2.195368163634519078e+03 2.120800000000000000e+04 3.742300000000000000e+04
5.476369923749306867e-01 9.899999999999985478e-01 1.443289932012703503e-15 2.424538999999999942e+04 1.683966988364083136e+03 2.135400000000000000e+04 3.099200000000000000e+04
6.024006916124238220e-01 9.899999999999985478e-01 1.443289932012703503e-15 2.458109999999999854e+04 2.288191488927445334e+03 2.061300000000000000e+04 3.364300000000000000e+04
6.626407607736662930e-01 9.899999999999985478e-01 1.443289932012703503e-15 2.428052000000000044e+04 2.064351648726543772e+03 2.132900000000000000e+04 3.151400000000000000e+04
7.289048368510330222e-01 9.899999999999985478e-01 1.443289932012703503e-15 2.408102999999999884e+04 1.972788384267304309e+03 2.096900000000000000e+04 3.032300000000000000e+04
8.017953205361363356e-01 9.899999999999985478e-01 1.443289932012703503e-15 2.399427999999999884e+04 2.221591695519228779e+03 2.069700000000000000e+04 3.079300000000000000e+04
8.819748525897500580e-01 9.899999999999985478e-01 1.443289932012703503e-15 2.414233000000000175e+04 2.364425456871076676e+03 2.008300000000000000e+04 3.275300000000000000e+04
9.701723378487251415e-01 9.899999999999985478e-01 1.443289932012703503e-15 2.412740999999999985e+04 2.118738478883130028e+03 2.051400000000000000e+04 3.309000000000000000e+04
9.801723378487251503e-01 9.899999999999985478e-01 1.443289932012703503e-15 2.371145999999999913e+04 1.838909064744638499e+03 2.109100000000000000e+04 3.003700000000000000e+04
9.901723378487251592e-01 9.899999999999985478e-01 1.443289932012703503e-15 2.381290999999999985e+04 1.691498555098407451e+03 2.014700000000000000e+04 3.017900000000000000e+04
1.000172337848725057e+00 9.899999999999985478e-01 1.443289932012703503e-15 2.383258000000000175e+04 2.056726920035812327e+03 2.062600000000000000e+04 3.180600000000000000e+04
