1.000000000000000021e-02 9.899999999999985478e-01 1.443289932012703503e-15 5.538065000000000146e+04 3.850548902104737863e+03 4.682500000000000000e+04 6.689700000000000000e+04
1.100000000000000110e-02 9.899999999999985478e-01 1.443289932012703503e-15 5.360726999999999680e+04 3.942971391869334639e+03 4.350000000000000000e+04 6.389700000000000000e+04
1.210000000000000138e-02 9.899999999999985478e-01 1.443289932012703503e-15 5.312118000000000029e+04 3.503450523070077452e+03 4.499600000000000000e+04 6.026500000000000000e+04
1.331000000000000238e-02 9.899999999999985478e-01 1.443289932012703503e-15 5.150393000000000029e+04 3.237209685068300132e+03 4.418200000000000000e+04 6.036800000000000000e+04
1.464100000000000297e-02 9.899999999999985478e-01 1.443289932012703503e-15 5.097005999999999767e+04 3.954448919432390085e+03 4.337200000000000000e+04 6.279500000000000000e+04
1.610510000000000413e-02 9.899999999999985478e-01 1.443289932012703503e-15 5.051651999999999680e+04 3.786817380017155756e+03 4.263100000000000000e+04 6.286700000000000000e+04
1.771561000000000663e-02 9.899999999999985478e-01 1.443289932012703503e-15 4.888709999999999854e+04 3.297676632115405027e+03 4.164900000000000000e+04 5.855200000000000000e+04
1.948717100000000799e-02 9.899999999999985478e-01 1.443289932012703503e-15 4.892912999999999738e+04 4.133278758213630681e+03 4.058400000000000000e+04 5.798900000000000000e+04
2.143588810000001191e-02 9.899999999999985478e-01 1.443289932012703503e-15 4.823362000000000262e+04 3.759744232737115453e+03 4.114100000000000000e+04 5.955300000000000000e+04
2.357947691000001483e-02 9.899999999999985478e-01 1.443289932012703503e-15 4.672301999999999680e+04 3.281700830301263977e+03 3.870800000000000000e+04 5.478200000000000000e+04
2.593742460100001770e-02 9.899999999999985478e-01 1.443289932012703503e-15 4.602580000000000291e+04 2.808734572721317818e+03 3.973700000000000000e+04 5.250400000000000000e+04
2.853116706110002052e-02 9.899999999999985478e-01 1.443289932012703503e-15 4.515020999999999913e+04 3.382015615856911154e+03 3.780200000000000000e+04 5.371000000000000000e+04
3.138428376721002361e-02 9.899999999999985478e-01 1.443289932012703503e-15 4.460883000000000175e+04 3.154178977341013251e+03 3.840600000000000000e+04 6.001500000000000000e+04
3.452271214393103083e-02 9.899999999999985478e-01 1.443289932012703503e-15 4.358829000000000087e+04 2.956984820032053904e+03 3.657200000000000000e+04 5.249900000000000000e+04
3.797498335832413807e-02 9.899999999999985478e-01 1.443289932012703503e-15 4.243441000000000349e+04 3.258572672490211517e+03 3.507600000000000000e+04 5.357000000000000000e+04
4.177248169415655188e-02 9.899999999999985478e-01 1.443289932012703503e-15 4.249298000000000320e+04 3.155224736781835418e+03 3.661600000000000000e+04 5.193300000000000000e+04
4.594972986357220845e-02 9.899999999999985478e-01 1.443289932012703503e-15 4.167201999999999680e+04 3.313633069547683135e+03 3.605900000000000000e+04 5.058600000000000000e+04
5.054470284992943624e-02 9.899999999999985478e-01 1.443289932012703503e-15 4.101651000000000204e+04 2.949300752703935359e+03 3.475100000000000000e+04 4.958300000000000000e+04
5.559917313492238750e-02 9.899999999999985478e-01 1.443289932012703503e-15 4.019187999999999738e+04 2.670073374572316879e+03 3.546700000000000000e+04 4.857900000000000000e+04
6.115909044841463110e-02 9.899999999999985478e-01 1.443289932012703503e-15 3.921813999999999942e+04 2.872946640715765170e+03 3.392500000000000000e+04 5.059800000000000000e+04
6.727499949325610462e-02 9.899999999999985478e-01 1.443289932012703503e-15 3.870712999999999738e+04 2.662536113013306476e+03 3.350800000000000000e+04 4.544000000000000000e+04
7.400249944258172063e-02 9.899999999999985478e-01 1.443289932012703503e-15 3.774466999999999825e+04 2.493354816527322782e+03 3.174700000000000000e+04 4.584500000000000000e+04
8.140274938683990380e-02 9.899999999999985478e-01 1.443289932012703503e-15 3.742659999999999854e+04 2.311331438803184483e+03 3.040000000000000000e+04 4.401500000000000000e+04
8.954302432552389834e-02 9.899999999999985478e-01 1.443289932012703503e-15 3.682923000000000320e+04 2.521045080338707976e+03 3.273500000000000000e+04 4.343800000000000000e+04
9.849732675807629234e-02 9.899999999999985478e-01 1.443289932012703503e-15 3.607650000000000000e+04 2.554957324496830097e+03 3.131400000000000000e+04 4.407200000000000000e+04
1.083470594338839244e-01 9.899999999999985478e-01 1.443289932012703503e-15 3.560275000000000000e+04 2.338952143054662884e+03 3.039400000000000000e+04 4.130800000000000000e+04
1.191817653772723196e-01 9.899999999999985478e-01 1.443289932012703503e-15 3.474233999999999651e+04 2.639377131900631412e+03 3.056200000000000000e+04 4.605900000000000000e+04
1.310999419149995737e-01 9.899999999999985478e-01 1.443289932012703503e-15 3.445583999999999651e+04 2.481644405308705245e+03 3.003400000000000000e+04 4.178600000000000000e+04
1.442099361064995422e-01 9.899999999999985478e-01 1.443289932012703503e-15 3.360998000000000320e+04 2.480502900542548559e+03 2.847700000000000000e+04 4.232100000000000000e+04
1.586309297171495103e-01 9.899999999999985478e-01 1.443289932012703503e-15 3.312179000000000087e+04 2.042966839158188805e+03 2.933400000000000000e+04 3.921700000000000000e+04
1.744940226888644641e-01 9.899999999999985478e-01 1.443289932012703503e-15 3.290708999999999651e+04 2.187177121748488389e+03 2.869900000000000000e+04 4.163700000000000000e+04
1.919434249577509355e-01 9.899999999999985478e-01 1.443289932012703503e-15 3.204416999999999825e+04 2.153556732733084573e+03 2.846300000000000000e+04 4.117600000000000000e+04
2.111377674535260540e-01 9.899999999999985478e-01 1.443289932012703503e-15 3.183991999999999825e+04 2.219105809464704180e+03 2.826000000000000000e+04 3.931500000000000000e+04
2.322515441988786677e-01 9.899999999999985478e-01 1.443289932012703503e-15 3.113025000000000000e+04 1.704121406326439001e+03 2.743900000000000000e+04 3.536300000000000000e+04
2.554766986187665401e-01 9.899999999999985478e-01 1.443289932012703503e-15 3.063506999999999971e+04 2.019369496922244707e+03 2.679200000000000000e+04 3.579500000000000000e+04
2.810243684806432163e-01 9.899999999999985478e-01 1.443289932012703503e-15 3.054881000000000131e+04 2.156323995576731249e+03 2.679300000000000000e+04 3.848700000000000000e+04
3.091268053287075657e-01 9.899999999999985478e-01 1.443289932012703503e-15 3.013627000000000044e+04 1.881282641470972521e+03 2.672000000000000000e+04 3.525500000000000000e+04
3.400394858615783389e-01 9.899999999999985478e-01 1.443289932012703503e-15 2.978181000000000131e+04 2.424881158716855680e+03 2.611900000000000000e+04 3.982700000000000000e+04
3.740434344477361894e-01 9.899999999999985478e-01 1.443289932012703503e-15 2.979318999999999869e+04 2.183928697073235526e+03 2.571900000000000000e+04 3.852600000000000000e+04
4.114477778925098583e-01 9.899999999999985478e-01 1.443289932012703503e-15 2.913909000000000015e+04 2.030332638239359767e+03 2.543300000000000000e+04 3.419900000000000000e+04
4.525925556817608775e-01 9.899999999999985478e-01 1.443289932012703503e-15 2.909070000000000073e+04 1.909228150326723153e+03 2.532000000000000000e+04 3.453400000000000000e+04
4.978518112499369930e-01 9.899999999999985478e-01 1.443289932012703503e-15 2.850727999999999884e+04 1.643554477831508166e+03 2.581800000000000000e+04 3.600100000000000000e+04
5.476369923749306867e-01 9.899999999999985478e-01 1.443289932012703503e-15 2.831499000000000160e+04 1.793965225387604960e+03 2.509500000000000000e+04 3.256400000000000000e+04
6.024006916124238220e-01 9.899999999999985478e-01 1.443289932012703503e-15 2.805284000000000015e+04 1.591536230941664599e+03 2.509500000000000000e+04 3.263800000000000000e+04
6.626407607736662930e-01 9.899999999999985478e-01 1.443289932012703503e-15 2.817847000000000116e+04 1.885198198890504045e+03 2.497000000000000000e+04 3.358300000000000000e+04
7.289048368510330222e-01 9.899999999999985478e-01 1.443289932012703503e-15 2.841197000000000116e+04 2.045696455757794183e+03 2.486000000000000000e+04 3.358500000000000000e+04
8.017953205361363356e-01 9.899999999999985478e-01 1.443289932012703503e-15 2.795316999999999825e+04 1.640649164538232299e+03 2.463100000000000000e+04 3.359700000000000000e+04
8.819748525897500580e-01 9.899999999999985478e-01 1.443289932012703503e-15 2.810079000000000087e+04 2.129038150409710397e+03 2.365400000000000000e+04 3.835400000000000000e+04
9.701723378487251415e-01 9.899999999999985478e-01 1.443289932012703503e-15 2.838318999999999869e+04 2.098864572548690830e+03 2.495900000000000000e+04 3.496400000000000000e+04
9.801723378487251503e-01 9.899999999999985478e-01 1.443289932012703503e-15 2.788734000000000015e+04 1.866454286715857279e+03 2.466900000000000000e+04 3.574200000000000000e+04
9.901723378487251592e-01 9.899999999999985478e-01 1.443289932012703503e-15 2.802734999999999854e+04 1.999571966071739098e+03 2.462500000000000000e+04 3.507300000000000000e+04
1.000172337848725057e+00 9.899999999999985478e-01 1.443289932012703503e-15 2.840593000000000029e+04 1.987975313000641790e+03 2.507000000000000000e+04 3.577800000000000000e+04
