1.000000000000000021e-02 9.899999999999985478e-01 1.443289932012703503e-15 5.281518000000000029e+04 3.051972071890566440e+03 4.202700000000000000e+04 6.037000000000000000e+04
1.100000000000000110e-02 9.899999999999985478e-01 1.443289932012703503e-15 5.107487999999999738e+04 3.772233803146353694e+03 4.345300000000000000e+04 6.401600000000000000e+04
1.210000000000000138e-02 9.899999999999985478e-01 1.443289932012703503e-15 5.121941000000000349e+04 3.939656944697087511e+03 4.264000000000000000e+04 5.945200000000000000e+04
1.331000000000000238e-02 9.899999999999985478e-01 1.443289932012703503e-15 4.989794999999999709e+04 3.544818176930941263e+03 4.240800000000000000e+04 6.054500000000000000e+04
1.464100000000000297e-02 9.899999999999985478e-01 1.443289932012703503e-15 4.896720999999999913e+04 3.636429890139504096e+03 4.105800000000000000e+04 6.012300000000000000e+04
1.610510000000000413e-02 9.899999999999985478e-01 1.443289932012703503e-15 4.750893000000000029e+04 3.179269721980191207e+03 3.934500000000000000e+04 5.699900000000000000e+04
1.771561000000000663e-02 9.899999999999985478e-01 1.443289932012703503e-15 4.714126000000000204e+04 3.564307196693349397e+03 3.853600000000000000e+04 5.583100000000000000e+04
1.948717100000000799e-02 9.899999999999985478e-01 1.443289932012703503e-15 4.662708000000000175e+04 3.347912354527818479e+03 3.876900000000000000e+04 5.626200000000000000e+04
2.143588810000001191e-02 9.899999999999985478e-01 1.443289932012703503e-15 4.536183000000000175e+04 3.623637724869857266e+03 3.774500000000000000e+04 5.568600000000000000e+04
2.357947691000001483e-02 9.899999999999985478e-01 1.443289932012703503e-15 4.426650000000000000e+04 3.161253328982035327e+03 3.795000000000000000e+04 5.343100000000000000e+04
2.593742460100001770e-02 9.899999999999985478e-01 1.443289932012703503e-15 4.409030999999999767e+04 3.272266589674502939e+03 3.648100000000000000e+04 5.141200000000000000e+04
2.853116706110002052e-02 9.899999999999985478e-01 1.443289932012703503e-15 4.342075000000000000e+04 3.552008035956563162e+03 3.497000000000000000e+04 5.345600000000000000e+04
3.138428376721002361e-02 9.899999999999985478e-01 1.443289932012703503e-15 4.262631999999999971e+04 3.248745819173916061e+03 3.583600000000000000e+04 5.051200000000000000e+04
3.452271214393103083e-02 9.899999999999985478e-01 1.443289932012703503e-15 4.091884999999999854e+04 2.954739076043771547e+03 3.434900000000000000e+04 5.000800000000000000e+04
3.797498335832413807e-02 9.899999999999985478e-01 1.443289932012703503e-15 4.059526999999999680e+04 2.966140309745983359e+03 3.395700000000000000e+04 4.855500000000000000e+04
4.177248169415655188e-02 9.899999999999985478e-01 1.443289932012703503e-15 4.004422000000000116e+04 2.825055442217020300e+03 3.404400000000000000e+04 4.790600000000000000e+04
4.594972986357220845e-02 9.899999999999985478e-01 1.443289932012703503e-15 3.848580000000000291e+04 2.825071875191850722e+03 3.254000000000000000e+04 4.551300000000000000e+04
5.054470284992943624e-02 9.899999999999985478e-01 1.443289932012703503e-15 3.820773000000000320e+04 2.840785369770127545e+03 3.151700000000000000e+04 4.756000000000000000e+04
5.559917313492238750e-02 9.899999999999985478e-01 1.443289932012703503e-15 3.749619999999999709e+04 2.635545313592616367e+03 3.225900000000000000e+04 4.570500000000000000e+04
6.115909044841463110e-02 9.899999999999985478e-01 1.443289932012703503e-15 3.688033000000000175e+04 2.587565531749872207e+03 3.093300000000000000e+04 4.343100000000000000e+04
6.727499949325610462e-02 9.899999999999985478e-01 1.443289932012703503e-15 3.618911000000000058e+04 2.866890056821154303e+03 3.088700000000000000e+04 4.659600000000000000e+04
7.400249944258172063e-02 9.899999999999985478e-01 1.443289932012703503e-15 3.581133000000000175e+04 2.472591559700065318e+03 3.038800000000000000e+04 4.243100000000000000e+04
8.140274938683990380e-02 9.899999999999985478e-01 1.443289932012703503e-15 3.531059999999999854e+04 2.621398779277965332e+03 3.084900000000000000e+04 4.183400000000000000e+04
8.954302432552389834e-02 9.899999999999985478e-01 1.443289932012703503e-15 3.382562999999999738e+04 2.145286837022033069e+03 2.997200000000000000e+04 4.027500000000000000e+04
9.849732675807629234e-02 9.899999999999985478e-01 1.443289932012703503e-15 3.330919000000000233e+04 2.274483311413825049e+03 2.762700000000000000e+04 4.015400000000000000e+04
1.083470594338839244e-01 9.899999999999985478e-01 1.443289932012703503e-15 3.311708999999999651e+04 2.140025037680633886e+03 2.852200000000000000e+04 4.061600000000000000e+04
1.191817653772723196e-01 9.899999999999985478e-01 1.443289932012703503e-15 3.221816999999999825e+04 2.126365923612396728e+03 2.791600000000000000e+04 3.722900000000000000e+04
1.310999419149995737e-01 9.899999999999985478e-01 1.443289932012703503e-15 3.186768000000000029e+04 2.315285122312153362e+03 2.761500000000000000e+04 4.004900000000000000e+04
1.442099361064995422e-01 9.899999999999985478e-01 1.443289932012703503e-15 3.094018000000000029e+04 2.087861103521974655e+03 2.665900000000000000e+04 3.713200000000000000e+04
1.586309297171495103e-01 9.899999999999985478e-01 1.443289932012703503e-15 3.052791999999999825e+04 2.229157857487890396e+03 2.546800000000000000e+04 3.749000000000000000e+04
1.744940226888644641e-01 9.899999999999985478e-01 1.443289932012703503e-15 3.025643999999999869e+04 1.927532086996219732e+03 2.585400000000000000e+04 3.544900000000000000e+04
1.919434249577509355e-01 9.899999999999985478e-01 1.443289932012703503e-15 2.948050999999999840e+04 2.198893496716018490e+03 2.574900000000000000e+04 3.604100000000000000e+04
2.111377674535260540e-01 9.899999999999985478e-01 1.443289932012703503e-15 2.894127999999999884e+04 1.739323190669290170e+03 2.480600000000000000e+04 3.407000000000000000e+04
2.322515441988786677e-01 9.899999999999985478e-01 1.443289932012703503e-15 2.885143999999999869e+04 2.032574388896996879e+03 2.524800000000000000e+04 3.472800000000000000e+04
2.554766986187665401e-01 9.899999999999985478e-01 1.443289932012703503e-15 2.848152999999999884e+04 2.161602911984529783e+03 2.492900000000000000e+04 3.858500000000000000e+04
2.810243684806432163e-01 9.899999999999985478e-01 1.443289932012703503e-15 2.766395999999999913e+04 1.761156403730231204e+03 2.468300000000000000e+04 3.241000000000000000e+04
3.091268053287075657e-01 9.899999999999985478e-01 1.443289932012703503e-15 2.744138999999999942e+04 2.095559533370502777e+03 2.376800000000000000e+04 3.626000000000000000e+04
3.400394858615783389e-01 9.899999999999985478e-01 1.443289932012703503e-15 2.685925000000000000e+04 2.003340701802866079e+03 2.396400000000000000e+04 3.484700000000000000e+04
3.740434344477361894e-01 9.899999999999985478e-01 1.443289932012703503e-15 2.706415999999999985e+04 2.015001204565396847e+03 2.306600000000000000e+04 3.431100000000000000e+04
4.114477778925098583e-01 9.899999999999985478e-01 1.443289932012703503e-15 2.632234999999999854e+04 2.071830979472022136e+03 2.325200000000000000e+04 3.629000000000000000e+04
4.525925556817608775e-01 9.899999999999985478e-01 1.443289932012703503e-15 2.611070000000000073e+04 1.994630459508728109e+03 2.233300000000000000e+04 3.630000000000000000e+04
4.978518112499369930e-01 9.899999999999985478e-01 1.443289932012703503e-15 2.599172000000000116e+04 1.739611733002511301e+03 2.235900000000000000e+04 3.094600000000000000e+04
5.476369923749306867e-01 9.899999999999985478e-01 1.443289932012703503e-15 2.560409999999999854e+04 1.629189286117484926e+03 2.267400000000000000e+04 2.949700000000000000e+04
6.024006916124238220e-01 9.899999999999985478e-01 1.443289932012703503e-15 2.539718000000000029e+04 1.960282007161214551e+03 2.244600000000000000e+04 3.220400000000000000e+04
6.626407607736662930e-01 9.899999999999985478e-01 1.443289932012703503e-15 2.541043000000000029e+04 2.033156497936152618e+03 2.211800000000000000e+04 3.097900000000000000e+04
7.289048368510330222e-01 9.899999999999985478e-01 1.443289932012703503e-15 2.525938000000000102e+04 1.906636104661820582e+03 2.159300000000000000e+04 3.229300000000000000e+04
8.017953205361363356e-01 9.899999999999985478e-01 1.443289932012703503e-15 2.549072000000000116e+04 1.819473550673381169e+03 2.232100000000000000e+04 3.147100000000000000e+04
8.819748525897500580e-01 9.899999999999985478e-01 1.443289932012703503e-15 2.551188000000000102e+04 1.917619285885496083e+03 2.254300000000000000e+04 3.223400000000000000e+04
9.701723378487251415e-01 9.899999999999985478e-01 1.443289932012703503e-15 2.532515999999999985e+04 1.788132795516037277e+03 2.282000000000000000e+04 3.155600000000000000e+04
9.801723378487251503e-01 9.899999999999985478e-01 1.443289932012703503e-15 2.495697000000000116e+04 1.883788053125934766e+03 2.181500000000000000e+04 3.206300000000000000e+04
9.901723378487251592e-01 9.899999999999985478e-01 1.443289932012703503e-15 2.536963000000000102e+04 1.899417435189010803e+03 2.166300000000000000e+04 3.213900000000000000e+04
1.000172337848725057e+00 9.899999999999985478e-01 1.443289932012703503e-15 2.522159000000000015e+04 1.999337910884500616e+03 2.175300000000000000e+04 3.221200000000000000e+04
