1.000000000000000021e-02 9.899999999999985478e-01 1.443289932012703503e-15 5.645537000000000262e+04 3.607138485434125869e+03 4.874900000000000000e+04 6.574900000000000000e+04
1.100000000000000110e-02 9.899999999999985478e-01 1.443289932012703503e-15 5.506577999999999884e+04 3.644018033929030935e+03 4.659400000000000000e+04 6.334000000000000000e+04
1.210000000000000138e-02 9.899999999999985478e-01 1.443289932012703503e-15 5.334636000000000058e+04 3.682542327034409027e+03 4.571100000000000000e+04 6.195800000000000000e+04
1.331000000000000238e-02 9.899999999999985478e-01 1.443289932012703503e-15 5.367806999999999971e+04 3.894638977504847844e+03 4.559500000000000000e+04 6.561800000000000000e+04
1.464100000000000297e-02 9.899999999999985478e-01 1.443289932012703503e-15 5.154605999999999767e+04 3.355275478466708591e+03 4.399700000000000000e+04 6.418400000000000000e+04
1.610510000000000413e-02 9.899999999999985478e-01 1.443289932012703503e-15 5.165697000000000116e+04 3.879388571553512520e+03 4.200800000000000000e+04 6.212900000000000000e+04
1.771561000000000663e-02 9.899999999999985478e-01 1.443289932012703503e-15 5.011530999999999767e+04 3.187988515333767737e+03 4.381200000000000000e+04 5.761200000000000000e+04
1.948717100000000799e-02 9.899999999999985478e-01 1.443289932012703503e-15 5.008366999999999825e+04 3.200476114752303147e+03 4.433900000000000000e+04 5.808800000000000000e+04
2.143588810000001191e-02 9.899999999999985478e-01 1.443289932012703503e-15 4.877243000000000029e+04 3.479384960750966457e+03 4.061000000000000000e+04 5.875500000000000000e+04
2.357947691000001483e-02 9.899999999999985478e-01 1.443289932012703503e-15 4.795179000000000087e+04 3.131505942178619080e+03 4.145200000000000000e+04 5.650900000000000000e+04
2.593742460100001770e-02 9.899999999999985478e-01 1.443289932012703503e-15 4.654656999999999971e+04 3.238442885878952438e+03 3.940000000000000000e+04 5.955300000000000000e+04
2.853116706110002052e-02 9.899999999999985478e-01 1.443289932012703503e-15 4.584330999999999767e+04 3.313474613438286724e+03 3.915600000000000000e+04 5.518000000000000000e+04
3.138428376721002361e-02 9.899999999999985478e-01 1.443289932012703503e-15 4.514891000000000349e+04 3.227746749963509046e+03 3.756500000000000000e+04 5.505100000000000000e+04
3.452271214393103083e-02 9.899999999999985478e-01 1.443289932012703503e-15 4.541273999999999796e+04 2.963287001355082793e+03 3.895800000000000000e+04 5.539100000000000000e+04
3.797498335832413807e-02 9.899999999999985478e-01 1.443289932012703503e-15 4.430650000000000000e+04 3.023972789229426780e+03 3.752600000000000000e+04 5.083400000000000000e+04
4.177248169415655188e-02 9.899999999999985478e-01 1.443289932012703503e-15 4.298644000000000233e+04 2.716351164043412155e+03 3.826900000000000000e+04 5.198400000000000000e+04
4.594972986357220845e-02 9.899999999999985478e-01 1.443289932012703503e-15 4.307906999999999971e+04 2.644342255665858829e+03 3.748700000000000000e+04 5.015800000000000000e+04
5.054470284992943624e-02 9.899999999999985478e-01 1.443289932012703503e-15 4.150169000000000233e+04 2.398070719119851219e+03 3.559200000000000000e+04 4.777100000000000000e+04
5.559917313492238750e-02 9.899999999999985478e-01 1.443289932012703503e-15 4.097695999999999913e+04 3.219163875667096818e+03 3.572800000000000000e+04 5.275400000000000000e+04
6.115909044841463110e-02 9.899999999999985478e-01 1.443289932012703503e-15 3.998701000000000204e+04 2.872254429868635270e+03 3.498900000000000000e+04 5.336400000000000000e+04
6.727499949325610462e-02 9.899999999999985478e-01 1.443289932012703503e-15 3.979555999999999767e+04 2.526968449822830735e+03 3.345900000000000000e+04 4.628500000000000000e+04
7.400249944258172063e-02 9.899999999999985478e-01 1.443289932012703503e-15 3.875095999999999913e+04 2.329436987428507109e+03 3.375400000000000000e+04 4.559800000000000000e+04
8.140274938683990380e-02 9.899999999999985478e-01 1.443289932012703503e-15 3.803575000000000000e+04 2.851753160338390899e+03 3.261000000000000000e+04 4.861500000000000000e+04
8.954302432552389834e-02 9.899999999999985478e-01 1.443289932012703503e-15 3.747098000000000320e+04 1.917188550873387385e+03 3.388300000000000000e+04 4.293200000000000000e+04
9.849732675807629234e-02 9.899999999999985478e-01 1.443289932012703503e-15 3.689055000000000291e+04 2.349639565444027994e+03 3.234400000000000000e+04 4.272300000000000000e+04
1.083470594338839244e-01 9.899999999999985478e-01 1.443289932012703503e-15 3.646387999999999738e+04 2.467606622944589162e+03 3.126200000000000000e+04 4.451900000000000000e+04
1.191817653772723196e-01 9.899999999999985478e-01 1.443289932012703503e-15 3.616800000000000000e+04 2.478547849043871338e+03 3.176200000000000000e+04 4.471100000000000000e+04
1.310999419149995737e-01 9.899999999999985478e-01 1.443289932012703503e-15 3.468633999999999651e+04 2.281521506451341793e+03 3.096000000000000000e+04 4.067800000000000000e+04
1.442099361064995422e-01 9.899999999999985478e-01 1.443289932012703503e-15 3.495593000000000029e+04 2.203450259275211920e+03 3.091000000000000000e+04 4.064400000000000000e+04
1.586309297171495103e-01 9.899999999999985478e-01 1.443289932012703503e-15 3.398441000000000349e+04 2.126712543316561550e+03 3.019100000000000000e+04 3.997200000000000000e+04
1.744940226888644641e-01 9.899999999999985478e-01 1.443289932012703503e-15 3.321376000000000204e+04 1.847890814523412246e+03 2.945700000000000000e+04 4.020000000000000000e+04
1.919434249577509355e-01 9.899999999999985478e-01 1.443289932012703503e-15 3.313287999999999738e+04 2.204273087800148460e+03 2.891700000000000000e+04 4.082800000000000000e+04
2.111377674535260540e-01 9.899999999999985478e-01 1.443289932012703503e-15 3.242979999999999927e+04 1.919894840870196958e+03 2.911800000000000000e+04 3.880000000000000000e+04
2.322515441988786677e-01 9.899999999999985478e-01 1.443289932012703503e-15 3.257877000000000044e+04 2.224105716259908149e+03 2.844000000000000000e+04 3.982300000000000000e+04
2.554766986187665401e-01 9.899999999999985478e-01 1.443289932012703503e-15 3.178309000000000015e+04 2.009728857806445376e+03 2.774700000000000000e+04 3.879700000000000000e+04
2.810243684806432163e-01 9.899999999999985478e-01 1.443289932012703503e-15 3.150679999999999927e+04 2.213170440793026955e+03 2.740500000000000000e+04 3.824800000000000000e+04
3.091268053287075657e-01 9.899999999999985478e-01 1.443289932012703503e-15 3.082770000000000073e+04 2.118607969870782654e+03 2.724900000000000000e+04 4.185000000000000000e+04
3.400394858615783389e-01 9.899999999999985478e-01 1.443289932012703503e-15 3.065725999999999840e+04 2.068299913552190901e+03 2.685000000000000000e+04 3.840200000000000000e+04
3.740434344477361894e-01 9.899999999999985478e-01 1.443289932012703503e-15 3.020440000000000146e+04 1.859567670185734414e+03 2.652000000000000000e+04 3.573900000000000000e+04
4.114477778925098583e-01 9.899999999999985478e-01 1.443289932012703503e-15 2.997216999999999825e+04 1.889222559970105976e+03 2.681200000000000000e+04 3.599100000000000000e+04
4.525925556817608775e-01 9.899999999999985478e-01 1.443289932012703503e-15 2.971277000000000044e+04 1.877679189078900890e+03 2.691700000000000000e+04 3.529100000000000000e+04
4.978518112499369930e-01 9.899999999999985478e-01 1.443289932012703503e-15 2.938786000000000058e+04 1.879018871751957704e+03 2.621800000000000000e+04 3.514500000000000000e+04
5.476369923749306867e-01 9.899999999999985478e-01 1.443289932012703503e-15 2.966309999999999854e+04 2.752186812336690764e+03 2.641900000000000000e+04 5.127500000000000000e+04
6.024006916124238220e-01 9.899999999999985478e-01 1.443289932012703503e-15 2.926820999999999913e+04 1.656353098194947279e+03 2.641500000000000000e+04 3.523100000000000000e+04
6.626407607736662930e-01 9.899999999999985478e-01 1.443289932012703503e-15 2.926086999999999898e+04 2.107682797078346084e+03 2.646000000000000000e+04 4.177800000000000000e+04
7.289048368510330222e-01 9.899999999999985478e-01 1.443289932012703503e-15 2.924240999999999985e+04 2.147796010309173198e+03 2.520000000000000000e+04 3.895100000000000000e+04
8.017953205361363356e-01 9.899999999999985478e-01 1.443289932012703503e-15 2.881027999999999884e+04 1.861589294554521302e+03 2.520300000000000000e+04 3.435500000000000000e+04
8.819748525897500580e-01 9.899999999999985478e-01 1.443289932012703503e-15 2.908325999999999840e+04 1.636513236243446727e+03 2.613300000000000000e+04 3.825600000000000000e+04
9.701723378487251415e-01 9.899999999999985478e-01 1.443289932012703503e-15 2.913677000000000044e+04 1.975059750260735200e+03 2.612100000000000000e+04 3.607600000000000000e+04
9.801723378487251503e-01 9.899999999999985478e-01 1.443289932012703503e-15 2.864706000000000131e+04 1.609187390082335924e+03 2.573400000000000000e+04 3.355700000000000000e+04
9.901723378487251592e-01 9.899999999999985478e-01 1.443289932012703503e-15 2.932358000000000175e+04 2.317137238835887729e+03 2.561200000000000000e+04 3.909600000000000000e+04
1.000172337848725057e+00 9.899999999999985478e-01 1.443289932012703503e-15 2.910988999999999942e+04 1.883934371972654617e+03 2.625100000000000000e+04 3.738700000000000000e+04
