1.000000000000000021e-02 9.899999999999985478e-01 1.443289932012703503e-15 9.891030000000000655e+03 2.215851980616034278e-01 9.890000000000000000e+03 9.892000000000000000e+03
1.100000000000000110e-02 9.899999999999985478e-01 1.443289932012703503e-15 9.891010000000000218e+03 2.643860813280455302e-01 9.890000000000000000e+03 9.892000000000000000e+03
1.210000000000000138e-02 9.899999999999985478e-01 1.443289932012703503e-15 9.891010000000000218e+03 3.871692136521190930e-01 9.890000000000000000e+03 9.892000000000000000e+03
1.331000000000000238e-02 9.899999999999985478e-01 1.443289932012703503e-15 9.891069999999999709e+03 3.809199390948177499e-01 9.889000000000000000e+03 9.893000000000000000e+03
1.464100000000000297e-02 9.899999999999985478e-01 1.443289932012703503e-15 9.891020000000000437e+03 2.441311123146740480e-01 9.890000000000000000e+03 9.892000000000000000e+03
1.610510000000000413e-02 9.899999999999985478e-01 1.443289932012703503e-15 9.890979999999999563e+03 3.458323293158114264e-01 9.890000000000000000e+03 9.892000000000000000e+03
1.771561000000000663e-02 9.899999999999985478e-01 1.443289932012703503e-15 9.890940000000000509e+03 3.954743986657037746e-01 9.889000000000000000e+03 9.892000000000000000e+03
1.948717100000000799e-02 9.899999999999985478e-01 1.443289932012703503e-15 9.891000000000000000e+03 4.000000000000000222e-01 9.890000000000000000e+03 9.892000000000000000e+03
2.143588810000001191e-02 9.899999999999985478e-01 1.443289932012703503e-15 9.890969999999999345e+03 4.348562981031778296e-01 9.890000000000000000e+03 9.892000000000000000e+03
2.357947691000001483e-02 9.899999999999985478e-01 1.443289932012703503e-15 9.891020000000000437e+03 5.473572873361599589e-01 9.889000000000000000e+03 9.893000000000000000e+03
2.593742460100001770e-02 9.899999999999985478e-01 1.443289932012703503e-15 9.890950000000000728e+03 4.555216789572145708e-01 9.890000000000000000e+03 9.892000000000000000e+03
2.853116706110002052e-02 9.899999999999985478e-01 1.443289932012703503e-15 9.890950000000000728e+03 4.330127018922190207e-01 9.889000000000000000e+03 9.892000000000000000e+03
3.138428376721002361e-02 9.899999999999985478e-01 1.443289932012703503e-15 9.891020000000000437e+03 4.686149805543989300e-01 9.890000000000000000e+03 9.892000000000000000e+03
3.452271214393103083e-02 9.899999999999985478e-01 1.443289932012703503e-15 9.890920000000000073e+03 5.600000000000002753e-01 9.890000000000000000e+03 9.892000000000000000e+03
3.797498335832413807e-02 9.899999999999985478e-01 1.443289932012703503e-15 9.891000000000000000e+03 5.099019513592785158e-01 9.889000000000000000e+03 9.892000000000000000e+03
4.177248169415655188e-02 9.899999999999985478e-01 1.443289932012703503e-15 9.891239999999999782e+03 5.499090833947006818e-01 9.890000000000000000e+03 9.893000000000000000e+03
4.594972986357220845e-02 9.899999999999985478e-01 1.443289932012703503e-15 9.891120000000000800e+03 6.209669878504017193e-01 9.890000000000000000e+03 9.893000000000000000e+03
5.054470284992943624e-02 9.899999999999985478e-01 1.443289932012703503e-15 9.891000000000000000e+03 5.999999999999999778e-01 9.889000000000000000e+03 9.893000000000000000e+03
5.559917313492238750e-02 9.899999999999985478e-01 1.443289932012703503e-15 9.890959999999999127e+03 6.151422599691878101e-01 9.889000000000000000e+03 9.893000000000000000e+03
6.115909044841463110e-02 9.899999999999985478e-01 1.443289932012703503e-15 9.891079999999999927e+03 7.833262411026450378e-01 9.889000000000000000e+03 9.893000000000000000e+03
6.727499949325610462e-02 9.899999999999985478e-01 1.443289932012703503e-15 9.890969999999999345e+03 5.559676249567060413e-01 9.889000000000000000e+03 9.892000000000000000e+03
7.400249944258172063e-02 9.899999999999985478e-01 1.443289932012703503e-15 9.891069999999999709e+03 7.517313349861095562e-01 9.889000000000000000e+03 9.893000000000000000e+03
8.140274938683990380e-02 9.899999999999985478e-01 1.443289932012703503e-15 9.891170000000000073e+03 7.355949972641188106e-01 9.889000000000000000e+03 9.893000000000000000e+03
8.954302432552389834e-02 9.899999999999985478e-01 1.443289932012703503e-15 9.891079999999999927e+03 7.304792947099862932e-01 9.889000000000000000e+03 9.893000000000000000e+03
9.849732675807629234e-02 9.899999999999985478e-01 1.443289932012703503e-15 9.891020000000000437e+03 9.378699270154685630e-01 9.888000000000000000e+03 9.894000000000000000e+03
1.083470594338839244e-01 9.899999999999985478e-01 1.443289932012703503e-15 9.891100000000000364e+03 8.888194417315601337e-01 9.889000000000000000e+03 9.894000000000000000e+03
1.191817653772723196e-01 9.899999999999985478e-01 1.443289932012703503e-15 9.890979999999999563e+03 8.364209466530597714e-01 9.888000000000000000e+03 9.893000000000000000e+03
1.310999419149995737e-01 9.899999999999985478e-01 1.443289932012703503e-15 9.890829999999999927e+03 8.950418984606243189e-01 9.888000000000000000e+03 9.893000000000000000e+03
1.442099361064995422e-01 9.899999999999985478e-01 1.443289932012703503e-15 9.891069999999999709e+03 1.032036821048552211e+00 9.889000000000000000e+03 9.894000000000000000e+03
1.586309297171495103e-01 9.899999999999985478e-01 1.443289932012703503e-15 9.890940000000000509e+03 1.084619749036499492e+00 9.888000000000000000e+03 9.894000000000000000e+03
1.744940226888644641e-01 9.899999999999985478e-01 1.443289932012703503e-15 9.890940000000000509e+03 1.156027681329473644e+00 9.888000000000000000e+03 9.895000000000000000e+03
1.919434249577509355e-01 9.899999999999985478e-01 1.443289932012703503e-15 9.891020000000000437e+03 1.174563748802081253e+00 9.888000000000000000e+03 9.893000000000000000e+03
2.111377674535260540e-01 9.899999999999985478e-01 1.443289932012703503e-15 9.890940000000000509e+03 1.173200750084997024e+00 9.887000000000000000e+03 9.893000000000000000e+03
2.322515441988786677e-01 9.899999999999985478e-01 1.443289932012703503e-15 9.890739999999999782e+03 1.316206670701831394e+00 9.886000000000000000e+03 9.893000000000000000e+03
2.554766986187665401e-01 9.899999999999985478e-01 1.443289932012703503e-15 9.891030000000000655e+03 1.519572308249922177e+00 9.887000000000000000e+03 9.895000000000000000e+03
2.810243684806432163e-01 9.899999999999985478e-01 1.443289932012703503e-15 9.890850000000000364e+03 1.423903086589815237e+00 9.887000000000000000e+03 9.894000000000000000e+03
3.091268053287075657e-01 9.899999999999985478e-01 1.443289932012703503e-15 9.891020000000000437e+03 1.442081828468827709e+00 9.887000000000000000e+03 9.894000000000000000e+03
3.400394858615783389e-01 9.899999999999985478e-01 1.443289932012703503e-15 9.891180000000000291e+03 1.409822683886169603e+00 9.887000000000000000e+03 9.894000000000000000e+03
3.740434344477361894e-01 9.899999999999985478e-01 1.443289932012703503e-15 9.891170000000000073e+03 1.386037517529737473e+00 9.888000000000000000e+03 9.894000000000000000e+03
4.114477778925098583e-01 9.899999999999985478e-01 1.443289932012703503e-15 9.890559999999999491e+03 1.645113977814304462e+00 9.887000000000000000e+03 9.895000000000000000e+03
4.525925556817608775e-01 9.899999999999985478e-01 1.443289932012703503e-15 9.891209999999999127e+03 1.644962005640252523e+00 9.886000000000000000e+03 9.895000000000000000e+03
4.978518112499369930e-01 9.899999999999985478e-01 1.443289932012703503e-15 9.890940000000000509e+03 1.666253282067286401e+00 9.885000000000000000e+03 9.895000000000000000e+03
5.476369923749306867e-01 9.899999999999985478e-01 1.443289932012703503e-15 9.890930000000000291e+03 1.656834330885258444e+00 9.887000000000000000e+03 9.894000000000000000e+03
6.024006916124238220e-01 9.899999999999985478e-01 1.443289932012703503e-15 9.891159999999999854e+03 1.874673304872076063e+00 9.885000000000000000e+03 9.895000000000000000e+03
6.626407607736662930e-01 9.899999999999985478e-01 1.443289932012703503e-15 9.891120000000000800e+03 1.950794709855447895e+00 9.885000000000000000e+03 9.895000000000000000e+03
7.289048368510330222e-01 9.899999999999985478e-01 1.443289932012703503e-15 9.890510000000000218e+03 1.846591454545376099e+00 9.886000000000000000e+03 9.895000000000000000e+03
8.017953205361363356e-01 9.899999999999985478e-01 1.443289932012703503e-15 9.890610000000000582e+03 2.077955726188603247e+00 9.886000000000000000e+03 9.895000000000000000e+03
8.819748525897500580e-01 9.899999999999985478e-01 1.443289932012703503e-15 9.891200000000000728e+03 1.811077027627485903e+00 9.886000000000000000e+03 9.895000000000000000e+03
9.701723378487251415e-01 9.899999999999985478e-01 1.443289932012703503e-15 9.891020000000000437e+03 1.810966592734387648e+00 9.886000000000000000e+03 9.895000000000000000e+03
9.801723378487251503e-01 9.899999999999985478e-01 1.443289932012703503e-15 9.890799999999999272e+03 2.059126028197402647e+00 9.885000000000000000e+03 9.895000000000000000e+03
9.901723378487251592e-01 9.899999999999985478e-01 1.443289932012703503e-15 9.891350000000000364e+03 1.904599695474089582e+00 9.886000000000000000e+03 9.895000000000000000e+03
1.000172337848725057e+00 9.899999999999985478e-01 1.443289932012703503e-15 9.891129999999999200e+03 1.868983681041651579e+00 9.886000000000000000e+03 9.895000000000000000e+03
