1.000000000000000021e-02 9.899999999999985478e-01 1.443289932012703503e-15 5.544704000000000087e+04 3.989504432683338109e+03 4.705000000000000000e+04 6.746300000000000000e+04
1.100000000000000110e-02 9.899999999999985478e-01 1.443289932012703503e-15 5.410113999999999942e+04 3.953624069180073548e+03 4.623100000000000000e+04 6.821300000000000000e+04
1.210000000000000138e-02 9.899999999999985478e-01 1.443289932012703503e-15 5.362213999999999942e+04 3.562124969789802435e+03 4.533400000000000000e+04 6.128400000000000000e+04
1.331000000000000238e-02 9.899999999999985478e-01 1.443289932012703503e-15 5.244468000000000029e+04 3.778328405207783817e+03 4.418800000000000000e+04 6.291000000000000000e+04
1.464100000000000297e-02 9.899999999999985478e-01 1.443289932012703503e-15 5.188063999999999942e+04 3.900896182981547099e+03 4.175500000000000000e+04 6.318600000000000000e+04
1.610510000000000413e-02 9.899999999999985478e-01 1.443289932012703503e-15 5.054104000000000087e+04 3.367442453613721227e+03 4.437800000000000000e+04 6.048800000000000000e+04
1.771561000000000663e-02 9.899999999999985478e-01 1.443289932012703503e-15 4.979715000000000146e+04 3.407544759427231838e+03 4.107000000000000000e+04 5.995700000000000000e+04
1.948717100000000799e-02 9.899999999999985478e-01 1.443289932012703503e-15 4.974176999999999680e+04 3.458382317948668060e+03 4.249500000000000000e+04 5.962500000000000000e+04
2.143588810000001191e-02 9.899999999999985478e-01 1.443289932012703503e-15 4.832523999999999796e+04 3.041317550404758094e+03 4.307400000000000000e+04 5.721700000000000000e+04
2.357947691000001483e-02 9.899999999999985478e-01 1.443289932012703503e-15 4.771847000000000116e+04 3.394185547241046152e+03 4.166500000000000000e+04 6.014400000000000000e+04
2.593742460100001770e-02 9.899999999999985478e-01 1.443289932012703503e-15 4.676893000000000029e+04 3.586704220464799164e+03 3.841100000000000000e+04 6.010900000000000000e+04
2.853116706110002052e-02 9.899999999999985478e-01 1.443289932012703503e-15 4.605416999999999825e+04 2.965599170673609933e+03 4.022900000000000000e+04 5.452800000000000000e+04
3.138428376721002361e-02 9.899999999999985478e-01 1.443289932012703503e-15 4.480958000000000175e+04 3.072163502094248997e+03 3.856200000000000000e+04 5.406700000000000000e+04
3.452271214393103083e-02 9.899999999999985478e-01 1.443289932012703503e-15 4.432208999999999651e+04 3.275945845385725988e+03 3.759300000000000000e+04 5.214600000000000000e+04
3.797498335832413807e-02 9.899999999999985478e-01 1.443289932012703503e-15 4.377891999999999825e+04 2.888474904443519790e+03 3.639600000000000000e+04 4.966400000000000000e+04
4.177248169415655188e-02 9.899999999999985478e-01 1.443289932012703503e-15 4.249398000000000320e+04 2.815329714189796505e+03 3.705700000000000000e+04 5.242400000000000000e+04
4.594972986357220845e-02 9.899999999999985478e-01 1.443289932012703503e-15 4.210697000000000116e+04 3.187487494736253666e+03 3.609600000000000000e+04 5.113000000000000000e+04
5.054470284992943624e-02 9.899999999999985478e-01 1.443289932012703503e-15 4.144572000000000116e+04 2.973664843522215506e+03 3.490300000000000000e+04 5.365800000000000000e+04
5.559917313492238750e-02 9.899999999999985478e-01 1.443289932012703503e-15 4.070218000000000029e+04 3.057852276942102435e+03 3.392500000000000000e+04 5.388600000000000000e+04
6.115909044841463110e-02 9.899999999999985478e-01 1.443289932012703503e-15 4.026233000000000175e+04 2.641541955203437738e+03 3.492900000000000000e+04 4.840300000000000000e+04
6.727499949325610462e-02 9.899999999999985478e-01 1.443289932012703503e-15 3.933504000000000087e+04 2.897421329113182765e+03 3.329500000000000000e+04 4.839700000000000000e+04
7.400249944258172063e-02 9.899999999999985478e-01 1.443289932012703503e-15 3.815863999999999942e+04 2.253152380643617107e+03 3.270000000000000000e+04 4.707800000000000000e+04
8.140274938683990380e-02 9.899999999999985478e-01 1.443289932012703503e-15 3.800908000000000175e+04 2.641336535468359671e+03 3.254400000000000000e+04 4.606500000000000000e+04
8.954302432552389834e-02 9.899999999999985478e-01 1.443289932012703503e-15 3.771316999999999825e+04 2.603668761785953393e+03 3.222900000000000000e+04 4.463700000000000000e+04
9.849732675807629234e-02 9.899999999999985478e-01 1.443289932012703503e-15 3.658169999999999709e+04 2.419996725204395716e+03 3.178000000000000000e+04 4.255100000000000000e+04
1.083470594338839244e-01 9.899999999999985478e-01 1.443289932012703503e-15 3.594926999999999680e+04 2.311504037872311983e+03 3.111000000000000000e+04 4.361500000000000000e+04
1.191817653772723196e-01 9.899999999999985478e-01 1.443289932012703503e-15 3.563109999999999854e+04 2.395311121754331907e+03 3.095300000000000000e+04 4.202400000000000000e+04
1.310999419149995737e-01 9.899999999999985478e-01 1.443289932012703503e-15 3.503291999999999825e+04 1.973350225783553014e+03 3.107700000000000000e+04 4.125600000000000000e+04
1.442099361064995422e-01 9.899999999999985478e-01 1.443289932012703503e-15 3.428237999999999738e+04 2.317957410221335522e+03 3.002900000000000000e+04 4.158800000000000000e+04
1.586309297171495103e-01 9.899999999999985478e-01 1.443289932012703503e-15 3.389812000000000262e+04 2.139324960261998513e+03 3.045000000000000000e+04 4.148400000000000000e+04
1.744940226888644641e-01 9.899999999999985478e-01 1.443289932012703503e-15 3.289926999999999680e+04 2.094770425870099643e+03 2.882700000000000000e+04 3.995200000000000000e+04
1.919434249577509355e-01 9.899999999999985478e-01 1.443289932012703503e-15 3.334083999999999651e+04 2.140000508037322561e+03 3.004900000000000000e+04 4.325200000000000000e+04
2.111377674535260540e-01 9.899999999999985478e-01 1.443289932012703503e-15 3.241936000000000058e+04 2.110391061012153386e+03 2.849200000000000000e+04 3.947500000000000000e+04
2.322515441988786677e-01 9.899999999999985478e-01 1.443289932012703503e-15 3.211249000000000160e+04 2.014320125973029235e+03 2.740200000000000000e+04 3.908000000000000000e+04
2.554766986187665401e-01 9.899999999999985478e-01 1.443289932012703503e-15 3.203081999999999971e+04 2.050191397796800629e+03 2.804800000000000000e+04 3.947200000000000000e+04
2.810243684806432163e-01 9.899999999999985478e-01 1.443289932012703503e-15 3.113263999999999942e+04 1.778819645270424417e+03 2.783100000000000000e+04 3.631400000000000000e+04
3.091268053287075657e-01 9.899999999999985478e-01 1.443289932012703503e-15 3.107588999999999942e+04 2.092735869119655945e+03 2.805200000000000000e+04 4.107600000000000000e+04
3.400394858615783389e-01 9.899999999999985478e-01 1.443289932012703503e-15 3.077752999999999884e+04 2.215485980343815754e+03 2.729400000000000000e+04 3.925800000000000000e+04
3.740434344477361894e-01 9.899999999999985478e-01 1.443289932012703503e-15 3.064138999999999942e+04 2.009956247757647134e+03 2.700400000000000000e+04 3.565700000000000000e+04
4.114477778925098583e-01 9.899999999999985478e-01 1.443289932012703503e-15 3.048731999999999971e+04 2.109187302635780725e+03 2.691000000000000000e+04 3.757700000000000000e+04
4.525925556817608775e-01 9.899929999999986796e-01 6.964912059746700016e-05 3.299453900000000140e+05 2.981953471479770262e+06 2.708800000000000000e+04 3.000000000000000000e+07
4.978518112499369930e-01 9.899469999999986891e-01 2.085449591814689935e-04 3.626444580000000075e+06 9.739080933553077281e+06 2.720200000000000000e+04 3.000000000000000000e+07
5.476369923749306867e-01 9.891549999999993403e-01 8.295028631656385480e-04 1.981044621999999881e+07 1.419670890803132206e+07 2.598900000000000000e+04 3.000000000000000000e+07
6.024006916124238220e-01 9.872609999999996111e-01 1.132510044105566405e-03 3.000000000000000000e+07 0.000000000000000000e+00 3.000000000000000000e+07 3.000000000000000000e+07
6.626407607736662930e-01 9.852560000000003537e-01 1.223627394266733545e-03 3.000000000000000000e+07 0.000000000000000000e+00 3.000000000000000000e+07 3.000000000000000000e+07
7.289048368510330222e-01 9.837370000000000836e-01 1.301280523177072122e-03 3.000000000000000000e+07 0.000000000000000000e+00 3.000000000000000000e+07 3.000000000000000000e+07
8.017953205361363356e-01 9.819420000000002036e-01 1.309211976724924910e-03 3.000000000000000000e+07 0.000000000000000000e+00 3.000000000000000000e+07 3.000000000000000000e+07
8.819748525897500580e-01 9.807920000000001082e-01 1.448425351890808305e-03 3.000000000000000000e+07 0.000000000000000000e+00 3.000000000000000000e+07 3.000000000000000000e+07
9.701723378487251415e-01 9.803799999999998072e-01 1.479594539054538511e-03 3.000000000000000000e+07 0.000000000000000000e+00 3.000000000000000000e+07 3.000000000000000000e+07
9.801723378487251503e-01 9.801819999999996647e-01 1.400169989679817635e-03 3.000000000000000000e+07 0.000000000000000000e+00 3.000000000000000000e+07 3.000000000000000000e+07
9.901723378487251592e-01 9.802700000000001967e-01 1.352072483264115527e-03 3.000000000000000000e+07 0.000000000000000000e+00 3.000000000000000000e+07 3.000000000000000000e+07
1.000172337848725057e+00 9.801840000000001663e-01 1.343258724148111219e-03 3.000000000000000000e+07 0.000000000000000000e+00 3.000000000000000000e+07 3.000000000000000000e+07
