1.000000000000000021e-02 9.899999999999985478e-01 1.443289932012703503e-15 5.628458999999999651e+04 4.045635999679160705e+03 4.728400000000000000e+04 6.602700000000000000e+04
1.100000000000000110e-02 9.899999999999985478e-01 1.443289932012703503e-15 5.653366999999999825e+04 4.104479591994581824e+03 4.958200000000000000e+04 7.216300000000000000e+04
1.210000000000000138e-02 9.899999999999985478e-01 1.443289932012703503e-15 5.524851000000000204e+04 3.748719572053904358e+03 4.679000000000000000e+04 6.387800000000000000e+04
1.331000000000000238e-02 9.899999999999985478e-01 1.443289932012703503e-15 5.480016999999999825e+04 3.552909278478694432e+03 4.773600000000000000e+04 6.636200000000000000e+04
1.464100000000000297e-02 9.899999999999985478e-01 1.443289932012703503e-15 5.259723000000000320e+04 3.433004966075638094e+03 4.520400000000000000e+04 6.191900000000000000e+04
1.610510000000000413e-02 9.899999999999985478e-01 1.443289932012703503e-15 5.280394999999999709e+04 3.728126747778299887e+03 4.365800000000000000e+04 6.482200000000000000e+04
1.771561000000000663e-02 9.899999999999985478e-01 1.443289932012703503e-15 5.234109999999999854e+04 3.246976456643934853e+03 4.435000000000000000e+04 6.251000000000000000e+04
1.948717100000000799e-02 9.899999999999985478e-01 1.443289932012703503e-15 5.147504000000000087e+04 3.682103379645932819e+03 4.512700000000000000e+04 6.470100000000000000e+04
2.143588810000001191e-02 9.899999999999985478e-01 1.443289932012703503e-15 5.028948999999999796e+04 3.274729150616887182e+03 4.428200000000000000e+04 5.876000000000000000e+04
2.357947691000001483e-02 9.899999999999985478e-01 1.443289932012703503e-15 4.948711000000000058e+04 3.616897313706874684e+03 4.127900000000000000e+04 5.997900000000000000e+04
2.593742460100001770e-02 9.899999999999985478e-01 1.443289932012703503e-15 4.840300000000000000e+04 3.205376907635044063e+03 4.238000000000000000e+04 5.795800000000000000e+04
2.853116706110002052e-02 9.899999999999985478e-01 1.443289932012703503e-15 4.772904000000000087e+04 3.489444749297515045e+03 4.065200000000000000e+04 5.770800000000000000e+04
3.138428376721002361e-02 9.899999999999985478e-01 1.443289932012703503e-15 4.691158999999999651e+04 2.887786470966993420e+03 4.112400000000000000e+04 5.441300000000000000e+04
3.452271214393103083e-02 9.899999999999985478e-01 1.443289932012703503e-15 4.600587999999999738e+04 2.460026553840425549e+03 4.139500000000000000e+04 5.470700000000000000e+04
3.797498335832413807e-02 9.899999999999985478e-01 1.443289932012703503e-15 4.522140000000000146e+04 2.771040811680693878e+03 4.024800000000000000e+04 5.542500000000000000e+04
4.177248169415655188e-02 9.899999999999985478e-01 1.443289932012703503e-15 4.412101999999999680e+04 3.289457417204242120e+03 3.710800000000000000e+04 6.167700000000000000e+04
4.594972986357220845e-02 9.899999999999985478e-01 1.443289932012703503e-15 4.399962000000000262e+04 3.143990889872296975e+03 3.873400000000000000e+04 5.340200000000000000e+04
5.054470284992943624e-02 9.899999999999985478e-01 1.443289932012703503e-15 4.261780000000000291e+04 2.481379608201857081e+03 3.645400000000000000e+04 4.920900000000000000e+04
5.559917313492238750e-02 9.899999999999985478e-01 1.443289932012703503e-15 4.265340000000000146e+04 2.690744785370772206e+03 3.576300000000000000e+04 5.154400000000000000e+04
6.115909044841463110e-02 9.899999999999985478e-01 1.443289932012703503e-15 4.138634999999999854e+04 2.677383526411559615e+03 3.597100000000000000e+04 4.944400000000000000e+04
6.727499949325610462e-02 9.899999999999985478e-01 1.443289932012703503e-15 4.089791999999999825e+04 2.908352635702899533e+03 3.484800000000000000e+04 4.992500000000000000e+04
7.400249944258172063e-02 9.899999999999985478e-01 1.443289932012703503e-15 4.046355999999999767e+04 2.675273475067550407e+03 3.482700000000000000e+04 4.829000000000000000e+04
8.140274938683990380e-02 9.899999999999985478e-01 1.443289932012703503e-15 3.964098999999999796e+04 2.615816994726504163e+03 3.335100000000000000e+04 4.891200000000000000e+04
8.954302432552389834e-02 9.899999999999985478e-01 1.443289932012703503e-15 3.903555999999999767e+04 2.618129306661533519e+03 3.464200000000000000e+04 4.717200000000000000e+04
9.849732675807629234e-02 9.899999999999985478e-01 1.443289932012703503e-15 3.859505000000000291e+04 2.405286400306624728e+03 3.339200000000000000e+04 4.526200000000000000e+04
1.083470594338839244e-01 9.899999999999985478e-01 1.443289932012703503e-15 3.750320999999999913e+04 2.480756837317999270e+03 3.233200000000000000e+04 4.466600000000000000e+04
1.191817653772723196e-01 9.899999999999985478e-01 1.443289932012703503e-15 3.732980999999999767e+04 2.565648521115080712e+03 3.193000000000000000e+04 4.806900000000000000e+04
1.310999419149995737e-01 9.899999999999985478e-01 1.443289932012703503e-15 3.668073000000000320e+04 2.167386628430653673e+03 3.232500000000000000e+04 4.653500000000000000e+04
1.442099361064995422e-01 9.899999999999985478e-01 1.443289932012703503e-15 3.537497000000000116e+04 1.970535513280589839e+03 3.103300000000000000e+04 4.133500000000000000e+04
1.586309297171495103e-01 9.899999999999985478e-01 1.443289932012703503e-15 3.545816000000000349e+04 2.454525366420155478e+03 3.098600000000000000e+04 4.255500000000000000e+04
1.744940226888644641e-01 9.899999999999985478e-01 1.443289932012703503e-15 3.471100000000000000e+04 2.406869506225877558e+03 2.939600000000000000e+04 4.171000000000000000e+04
1.919434249577509355e-01 9.899999999999985478e-01 1.443289932012703503e-15 3.404262000000000262e+04 1.963350965976281714e+03 2.967900000000000000e+04 4.215900000000000000e+04
2.111377674535260540e-01 9.899999999999985478e-01 1.443289932012703503e-15 3.360506999999999971e+04 2.021755283188349040e+03 2.874700000000000000e+04 3.908000000000000000e+04
2.322515441988786677e-01 9.899999999999985478e-01 1.443289932012703503e-15 3.356783000000000175e+04 2.261961105125373251e+03 2.858800000000000000e+04 3.997800000000000000e+04
2.554766986187665401e-01 9.899999999999985478e-01 1.443289932012703503e-15 3.278288999999999942e+04 2.107783109786203568e+03 2.900700000000000000e+04 3.955100000000000000e+04
2.810243684806432163e-01 9.899999999999985478e-01 1.443289932012703503e-15 3.242752000000000044e+04 1.835519901717221728e+03 2.915000000000000000e+04 3.649400000000000000e+04
3.091268053287075657e-01 9.899999999999985478e-01 1.443289932012703503e-15 3.182977999999999884e+04 1.718451888066698530e+03 2.846100000000000000e+04 3.691100000000000000e+04
3.400394858615783389e-01 9.899999999999985478e-01 1.443289932012703503e-15 3.130752000000000044e+04 1.833677367913995795e+03 2.789000000000000000e+04 3.894600000000000000e+04
3.740434344477361894e-01 9.899999999999985478e-01 1.443289932012703503e-15 3.157634000000000015e+04 2.152689142537770294e+03 2.749900000000000000e+04 3.879000000000000000e+04
4.114477778925098583e-01 9.899999999999985478e-01 1.443289932012703503e-15 3.112166999999999825e+04 2.230387258101157840e+03 2.798200000000000000e+04 4.097600000000000000e+04
4.525925556817608775e-01 9.899999999999985478e-01 1.443289932012703503e-15 3.051811999999999898e+04 1.790104741516540344e+03 2.756100000000000000e+04 3.688900000000000000e+04
4.978518112499369930e-01 9.899999999999985478e-01 1.443289932012703503e-15 3.055972999999999956e+04 2.243162338552428082e+03 2.658700000000000000e+04 3.836600000000000000e+04
5.476369923749306867e-01 9.899999999999985478e-01 1.443289932012703503e-15 3.048252999999999884e+04 2.155268050405795748e+03 2.669300000000000000e+04 4.061200000000000000e+04
6.024006916124238220e-01 9.899999999999985478e-01 1.443289932012703503e-15 2.988056000000000131e+04 2.139153862254886917e+03 2.679300000000000000e+04 3.787200000000000000e+04
6.626407607736662930e-01 9.899999999999985478e-01 1.443289932012703503e-15 2.988159999999999854e+04 1.829101380459813981e+03 2.671800000000000000e+04 3.762800000000000000e+04
7.289048368510330222e-01 9.899999999999985478e-01 1.443289932012703503e-15 2.974966999999999825e+04 1.821086060871369227e+03 2.687000000000000000e+04 3.893300000000000000e+04
8.017953205361363356e-01 9.899999999999985478e-01 1.443289932012703503e-15 2.962761999999999898e+04 1.894121695034403047e+03 2.648800000000000000e+04 3.813600000000000000e+04
8.819748525897500580e-01 9.899999999999985478e-01 1.443289932012703503e-15 2.978993999999999869e+04 2.204070392796019860e+03 2.624700000000000000e+04 3.883000000000000000e+04
9.701723378487251415e-01 9.899999999999985478e-01 1.443289932012703503e-15 2.959865999999999985e+04 1.945448345343561869e+03 2.625600000000000000e+04 3.557900000000000000e+04
9.801723378487251503e-01 9.899999999999985478e-01 1.443289932012703503e-15 2.980166999999999825e+04 2.022419383090461224e+03 2.599700000000000000e+04 3.651600000000000000e+04
9.901723378487251592e-01 9.899999999999985478e-01 1.443289932012703503e-15 2.964899000000000160e+04 2.042005575384161375e+03 2.610900000000000000e+04 3.779700000000000000e+04
1.000172337848725057e+00 9.899999999999985478e-01 1.443289932012703503e-15 2.981602000000000044e+04 2.078230126718405700e+03 2.630500000000000000e+04 3.917400000000000000e+04
