1.000000000000000021e-02 9.899999999999985478e-01 1.443289932012703503e-15 5.615890000000000146e+04 3.605220738040875858e+03 4.919700000000000000e+04 6.619100000000000000e+04
1.100000000000000110e-02 9.899999999999985478e-01 1.443289932012703503e-15 5.514672000000000116e+04 4.004477157083056682e+03 4.629700000000000000e+04 6.740900000000000000e+04
1.210000000000000138e-02 9.899999999999985478e-01 1.443289932012703503e-15 5.391323000000000320e+04 4.126438158642389681e+03 4.720500000000000000e+04 6.625600000000000000e+04
1.331000000000000238e-02 9.899999999999985478e-01 1.443289932012703503e-15 5.304145999999999913e+04 3.768158400120673377e+03 4.432200000000000000e+04 6.622300000000000000e+04
1.464100000000000297e-02 9.899999999999985478e-01 1.443289932012703503e-15 5.141794999999999709e+04 3.401297862213775261e+03 4.500000000000000000e+04 6.181500000000000000e+04
1.610510000000000413e-02 9.899999999999985478e-01 1.443289932012703503e-15 5.108316999999999825e+04 3.072154745630499747e+03 4.445500000000000000e+04 6.115300000000000000e+04
1.771561000000000663e-02 9.899999999999985478e-01 1.443289932012703503e-15 5.118787000000000262e+04 3.631916537188044458e+03 4.452300000000000000e+04 6.429300000000000000e+04
1.948717100000000799e-02 9.899999999999985478e-01 1.443289932012703503e-15 4.914762999999999738e+04 3.304941199643346863e+03 4.067300000000000000e+04 5.943900000000000000e+04
2.143588810000001191e-02 9.899999999999985478e-01 1.443289932012703503e-15 4.881848000000000320e+04 3.228199880676535940e+03 4.073200000000000000e+04 5.788900000000000000e+04
2.357947691000001483e-02 9.899999999999985478e-01 1.443289932012703503e-15 4.749487999999999738e+04 3.008132524607251980e+03 4.092200000000000000e+04 5.600100000000000000e+04
2.593742460100001770e-02 9.899999999999985478e-01 1.443289932012703503e-15 4.682313999999999942e+04 2.904950416168922857e+03 4.047200000000000000e+04 5.644200000000000000e+04
2.853116706110002052e-02 9.899999999999985478e-01 1.443289932012703503e-15 4.548458999999999651e+04 2.827859165853208196e+03 3.992700000000000000e+04 5.589400000000000000e+04
3.138428376721002361e-02 9.899999999999985478e-01 1.443289932012703503e-15 4.574673000000000320e+04 3.288450175553827194e+03 3.923700000000000000e+04 5.410700000000000000e+04
3.452271214393103083e-02 9.899999999999985478e-01 1.443289932012703503e-15 4.378987000000000262e+04 2.987482822226766075e+03 3.751100000000000000e+04 5.388100000000000000e+04
3.797498335832413807e-02 9.899999999999985478e-01 1.443289932012703503e-15 4.343959999999999854e+04 2.990656971302459169e+03 3.695400000000000000e+04 5.307100000000000000e+04
4.177248169415655188e-02 9.899999999999985478e-01 1.443289932012703503e-15 4.310505000000000291e+04 3.133963970357668586e+03 3.683200000000000000e+04 5.063200000000000000e+04
4.594972986357220845e-02 9.899999999999985478e-01 1.443289932012703503e-15 4.237800000000000000e+04 2.696764476182523595e+03 3.650000000000000000e+04 4.937700000000000000e+04
5.054470284992943624e-02 9.899999999999985478e-01 1.443289932012703503e-15 4.169698000000000320e+04 2.889791577190300359e+03 3.503100000000000000e+04 5.088800000000000000e+04
5.559917313492238750e-02 9.899999999999985478e-01 1.443289932012703503e-15 4.071970999999999913e+04 2.634873838706513652e+03 3.525300000000000000e+04 4.731400000000000000e+04
6.115909044841463110e-02 9.899999999999985478e-01 1.443289932012703503e-15 3.986884999999999854e+04 2.493283611525170727e+03 3.342100000000000000e+04 4.759100000000000000e+04
6.727499949325610462e-02 9.899999999999985478e-01 1.443289932012703503e-15 3.978758999999999651e+04 2.754985709926640538e+03 3.317900000000000000e+04 4.757400000000000000e+04
7.400249944258172063e-02 9.899999999999985478e-01 1.443289932012703503e-15 3.917350000000000000e+04 2.724458105752408301e+03 3.335200000000000000e+04 4.931800000000000000e+04
8.140274938683990380e-02 9.899999999999985478e-01 1.443289932012703503e-15 3.799756999999999971e+04 2.818638966788759262e+03 3.289900000000000000e+04 4.816800000000000000e+04
8.954302432552389834e-02 9.899999999999985478e-01 1.443289932012703503e-15 3.717022000000000116e+04 2.447794536230522226e+03 3.286900000000000000e+04 4.930500000000000000e+04
9.849732675807629234e-02 9.899999999999985478e-01 1.443289932012703503e-15 3.639505000000000291e+04 2.370365416449540135e+03 3.222100000000000000e+04 4.545000000000000000e+04
1.083470594338839244e-01 9.899999999999985478e-01 1.443289932012703503e-15 3.632662999999999738e+04 2.382797413356830020e+03 3.184800000000000000e+04 4.300300000000000000e+04
1.191817653772723196e-01 9.899999999999985478e-01 1.443289932012703503e-15 3.558095999999999913e+04 2.361524308238218964e+03 3.079300000000000000e+04 4.136700000000000000e+04
1.310999419149995737e-01 9.899999999999985478e-01 1.443289932012703503e-15 3.498630000000000291e+04 2.219139272330603490e+03 3.052300000000000000e+04 4.232800000000000000e+04
1.442099361064995422e-01 9.899999999999985478e-01 1.443289932012703503e-15 3.464800000000000000e+04 2.284499586342707062e+03 2.938100000000000000e+04 4.106300000000000000e+04
1.586309297171495103e-01 9.899999999999985478e-01 1.443289932012703503e-15 3.390219999999999709e+04 2.434924105593437162e+03 2.949800000000000000e+04 4.613600000000000000e+04
1.744940226888644641e-01 9.899999999999985478e-01 1.443289932012703503e-15 3.319088999999999942e+04 1.892140501627719459e+03 2.894600000000000000e+04 4.082400000000000000e+04
1.919434249577509355e-01 9.899999999999985478e-01 1.443289932012703503e-15 3.295377999999999884e+04 2.066696448828418852e+03 2.854700000000000000e+04 3.920200000000000000e+04
2.111377674535260540e-01 9.899999999999985478e-01 1.443289932012703503e-15 3.223318000000000029e+04 1.957539442156913537e+03 2.864700000000000000e+04 3.773100000000000000e+04
2.322515441988786677e-01 9.899999999999985478e-01 1.443289932012703503e-15 3.182577000000000044e+04 2.282643716636478985e+03 2.756500000000000000e+04 3.949400000000000000e+04
2.554766986187665401e-01 9.899999999999985478e-01 1.443289932012703503e-15 3.166933000000000175e+04 1.785999849132132567e+03 2.816100000000000000e+04 3.727600000000000000e+04
2.810243684806432163e-01 9.899999999999985478e-01 1.443289932012703503e-15 3.113679999999999927e+04 1.683699628793686998e+03 2.795800000000000000e+04 3.531900000000000000e+04
3.091268053287075657e-01 9.899999999999985478e-01 1.443289932012703503e-15 3.082025999999999840e+04 1.924934028064338463e+03 2.758400000000000000e+04 3.629900000000000000e+04
3.400394858615783389e-01 9.899999999999985478e-01 1.443289932012703503e-15 3.006165999999999985e+04 1.885469459948900976e+03 2.692200000000000000e+04 3.630000000000000000e+04
3.740434344477361894e-01 9.899999999999985478e-01 1.443289932012703503e-15 3.015231999999999971e+04 1.955005482754459990e+03 2.691800000000000000e+04 3.644600000000000000e+04
4.114477778925098583e-01 9.899999999999985478e-01 1.443289932012703503e-15 2.974588000000000102e+04 1.823483305544637915e+03 2.570500000000000000e+04 3.457300000000000000e+04
4.525925556817608775e-01 9.899999999999985478e-01 1.443289932012703503e-15 2.939065999999999985e+04 1.753477882495242739e+03 2.661400000000000000e+04 3.612500000000000000e+04
4.978518112499369930e-01 9.899999999999985478e-01 1.443289932012703503e-15 2.924286999999999898e+04 1.663826899980884264e+03 2.543700000000000000e+04 3.378600000000000000e+04
5.476369923749306867e-01 9.899999999999985478e-01 1.443289932012703503e-15 2.924361999999999898e+04 2.006944846177891122e+03 2.441500000000000000e+04 3.633600000000000000e+04
6.024006916124238220e-01 9.899999999999985478e-01 1.443289932012703503e-15 2.908588000000000102e+04 1.686079946384511913e+03 2.568400000000000000e+04 3.507200000000000000e+04
6.626407607736662930e-01 9.899999999999985478e-01 1.443289932012703503e-15 2.890609000000000015e+04 2.088027514641510152e+03 2.590700000000000000e+04 3.599900000000000000e+04
7.289048368510330222e-01 9.899999999999985478e-01 1.443289932012703503e-15 2.903824000000000160e+04 2.080454398058269817e+03 2.541900000000000000e+04 4.087400000000000000e+04
8.017953205361363356e-01 9.899999999999985478e-01 1.443289932012703503e-15 2.889640000000000146e+04 2.476087470183555979e+03 2.548700000000000000e+04 4.087600000000000000e+04
8.819748525897500580e-01 9.899999999999985478e-01 1.443289932012703503e-15 2.896449000000000160e+04 2.008897759942004086e+03 2.541300000000000000e+04 3.572500000000000000e+04
9.701723378487251415e-01 9.899999999999985478e-01 1.443289932012703503e-15 2.911629999999999927e+04 2.041465334018679641e+03 2.604500000000000000e+04 3.707000000000000000e+04
9.801723378487251503e-01 9.899999999999985478e-01 1.443289932012703503e-15 2.895652000000000044e+04 1.783011186055769485e+03 2.646400000000000000e+04 3.478700000000000000e+04
9.901723378487251592e-01 9.899999999999985478e-01 1.443289932012703503e-15 2.859461999999999898e+04 1.707912742384692137e+03 2.543200000000000000e+04 3.692800000000000000e+04
1.000172337848725057e+00 9.899999999999985478e-01 1.443289932012703503e-15 2.908443000000000029e+04 1.966809422669110063e+03 2.560800000000000000e+04 3.575600000000000000e+04
