1.000000000000000021e-02 9.899999999999985478e-01 1.443289932012703503e-15 5.105538999999999942e+04 3.523811649038580981e+03 4.411100000000000000e+04 5.954700000000000000e+04
1.100000000000000110e-02 9.899999999999985478e-01 1.443289932012703503e-15 4.998833999999999651e+04 4.042350430677675377e+03 4.150900000000000000e+04 6.471700000000000000e+04
1.210000000000000138e-02 9.899999999999985478e-01 1.443289932012703503e-15 5.049118000000000029e+04 4.421448564396061556e+03 4.167800000000000000e+04 6.230300000000000000e+04
1.331000000000000238e-02 9.899999999999985478e-01 1.443289932012703503e-15 4.884955999999999767e+04 4.228105231235381325e+03 3.987100000000000000e+04 6.122400000000000000e+04
1.464100000000000297e-02 9.899999999999985478e-01 1.443289932012703503e-15 4.716762000000000262e+04 3.384548025305593910e+03 4.004700000000000000e+04 5.916800000000000000e+04
1.610510000000000413e-02 9.899999999999985478e-01 1.443289932012703503e-15 4.699383000000000175e+04 3.338056908008009941e+03 4.076200000000000000e+04 5.684500000000000000e+04
1.771561000000000663e-02 9.899999999999985478e-01 1.443289932012703503e-15 4.579858000000000175e+04 3.212862720939068822e+03 3.963400000000000000e+04 5.573200000000000000e+04
1.948717100000000799e-02 9.899999999999985478e-01 1.443289932012703503e-15 4.519263999999999942e+04 2.973691868771880308e+03 3.818500000000000000e+04 5.302400000000000000e+04
2.143588810000001191e-02 9.899999999999985478e-01 1.443289932012703503e-15 4.381073999999999796e+04 3.597890572599450479e+03 3.805600000000000000e+04 5.679200000000000000e+04
2.357947691000001483e-02 9.899999999999985478e-01 1.443289932012703503e-15 4.420716999999999825e+04 3.857483114817224759e+03 3.579000000000000000e+04 5.381000000000000000e+04
2.593742460100001770e-02 9.899999999999985478e-01 1.443289932012703503e-15 4.255170999999999913e+04 3.438275423217285606e+03 3.538300000000000000e+04 5.381300000000000000e+04
2.853116706110002052e-02 9.899999999999985478e-01 1.443289932012703503e-15 4.138419000000000233e+04 2.991863608839815242e+03 3.546300000000000000e+04 5.094100000000000000e+04
3.138428376721002361e-02 9.899999999999985478e-01 1.443289932012703503e-15 4.058944999999999709e+04 3.728773069992326782e+03 3.187000000000000000e+04 5.535700000000000000e+04
3.452271214393103083e-02 9.899999999999985478e-01 1.443289932012703503e-15 3.954123999999999796e+04 2.865376282864085169e+03 3.334400000000000000e+04 4.777600000000000000e+04
3.797498335832413807e-02 9.899999999999985478e-01 1.443289932012703503e-15 3.957944999999999709e+04 2.972214212922750448e+03 3.379800000000000000e+04 4.773800000000000000e+04
4.177248169415655188e-02 9.899999999999985478e-01 1.443289932012703503e-15 3.898800000000000000e+04 3.574574704772583118e+03 3.257400000000000000e+04 5.604700000000000000e+04
4.594972986357220845e-02 9.899999999999985478e-01 1.443289932012703503e-15 3.805991999999999825e+04 2.689770096792661661e+03 3.144400000000000000e+04 4.472700000000000000e+04
5.054470284992943624e-02 9.899999999999985478e-01 1.443289932012703503e-15 3.776250000000000000e+04 2.742619548898461289e+03 3.230100000000000000e+04 4.537400000000000000e+04
5.559917313492238750e-02 9.899999999999985478e-01 1.443289932012703503e-15 3.633059999999999854e+04 2.633841365762182704e+03 3.072400000000000000e+04 4.363500000000000000e+04
6.115909044841463110e-02 9.899999999999985478e-01 1.443289932012703503e-15 3.594175000000000000e+04 2.560139896079899700e+03 3.059300000000000000e+04 4.523000000000000000e+04
6.727499949325610462e-02 9.899999999999985478e-01 1.443289932012703503e-15 3.454100000000000000e+04 2.541828334093394460e+03 2.997500000000000000e+04 4.161200000000000000e+04
7.400249944258172063e-02 9.899999999999985478e-01 1.443289932012703503e-15 3.410311000000000058e+04 2.254288508132887728e+03 2.954300000000000000e+04 4.047700000000000000e+04
8.140274938683990380e-02 9.899999999999985478e-01 1.443289932012703503e-15 3.346055000000000291e+04 2.496972384208523636e+03 2.744900000000000000e+04 3.934100000000000000e+04
8.954302432552389834e-02 9.899999999999985478e-01 1.443289932012703503e-15 3.296288999999999942e+04 2.409104683881545498e+03 2.851100000000000000e+04 4.122200000000000000e+04
9.849732675807629234e-02 9.899999999999985478e-01 1.443289932012703503e-15 3.217379000000000087e+04 2.359990158009138668e+03 2.733000000000000000e+04 4.037000000000000000e+04
1.083470594338839244e-01 9.899999999999985478e-01 1.443289932012703503e-15 3.188083000000000175e+04 2.260920879000412697e+03 2.726500000000000000e+04 3.922300000000000000e+04
1.191817653772723196e-01 9.899999999999985478e-01 1.443289932012703503e-15 3.096015999999999985e+04 2.795178207986030884e+03 2.631600000000000000e+04 4.544600000000000000e+04
1.310999419149995737e-01 9.899999999999985478e-01 1.443289932012703503e-15 3.025318000000000029e+04 2.142067442355632011e+03 2.610000000000000000e+04 3.574500000000000000e+04
1.442099361064995422e-01 9.899999999999985478e-01 1.443289932012703503e-15 2.973084000000000015e+04 2.298290894208128975e+03 2.409900000000000000e+04 3.774000000000000000e+04
1.586309297171495103e-01 9.899999999999985478e-01 1.443289932012703503e-15 2.950347999999999956e+04 2.298838613213202734e+03 2.540000000000000000e+04 3.712500000000000000e+04
1.744940226888644641e-01 9.899999999999985478e-01 1.443289932012703503e-15 2.876506000000000131e+04 1.998574175856378133e+03 2.402500000000000000e+04 3.451500000000000000e+04
1.919434249577509355e-01 9.899999999999985478e-01 1.443289932012703503e-15 2.864315999999999985e+04 2.258979772906344351e+03 2.453000000000000000e+04 3.900400000000000000e+04
2.111377674535260540e-01 9.899999999999985478e-01 1.443289932012703503e-15 2.758215000000000146e+04 1.706242188993109721e+03 2.396000000000000000e+04 3.218700000000000000e+04
2.322515441988786677e-01 9.899999999999985478e-01 1.443289932012703503e-15 2.783929000000000087e+04 2.331676942867514299e+03 2.323700000000000000e+04 3.726900000000000000e+04
2.554766986187665401e-01 9.899999999999985478e-01 1.443289932012703503e-15 2.679379999999999927e+04 2.192860638526762614e+03 2.279300000000000000e+04 3.509000000000000000e+04
2.810243684806432163e-01 9.899999999999985478e-01 1.443289932012703503e-15 2.640950999999999840e+04 2.093574295290233749e+03 2.244900000000000000e+04 3.359300000000000000e+04
3.091268053287075657e-01 9.899999999999985478e-01 1.443289932012703503e-15 2.641129000000000087e+04 1.932990363633507741e+03 2.244100000000000000e+04 3.201900000000000000e+04
3.400394858615783389e-01 9.899999999999985478e-01 1.443289932012703503e-15 2.586645000000000073e+04 1.869384718965039156e+03 2.300300000000000000e+04 3.153700000000000000e+04
3.740434344477361894e-01 9.899999999999985478e-01 1.443289932012703503e-15 2.526270000000000073e+04 2.390267652377030117e+03 2.211300000000000000e+04 3.782100000000000000e+04
4.114477778925098583e-01 9.899999999999985478e-01 1.443289932012703503e-15 2.513979000000000087e+04 1.814289476875175978e+03 2.191200000000000000e+04 3.043400000000000000e+04
4.525925556817608775e-01 9.899999999999985478e-01 1.443289932012703503e-15 2.487800000000000000e+04 1.826592773444590193e+03 2.146500000000000000e+04 3.048700000000000000e+04
4.978518112499369930e-01 9.899999999999985478e-01 1.443289932012703503e-15 2.446222000000000116e+04 1.731553710284494628e+03 2.139800000000000000e+04 2.993900000000000000e+04
5.476369923749306867e-01 9.899999999999985478e-01 1.443289932012703503e-15 2.408161999999999898e+04 1.663799127178518575e+03 2.107000000000000000e+04 2.947500000000000000e+04
6.024006916124238220e-01 9.899999999999985478e-01 1.443289932012703503e-15 2.421368000000000029e+04 1.969594186019038943e+03 2.119000000000000000e+04 3.102300000000000000e+04
6.626407607736662930e-01 9.899999999999985478e-01 1.443289932012703503e-15 2.443593000000000029e+04 1.962409983948308991e+03 2.039200000000000000e+04 3.105800000000000000e+04
7.289048368510330222e-01 9.899999999999985478e-01 1.443289932012703503e-15 2.412122999999999956e+04 2.082812227998481376e+03 2.098400000000000000e+04 3.228300000000000000e+04
8.017953205361363356e-01 9.899999999999985478e-01 1.443289932012703503e-15 2.391804999999999927e+04 1.743436178212441064e+03 2.125700000000000000e+04 2.887500000000000000e+04
8.819748525897500580e-01 9.899999999999985478e-01 1.443289932012703503e-15 2.389041999999999825e+04 2.028492697448033596e+03 2.077200000000000000e+04 3.145200000000000000e+04
9.701723378487251415e-01 9.899999999999985478e-01 1.443289932012703503e-15 2.413729999999999927e+04 2.001133426336185494e+03 2.078000000000000000e+04 3.078700000000000000e+04
9.801723378487251503e-01 9.899999999999985478e-01 1.443289932012703503e-15 2.366413000000000102e+04 1.947631790945095872e+03 2.046500000000000000e+04 3.070800000000000000e+04
9.901723378487251592e-01 9.899999999999985478e-01 1.443289932012703503e-15 2.397261999999999898e+04 1.881228246545325419e+03 2.012600000000000000e+04 3.017400000000000000e+04
1.000172337848725057e+00 9.899999999999985478e-01 1.443289932012703503e-15 2.400029999999999927e+04 1.798427788375168348e+03 2.111400000000000000e+04 3.064400000000000000e+04
