1.000000000000000021e-02 9.899999999999985478e-01 1.443289932012703503e-15 5.810197000000000116e+04 3.899133676741540512e+03 5.076100000000000000e+04 7.090100000000000000e+04
1.100000000000000110e-02 9.899999999999985478e-01 1.443289932012703503e-15 5.683381999999999971e+04 3.405266275579634566e+03 4.768900000000000000e+04 6.523100000000000000e+04
1.210000000000000138e-02 9.899999999999985478e-01 1.443289932012703503e-15 5.596381999999999971e+04 3.617575614634750764e+03 4.673200000000000000e+04 6.572600000000000000e+04
1.331000000000000238e-02 9.899999999999985478e-01 1.443289932012703503e-15 5.426337000000000262e+04 3.292376010284973290e+03 4.758000000000000000e+04 6.117700000000000000e+04
1.464100000000000297e-02 9.899999999999985478e-01 1.443289932012703503e-15 5.391020999999999913e+04 3.412212927983832742e+03 4.552900000000000000e+04 6.493000000000000000e+04
1.610510000000000413e-02 9.899999999999985478e-01 1.443289932012703503e-15 5.323761000000000058e+04 3.870319766879733834e+03 4.510000000000000000e+04 6.422300000000000000e+04
1.771561000000000663e-02 9.899999999999985478e-01 1.443289932012703503e-15 5.169683999999999651e+04 3.161249672898362405e+03 4.454900000000000000e+04 5.907900000000000000e+04
1.948717100000000799e-02 9.899999999999985478e-01 1.443289932012703503e-15 5.138001000000000204e+04 3.745562642634615258e+03 4.390200000000000000e+04 6.309800000000000000e+04
2.143588810000001191e-02 9.899999999999985478e-01 1.443289932012703503e-15 5.060433999999999651e+04 3.378555339845716389e+03 4.187100000000000000e+04 5.741500000000000000e+04
2.357947691000001483e-02 9.899999999999985478e-01 1.443289932012703503e-15 4.891897000000000116e+04 2.899220810683450054e+03 4.186900000000000000e+04 5.940900000000000000e+04
2.593742460100001770e-02 9.899999999999985478e-01 1.443289932012703503e-15 4.857286000000000058e+04 3.421267668628106549e+03 4.100700000000000000e+04 5.671500000000000000e+04
2.853116706110002052e-02 9.899999999999985478e-01 1.443289932012703503e-15 4.821633000000000175e+04 3.213750152252038333e+03 4.195700000000000000e+04 5.801400000000000000e+04
3.138428376721002361e-02 9.899999999999985478e-01 1.443289932012703503e-15 4.727333000000000175e+04 2.975305749179401573e+03 3.974400000000000000e+04 5.474000000000000000e+04
3.452271214393103083e-02 9.899999999999985478e-01 1.443289932012703503e-15 4.594320999999999913e+04 2.803349319278637267e+03 3.917800000000000000e+04 5.341800000000000000e+04
3.797498335832413807e-02 9.899999999999985478e-01 1.443289932012703503e-15 4.559634999999999854e+04 3.305029616735680975e+03 3.934100000000000000e+04 5.901700000000000000e+04
4.177248169415655188e-02 9.899999999999985478e-01 1.443289932012703503e-15 4.479280999999999767e+04 2.870793791601898192e+03 3.844000000000000000e+04 5.286300000000000000e+04
4.594972986357220845e-02 9.899999999999985478e-01 1.443289932012703503e-15 4.387051999999999680e+04 2.734033882306508985e+03 3.824900000000000000e+04 5.568400000000000000e+04
5.054470284992943624e-02 9.899999999999985478e-01 1.443289932012703503e-15 4.301834999999999854e+04 2.791328964400290715e+03 3.785000000000000000e+04 4.983000000000000000e+04
5.559917313492238750e-02 9.899999999999985478e-01 1.443289932012703503e-15 4.246016999999999825e+04 2.939077239730183919e+03 3.709600000000000000e+04 5.210100000000000000e+04
6.115909044841463110e-02 9.899999999999985478e-01 1.443289932012703503e-15 4.261991999999999825e+04 2.520551648667410063e+03 3.677600000000000000e+04 5.080100000000000000e+04
6.727499949325610462e-02 9.899999999999985478e-01 1.443289932012703503e-15 4.144083999999999651e+04 3.164012211480860060e+03 3.635100000000000000e+04 5.198000000000000000e+04
7.400249944258172063e-02 9.899999999999985478e-01 1.443289932012703503e-15 4.069131999999999971e+04 2.680553513287880378e+03 3.607800000000000000e+04 4.807700000000000000e+04
8.140274938683990380e-02 9.899999999999985478e-01 1.443289932012703503e-15 3.965015000000000146e+04 2.084752768915297565e+03 3.346100000000000000e+04 4.604800000000000000e+04
8.954302432552389834e-02 9.899999999999985478e-01 1.443289932012703503e-15 3.915391000000000349e+04 2.532987319727439626e+03 3.448100000000000000e+04 4.651900000000000000e+04
9.849732675807629234e-02 9.899999999999985478e-01 1.443289932012703503e-15 3.896022000000000116e+04 2.729517325755598904e+03 3.453900000000000000e+04 4.699600000000000000e+04
1.083470594338839244e-01 9.899999999999985478e-01 1.443289932012703503e-15 3.822980000000000291e+04 2.471745937591482743e+03 3.214000000000000000e+04 4.667000000000000000e+04
1.191817653772723196e-01 9.899999999999985478e-01 1.443289932012703503e-15 3.750083999999999651e+04 2.281281173902068531e+03 3.356800000000000000e+04 4.414200000000000000e+04
1.310999419149995737e-01 9.899999999999985478e-01 1.443289932012703503e-15 3.645625000000000000e+04 2.432781792002726888e+03 3.142100000000000000e+04 4.296800000000000000e+04
1.442099361064995422e-01 9.899999999999985478e-01 1.443289932012703503e-15 3.611829000000000087e+04 2.220581245057248907e+03 3.195600000000000000e+04 4.473800000000000000e+04
1.586309297171495103e-01 9.899999999999985478e-01 1.443289932012703503e-15 3.570661000000000058e+04 2.246111857833443082e+03 3.147300000000000000e+04 4.359200000000000000e+04
1.744940226888644641e-01 9.899999999999985478e-01 1.443289932012703503e-15 3.511875000000000000e+04 2.534433614735252831e+03 3.113600000000000000e+04 4.728200000000000000e+04
1.919434249577509355e-01 9.899999999999985478e-01 1.443289932012703503e-15 3.428629000000000087e+04 1.975081954223672255e+03 2.968800000000000000e+04 3.943600000000000000e+04
2.111377674535260540e-01 9.899999999999985478e-01 1.443289932012703503e-15 3.395668000000000029e+04 2.115952130271381975e+03 2.990800000000000000e+04 3.987400000000000000e+04
2.322515441988786677e-01 9.899999999999985478e-01 1.443289932012703503e-15 3.343633000000000175e+04 2.315347581055596038e+03 2.929500000000000000e+04 4.122900000000000000e+04
2.554766986187665401e-01 9.899999999999985478e-01 1.443289932012703503e-15 3.275404000000000087e+04 1.968255953477595540e+03 2.935200000000000000e+04 3.870200000000000000e+04
2.810243684806432163e-01 9.899999999999985478e-01 1.443289932012703503e-15 3.273561000000000058e+04 2.448661817789463839e+03 2.911200000000000000e+04 4.192600000000000000e+04
3.091268053287075657e-01 9.899999999999985478e-01 1.443289932012703503e-15 3.207631999999999971e+04 1.832506086647463007e+03 2.891300000000000000e+04 3.733500000000000000e+04
3.400394858615783389e-01 9.899999999999985478e-01 1.443289932012703503e-15 3.174041999999999825e+04 2.574705288688397104e+03 2.809200000000000000e+04 4.330400000000000000e+04
3.740434344477361894e-01 9.899999999999985478e-01 1.443289932012703503e-15 3.139731000000000131e+04 1.847966204750509178e+03 2.761300000000000000e+04 3.775500000000000000e+04
4.114477778925098583e-01 9.899999999999985478e-01 1.443289932012703503e-15 3.150697000000000116e+04 2.079796247015558038e+03 2.850200000000000000e+04 3.852900000000000000e+04
4.525925556817608775e-01 9.899999999999985478e-01 1.443289932012703503e-15 3.081147000000000116e+04 2.156856798468549187e+03 2.738400000000000000e+04 3.832600000000000000e+04
4.978518112499369930e-01 9.899999999999985478e-01 1.443289932012703503e-15 3.043713000000000102e+04 2.370330456518668143e+03 2.682300000000000000e+04 4.232700000000000000e+04
5.476369923749306867e-01 9.899999999999985478e-01 1.443289932012703503e-15 3.002443000000000029e+04 1.717919906485747561e+03 2.743700000000000000e+04 3.643500000000000000e+04
6.024006916124238220e-01 9.899999999999985478e-01 1.443289932012703503e-15 3.028561999999999898e+04 2.170354670462871582e+03 2.696900000000000000e+04 4.345400000000000000e+04
6.626407607736662930e-01 9.899999999999985478e-01 1.443289932012703503e-15 3.032625999999999840e+04 1.989447574679966692e+03 2.656900000000000000e+04 3.772300000000000000e+04
7.289048368510330222e-01 9.899999999999985478e-01 1.443289932012703503e-15 2.981609999999999854e+04 1.757133668791307628e+03 2.688300000000000000e+04 3.592100000000000000e+04
8.017953205361363356e-01 9.899999999999985478e-01 1.443289932012703503e-15 2.982950000000000000e+04 2.093238354798611908e+03 2.667200000000000000e+04 3.927500000000000000e+04
8.819748525897500580e-01 9.899999999999985478e-01 1.443289932012703503e-15 2.989740000000000146e+04 2.068097971567111017e+03 2.688400000000000000e+04 3.798400000000000000e+04
9.701723378487251415e-01 9.899999999999985478e-01 1.443289932012703503e-15 2.974450000000000000e+04 1.992034113663719381e+03 2.657500000000000000e+04 3.667100000000000000e+04
9.801723378487251503e-01 9.899999999999985478e-01 1.443289932012703503e-15 2.988670000000000073e+04 2.219151371583289801e+03 2.656600000000000000e+04 3.852500000000000000e+04
9.901723378487251592e-01 9.899999999999985478e-01 1.443289932012703503e-15 2.980968000000000029e+04 1.853067434714667797e+03 2.635100000000000000e+04 3.601600000000000000e+04
1.000172337848725057e+00 9.899999999999985478e-01 1.443289932012703503e-15 2.947533000000000175e+04 1.824079357127863432e+03 2.680400000000000000e+04 3.572100000000000000e+04
