1.000000000000000021e-02 9.899969999999987946e-01 2.215851980615786467e-05 6.565651400000000140e+05 4.191921371476348490e+06 4.748600000000000000e+04 3.000000000000000000e+07
1.100000000000000110e-02 9.899999999999985478e-01 1.443289932012703503e-15 5.721151999999999680e+04 4.032875796450964117e+03 4.948000000000000000e+04 6.821300000000000000e+04
1.210000000000000138e-02 9.899999999999985478e-01 1.443289932012703503e-15 5.627091000000000349e+04 3.708575605525657465e+03 4.794000000000000000e+04 6.529300000000000000e+04
1.331000000000000238e-02 9.899969999999985726e-01 2.984962311319527321e-05 3.546469899999999907e+05 2.979471754174194299e+06 4.791300000000000000e+04 3.000000000000000000e+07
1.464100000000000297e-02 9.899979999999986013e-01 1.989974874213014939e-05 3.537574699999999721e+05 2.979561990798763931e+06 4.726800000000000000e+04 3.000000000000000000e+07
1.610510000000000413e-02 9.899999999999985478e-01 1.443289932012703503e-15 5.364669000000000233e+04 3.417020200979210131e+03 4.575400000000000000e+04 6.248400000000000000e+04
1.771561000000000663e-02 9.899999999999985478e-01 1.443289932012703503e-15 5.281244999999999709e+04 3.217683789234113192e+03 4.409300000000000000e+04 6.512300000000000000e+04
1.948717100000000799e-02 9.899999999999985478e-01 1.443289932012703503e-15 5.162255999999999767e+04 2.825776036135915547e+03 4.543400000000000000e+04 6.018500000000000000e+04
2.143588810000001191e-02 9.899999999999985478e-01 1.443289932012703503e-15 5.105187000000000262e+04 2.977481847652476063e+03 4.415500000000000000e+04 5.931300000000000000e+04
2.357947691000001483e-02 9.899999999999985478e-01 1.443289932012703503e-15 5.074055000000000291e+04 3.599333411549977427e+03 4.498600000000000000e+04 6.372000000000000000e+04
2.593742460100001770e-02 9.899999999999985478e-01 1.443289932012703503e-15 4.933688999999999942e+04 3.071429393279292071e+03 4.370200000000000000e+04 5.915000000000000000e+04
2.853116706110002052e-02 9.899999999999985478e-01 1.443289932012703503e-15 4.852327999999999884e+04 3.194392067608483103e+03 4.140200000000000000e+04 5.575800000000000000e+04
3.138428376721002361e-02 9.899799999999986388e-01 1.989974874213242418e-04 3.464288800000000047e+05 2.980297360726236366e+06 4.102200000000000000e+04 3.000000000000000000e+07
3.452271214393103083e-02 9.899909999999985111e-01 8.954886933959682767e-05 3.465153400000000256e+05 2.980288974824097008e+06 3.905300000000000000e+04 3.000000000000000000e+07
3.797498335832413807e-02 9.899999999999985478e-01 1.443289932012703503e-15 4.610466999999999825e+04 3.220122917079408580e+03 3.907200000000000000e+04 5.979400000000000000e+04
4.177248169415655188e-02 9.899779999999986924e-01 2.188972361634545030e-04 3.447789099999999744e+05 2.980463525392757263e+06 3.903700000000000000e+04 3.000000000000000000e+07
4.594972986357220845e-02 9.899879999999986468e-01 1.193984924527923956e-04 3.442649299999999930e+05 2.980514925030741375e+06 3.811200000000000000e+04 3.000000000000000000e+07
5.054470284992943624e-02 9.899999999999985478e-01 1.443289932012703503e-15 4.345322000000000116e+04 2.658832212005864221e+03 3.885000000000000000e+04 5.171400000000000000e+04
5.559917313492238750e-02 9.899999999999985478e-01 1.443289932012703503e-15 4.286305999999999767e+04 2.666907324299065749e+03 3.734700000000000000e+04 5.043000000000000000e+04
6.115909044841463110e-02 9.899999999999985478e-01 1.443289932012703503e-15 4.278409999999999854e+04 2.806878282006543031e+03 3.717000000000000000e+04 4.994300000000000000e+04
6.727499949325610462e-02 9.899999999999985478e-01 1.443289932012703503e-15 4.145822000000000116e+04 2.530335999743907450e+03 3.556700000000000000e+04 4.937600000000000000e+04
7.400249944258172063e-02 9.899999999999985478e-01 1.443289932012703503e-15 4.161558000000000175e+04 2.446707621192201259e+03 3.653500000000000000e+04 4.805900000000000000e+04
8.140274938683990380e-02 9.899999999999985478e-01 1.443289932012703503e-15 4.051361000000000058e+04 2.774768901710554928e+03 3.469500000000000000e+04 4.858000000000000000e+04
8.954302432552389834e-02 9.899719999999987419e-01 2.337006632425292182e-04 6.390863900000000140e+05 4.194416908064985648e+06 3.398200000000000000e+04 3.000000000000000000e+07
9.849732675807629234e-02 9.899999999999985478e-01 1.443289932012703503e-15 3.959955999999999767e+04 2.725824929521336344e+03 3.493900000000000000e+04 4.971200000000000000e+04
1.083470594338839244e-01 9.899799999999987499e-01 1.157583690279035299e-04 9.375287299999999814e+05 5.111017146756615490e+06 3.404700000000000000e+04 3.000000000000000000e+07
1.191817653772723196e-01 9.899619999999987874e-01 1.798777362543760143e-04 1.836140030000000028e+06 7.115475075220630504e+06 3.362400000000000000e+04 3.000000000000000000e+07
1.310999419149995737e-01 9.897199999999987119e-01 7.876547467006079660e-04 6.329965190000000410e+06 1.220379786664817482e+07 3.266000000000000000e+04 3.000000000000000000e+07
1.442099361064995422e-01 9.893539999999991785e-01 1.405945944906846585e-03 1.382013098000000045e+07 1.493334303579494171e+07 3.355700000000000000e+04 3.000000000000000000e+07
1.586309297171495103e-01 9.884319999999999773e-01 1.463549110894468274e-03 2.400760107999999821e+07 1.198479786274223588e+07 3.524900000000000000e+04 3.000000000000000000e+07
1.744940226888644641e-01 9.858969999999999123e-01 1.854586476819017945e-03 2.970036816000000015e+07 2.981299165571406484e+06 3.681600000000000000e+04 3.000000000000000000e+07
1.919434249577509355e-01 9.836669999999996250e-01 1.898475967717262606e-03 3.000000000000000000e+07 0.000000000000000000e+00 3.000000000000000000e+07 3.000000000000000000e+07
2.111377674535260540e-01 9.809919999999999751e-01 1.884286602404214176e-03 3.000000000000000000e+07 0.000000000000000000e+00 3.000000000000000000e+07 3.000000000000000000e+07
2.322515441988786677e-01 9.774939999999999740e-01 2.061155986333878132e-03 3.000000000000000000e+07 0.000000000000000000e+00 3.000000000000000000e+07 3.000000000000000000e+07
2.554766986187665401e-01 9.732029999999999292e-01 2.172162747125548979e-03 3.000000000000000000e+07 0.000000000000000000e+00 3.000000000000000000e+07 3.000000000000000000e+07
2.810243684806432163e-01 9.682110000000002659e-01 1.883342507352289176e-03 3.000000000000000000e+07 0.000000000000000000e+00 3.000000000000000000e+07 3.000000000000000000e+07
3.091268053287075657e-01 9.629000000000002002e-01 1.989422026619793848e-03 3.000000000000000000e+07 0.000000000000000000e+00 3.000000000000000000e+07 3.000000000000000000e+07
3.400394858615783389e-01 9.571699999999995212e-01 2.357689546992986981e-03 3.000000000000000000e+07 0.000000000000000000e+00 3.000000000000000000e+07 3.000000000000000000e+07
3.740434344477361894e-01 9.507000000000001005e-01 2.688791550120612963e-03 3.000000000000000000e+07 0.000000000000000000e+00 3.000000000000000000e+07 3.000000000000000000e+07
4.114477778925098583e-01 9.441219999999994617e-01 2.734212135149724065e-03 3.000000000000000000e+07 0.000000000000000000e+00 3.000000000000000000e+07 3.000000000000000000e+07
4.525925556817608775e-01 9.367450000000000498e-01 2.527226740915822223e-03 3.000000000000000000e+07 0.000000000000000000e+00 3.000000000000000000e+07 3.000000000000000000e+07
4.978518112499369930e-01 9.301699999999997193e-01 2.457132475061123145e-03 3.000000000000000000e+07 0.000000000000000000e+00 3.000000000000000000e+07 3.000000000000000000e+07
5.476369923749306867e-01 9.222280000000001587e-01 2.878960923666734530e-03 3.000000000000000000e+07 0.000000000000000000e+00 3.000000000000000000e+07 3.000000000000000000e+07
6.024006916124238220e-01 9.151819999999996069e-01 2.471330815572861730e-03 3.000000000000000000e+07 0.000000000000000000e+00 3.000000000000000000e+07 3.000000000000000000e+07
6.626407607736662930e-01 9.081990000000003116e-01 3.107619506953831177e-03 3.000000000000000000e+07 0.000000000000000000e+00 3.000000000000000000e+07 3.000000000000000000e+07
7.289048368510330222e-01 9.028150000000000341e-01 2.758165150965405463e-03 3.000000000000000000e+07 0.000000000000000000e+00 3.000000000000000000e+07 3.000000000000000000e+07
8.017953205361363356e-01 8.982779999999999099e-01 2.983943028946760972e-03 3.000000000000000000e+07 0.000000000000000000e+00 3.000000000000000000e+07 3.000000000000000000e+07
8.819748525897500580e-01 8.943339999999997403e-01 3.359649386468770323e-03 3.000000000000000000e+07 0.000000000000000000e+00 3.000000000000000000e+07 3.000000000000000000e+07
9.701723378487251415e-01 8.928810000000001468e-01 3.189880718773039758e-03 3.000000000000000000e+07 0.000000000000000000e+00 3.000000000000000000e+07 3.000000000000000000e+07
9.801723378487251503e-01 8.926840000000000330e-01 3.588501637173937327e-03 3.000000000000000000e+07 0.000000000000000000e+00 3.000000000000000000e+07 3.000000000000000000e+07
9.901723378487251592e-01 8.923820000000002306e-01 3.293125566995584209e-03 3.000000000000000000e+07 0.000000000000000000e+00 3.000000000000000000e+07 3.000000000000000000e+07
1.000172337848725057e+00 8.925670000000001103e-01 3.636703314816868132e-03 3.000000000000000000e+07 0.000000000000000000e+00 3.000000000000000000e+07 3.000000000000000000e+07
