1.000000000000000021e-02 9.899999999999985478e-01 1.443289932012703503e-15 5.920037999999999738e+04 3.651545595443113143e+03 5.078300000000000000e+04 7.010300000000000000e+04
1.100000000000000110e-02 9.899999999999985478e-01 1.443289932012703503e-15 5.776145999999999913e+04 3.578767738817370628e+03 5.136500000000000000e+04 6.808000000000000000e+04
1.210000000000000138e-02 9.899999999999985478e-01 1.443289932012703503e-15 5.666041000000000349e+04 3.723846882177086172e+03 4.775800000000000000e+04 6.446600000000000000e+04
1.331000000000000238e-02 9.899999999999985478e-01 1.443289932012703503e-15 5.632783999999999651e+04 3.623335710971314256e+03 4.912600000000000000e+04 7.235400000000000000e+04
1.464100000000000297e-02 9.899999999999985478e-01 1.443289932012703503e-15 5.535350000000000000e+04 4.081255521282635982e+03 4.767200000000000000e+04 6.715900000000000000e+04
1.610510000000000413e-02 9.899999999999985478e-01 1.443289932012703503e-15 5.399223999999999796e+04 3.656769339512678471e+03 4.672500000000000000e+04 6.509900000000000000e+04
1.771561000000000663e-02 9.899999999999985478e-01 1.443289932012703503e-15 5.351641000000000349e+04 3.236328321091665202e+03 4.558300000000000000e+04 6.428200000000000000e+04
1.948717100000000799e-02 9.899999999999985478e-01 1.443289932012703503e-15 5.261083000000000175e+04 3.356809875625963741e+03 4.533600000000000000e+04 6.093200000000000000e+04
2.143588810000001191e-02 9.899999999999985478e-01 1.443289932012703503e-15 5.238597000000000116e+04 3.343161807196893733e+03 4.482900000000000000e+04 6.282100000000000000e+04
2.357947691000001483e-02 9.899999999999985478e-01 1.443289932012703503e-15 5.065431999999999971e+04 3.384072005380500286e+03 4.249600000000000000e+04 6.252000000000000000e+04
2.593742460100001770e-02 9.899999999999985478e-01 1.443289932012703503e-15 4.936390000000000146e+04 3.006958069212140344e+03 4.230200000000000000e+04 5.665600000000000000e+04
2.853116706110002052e-02 9.899999999999985478e-01 1.443289932012703503e-15 4.978206999999999971e+04 3.212598836627442779e+03 4.204400000000000000e+04 5.798700000000000000e+04
3.138428376721002361e-02 9.899999999999985478e-01 1.443289932012703503e-15 4.874841000000000349e+04 3.300055575577478066e+03 4.159300000000000000e+04 5.674800000000000000e+04
3.452271214393103083e-02 9.899999999999985478e-01 1.443289932012703503e-15 4.783944000000000233e+04 3.173314394509312024e+03 4.173200000000000000e+04 5.714200000000000000e+04
3.797498335832413807e-02 9.899999999999985478e-01 1.443289932012703503e-15 4.682201000000000204e+04 2.496834630066637146e+03 3.931200000000000000e+04 5.330400000000000000e+04
4.177248169415655188e-02 9.899999999999985478e-01 1.443289932012703503e-15 4.631429000000000087e+04 3.410850258498604944e+03 3.795200000000000000e+04 5.860000000000000000e+04
4.594972986357220845e-02 9.899999999999985478e-01 1.443289932012703503e-15 4.506500000000000000e+04 2.809472534124510730e+03 4.021200000000000000e+04 5.159600000000000000e+04
5.054470284992943624e-02 9.899999999999985478e-01 1.443289932012703503e-15 4.467088999999999942e+04 2.875795837311821288e+03 3.887200000000000000e+04 5.281800000000000000e+04
5.559917313492238750e-02 9.899999999999985478e-01 1.443289932012703503e-15 4.438312000000000262e+04 3.301614454414688225e+03 3.827000000000000000e+04 5.515700000000000000e+04
6.115909044841463110e-02 9.899999999999985478e-01 1.443289932012703503e-15 4.314234999999999854e+04 2.849024862562627732e+03 3.812000000000000000e+04 5.396700000000000000e+04
6.727499949325610462e-02 9.899999999999985478e-01 1.443289932012703503e-15 4.239395999999999913e+04 2.675350638402376262e+03 3.767200000000000000e+04 5.021300000000000000e+04
7.400249944258172063e-02 9.899999999999985478e-01 1.443289932012703503e-15 4.167041000000000349e+04 2.292377744155617620e+03 3.760000000000000000e+04 4.767500000000000000e+04
8.140274938683990380e-02 9.899999999999985478e-01 1.443289932012703503e-15 4.126643000000000029e+04 2.651650456809871230e+03 3.570000000000000000e+04 4.904000000000000000e+04
8.954302432552389834e-02 9.899999999999985478e-01 1.443289932012703503e-15 4.055687000000000262e+04 2.588512362941309220e+03 3.609800000000000000e+04 4.952500000000000000e+04
9.849732675807629234e-02 9.899999999999985478e-01 1.443289932012703503e-15 3.927048000000000320e+04 2.135592458686815917e+03 3.522700000000000000e+04 4.580300000000000000e+04
1.083470594338839244e-01 9.899999999999985478e-01 1.443289932012703503e-15 3.889047000000000116e+04 2.429028692523000700e+03 3.411100000000000000e+04 4.847700000000000000e+04
1.191817653772723196e-01 9.899999999999985478e-01 1.443289932012703503e-15 3.827188999999999942e+04 2.162059166142314552e+03 3.342500000000000000e+04 4.457400000000000000e+04
1.310999419149995737e-01 9.899999999999985478e-01 1.443289932012703503e-15 3.780513999999999942e+04 2.077298346506827329e+03 3.351300000000000000e+04 4.291600000000000000e+04
1.442099361064995422e-01 9.899999999999985478e-01 1.443289932012703503e-15 3.729370999999999913e+04 2.303502803536388456e+03 3.317600000000000000e+04 4.359100000000000000e+04
1.586309297171495103e-01 9.899999999999985478e-01 1.443289932012703503e-15 3.604875000000000000e+04 2.056606848063090638e+03 3.152200000000000000e+04 4.247800000000000000e+04
1.744940226888644641e-01 9.899999999999985478e-01 1.443289932012703503e-15 3.619352999999999884e+04 2.275158581088360279e+03 3.198200000000000000e+04 4.101500000000000000e+04
1.919434249577509355e-01 9.899999999999985478e-01 1.443289932012703503e-15 3.535579000000000087e+04 2.174422186673968099e+03 3.112300000000000000e+04 4.116600000000000000e+04
2.111377674535260540e-01 9.899999999999985478e-01 1.443289932012703503e-15 3.517543000000000029e+04 2.338147284732080607e+03 3.085700000000000000e+04 4.094200000000000000e+04
2.322515441988786677e-01 9.899999999999985478e-01 1.443289932012703503e-15 3.433240000000000146e+04 2.153104224137790879e+03 3.062000000000000000e+04 4.054100000000000000e+04
2.554766986187665401e-01 9.899999999999985478e-01 1.443289932012703503e-15 3.432369000000000233e+04 2.269107012439033952e+03 3.041300000000000000e+04 3.986500000000000000e+04
2.810243684806432163e-01 9.899999999999985478e-01 1.443289932012703503e-15 3.315011000000000058e+04 1.966520195141662271e+03 2.980000000000000000e+04 3.933500000000000000e+04
3.091268053287075657e-01 9.899999999999985478e-01 1.443289932012703503e-15 3.313583999999999651e+04 2.105186541473225134e+03 2.933600000000000000e+04 4.326300000000000000e+04
3.400394858615783389e-01 9.899999999999985478e-01 1.443289932012703503e-15 3.224265000000000146e+04 1.836158905841212800e+03 2.861200000000000000e+04 3.703500000000000000e+04
3.740434344477361894e-01 9.899999999999985478e-01 1.443289932012703503e-15 3.225288999999999942e+04 1.855317028946805067e+03 2.871900000000000000e+04 4.097000000000000000e+04
4.114477778925098583e-01 9.899999999999985478e-01 1.443289932012703503e-15 3.185084999999999854e+04 2.043922960265381789e+03 2.804900000000000000e+04 3.775600000000000000e+04
4.525925556817608775e-01 9.899999999999985478e-01 1.443289932012703503e-15 3.189386999999999898e+04 2.178448818104295242e+03 2.812400000000000000e+04 4.266500000000000000e+04
4.978518112499369930e-01 9.899999999999985478e-01 1.443289932012703503e-15 3.168031000000000131e+04 2.500166021267388260e+03 2.760700000000000000e+04 4.372500000000000000e+04
5.476369923749306867e-01 9.899999999999985478e-01 1.443289932012703503e-15 3.107756999999999971e+04 2.307766289098616198e+03 2.772900000000000000e+04 4.259500000000000000e+04
6.024006916124238220e-01 9.899999999999985478e-01 1.443289932012703503e-15 3.123809000000000015e+04 2.433614033058652694e+03 2.701300000000000000e+04 3.920500000000000000e+04
6.626407607736662930e-01 9.899999999999985478e-01 1.443289932012703503e-15 3.076258000000000175e+04 2.010092018689691486e+03 2.776700000000000000e+04 3.866700000000000000e+04
7.289048368510330222e-01 9.899999999999985478e-01 1.443289932012703503e-15 3.051690999999999985e+04 1.978041567283154336e+03 2.756700000000000000e+04 3.769200000000000000e+04
8.017953205361363356e-01 9.899999999999985478e-01 1.443289932012703503e-15 3.035945000000000073e+04 1.763860223345376880e+03 2.685900000000000000e+04 3.572600000000000000e+04
8.819748525897500580e-01 9.899999999999985478e-01 1.443289932012703503e-15 3.022541999999999825e+04 1.921342094370494806e+03 2.669800000000000000e+04 3.763700000000000000e+04
9.701723378487251415e-01 9.899999999999985478e-01 1.443289932012703503e-15 3.048308000000000175e+04 1.841829843823798910e+03 2.743300000000000000e+04 3.539700000000000000e+04
9.801723378487251503e-01 9.899999999999985478e-01 1.443289932012703503e-15 3.025074000000000160e+04 1.892097585326930357e+03 2.695400000000000000e+04 3.543300000000000000e+04
9.901723378487251592e-01 9.899999999999985478e-01 1.443289932012703503e-15 3.041595999999999913e+04 1.733529705081513612e+03 2.736600000000000000e+04 3.606700000000000000e+04
1.000172337848725057e+00 9.899999999999985478e-01 1.443289932012703503e-15 3.048440000000000146e+04 2.188802832600506463e+03 2.663500000000000000e+04 3.875100000000000000e+04
