1.000000000000000021e-02 9.899999999999985478e-01 1.443289932012703503e-15 1.212927100000000064e+05 6.271206836478923833e+03 1.068680000000000000e+05 1.437670000000000000e+05
1.100000000000000110e-02 9.899999999999985478e-01 1.443289932012703503e-15 1.222477599999999948e+05 6.759119553788052144e+03 1.068700000000000000e+05 1.439970000000000000e+05
1.210000000000000138e-02 9.899999999999985478e-01 1.443289932012703503e-15 1.204337799999999988e+05 5.965493760922058755e+03 1.047040000000000000e+05 1.336430000000000000e+05
1.331000000000000238e-02 9.899999999999985478e-01 1.443289932012703503e-15 1.187302599999999948e+05 6.797965227360316931e+03 1.017700000000000000e+05 1.360240000000000000e+05
1.464100000000000297e-02 9.899999999999985478e-01 1.443289932012703503e-15 1.190682700000000041e+05 6.361469303321362531e+03 1.070420000000000000e+05 1.368830000000000000e+05
1.610510000000000413e-02 9.899999999999985478e-01 1.443289932012703503e-15 1.172614299999999930e+05 7.049509888290106574e+03 1.036280000000000000e+05 1.383450000000000000e+05
1.771561000000000663e-02 9.899999999999985478e-01 1.443289932012703503e-15 1.161807799999999988e+05 5.976352227872785988e+03 1.049840000000000000e+05 1.318670000000000000e+05
1.948717100000000799e-02 9.899999999999985478e-01 1.443289932012703503e-15 1.148211900000000023e+05 6.109466699630991570e+03 1.021390000000000000e+05 1.371950000000000000e+05
2.143588810000001191e-02 9.899999999999985478e-01 1.443289932012703503e-15 1.132852799999999988e+05 6.373278523774088171e+03 9.903800000000000000e+04 1.293660000000000000e+05
2.357947691000001483e-02 9.899999999999985478e-01 1.443289932012703503e-15 1.132924499999999971e+05 6.551171199678724406e+03 9.928100000000000000e+04 1.344580000000000000e+05
2.593742460100001770e-02 9.899999999999985478e-01 1.443289932012703503e-15 1.130744700000000012e+05 5.716915957848251310e+03 9.955700000000000000e+04 1.292090000000000000e+05
2.853116706110002052e-02 9.899999999999985478e-01 1.443289932012703503e-15 1.115422599999999948e+05 5.866172235146186722e+03 9.629400000000000000e+04 1.281790000000000000e+05
3.138428376721002361e-02 9.899999999999985478e-01 1.443289932012703503e-15 1.110987100000000064e+05 5.866315801753262349e+03 9.899200000000000000e+04 1.376550000000000000e+05
3.452271214393103083e-02 9.899999999999985478e-01 1.443289932012703503e-15 1.089642799999999988e+05 5.780986466131882480e+03 9.645100000000000000e+04 1.226460000000000000e+05
3.797498335832413807e-02 9.899999999999985478e-01 1.443289932012703503e-15 1.089257899999999936e+05 6.485583075244662723e+03 9.738100000000000000e+04 1.328920000000000000e+05
4.177248169415655188e-02 9.899999999999985478e-01 1.443289932012703503e-15 1.080936999999999971e+05 5.402932053061559600e+03 9.109600000000000000e+04 1.242660000000000000e+05
4.594972986357220845e-02 9.899999999999985478e-01 1.443289932012703503e-15 1.064006399999999994e+05 5.405492590911580010e+03 9.737700000000000000e+04 1.260660000000000000e+05
5.054470284992943624e-02 9.899999999999985478e-01 1.443289932012703503e-15 1.057731199999999953e+05 5.988848171860762704e+03 9.094400000000000000e+04 1.207170000000000000e+05
5.559917313492238750e-02 9.899999999999985478e-01 1.443289932012703503e-15 1.044975000000000000e+05 5.968301729135348978e+03 9.331700000000000000e+04 1.256360000000000000e+05
6.115909044841463110e-02 9.899999999999985478e-01 1.443289932012703503e-15 1.033936999999999971e+05 5.708969209060422145e+03 9.096400000000000000e+04 1.211730000000000000e+05
6.727499949325610462e-02 9.899999999999985478e-01 1.443289932012703503e-15 1.029498999999999942e+05 5.620403006013003505e+03 9.076100000000000000e+04 1.170080000000000000e+05
7.400249944258172063e-02 9.899999999999985478e-01 1.443289932012703503e-15 1.015296300000000047e+05 6.088676504224871678e+03 8.779700000000000000e+04 1.222350000000000000e+05
8.140274938683990380e-02 9.899999999999985478e-01 1.443289932012703503e-15 1.004658399999999965e+05 5.627580730153942568e+03 8.914300000000000000e+04 1.166800000000000000e+05
8.954302432552389834e-02 9.899999999999985478e-01 1.443289932012703503e-15 1.000710200000000041e+05 5.577774776700830444e+03 8.696800000000000000e+04 1.220700000000000000e+05
9.849732675807629234e-02 9.899999999999985478e-01 1.443289932012703503e-15 9.748819999999999709e+04 5.937598310765052702e+03 8.434300000000000000e+04 1.184310000000000000e+05
1.083470594338839244e-01 9.899999999999985478e-01 1.443289932012703503e-15 9.686280000000000291e+04 5.318359500823538838e+03 8.377100000000000000e+04 1.152070000000000000e+05
1.191817653772723196e-01 9.899999999999985478e-01 1.443289932012703503e-15 9.468930000000000291e+04 5.123729646458718889e+03 8.417600000000000000e+04 1.099240000000000000e+05
1.310999419149995737e-01 9.899999999999985478e-01 1.443289932012703503e-15 9.360005000000000291e+04 5.662033315647304335e+03 8.158300000000000000e+04 1.153130000000000000e+05
1.442099361064995422e-01 9.899999999999985478e-01 1.443289932012703503e-15 9.240950999999999476e+04 5.530041890429043633e+03 8.099900000000000000e+04 1.071310000000000000e+05
1.586309297171495103e-01 9.899999999999985478e-01 1.443289932012703503e-15 9.248797000000000116e+04 5.283194595043798472e+03 7.858700000000000000e+04 1.075240000000000000e+05
1.744940226888644641e-01 9.899999999999985478e-01 1.443289932012703503e-15 8.963713999999999942e+04 5.040887515150484433e+03 7.393900000000000000e+04 1.045840000000000000e+05
1.919434249577509355e-01 9.899999999999985478e-01 1.443289932012703503e-15 8.880894000000000233e+04 5.065911613559795114e+03 7.610700000000000000e+04 1.025080000000000000e+05
2.111377674535260540e-01 9.899999999999985478e-01 1.443289932012703503e-15 8.761888000000000466e+04 5.256264074949051064e+03 7.656400000000000000e+04 1.020050000000000000e+05
2.322515441988786677e-01 9.899999999999985478e-01 1.443289932012703503e-15 8.549816999999999825e+04 4.899310194415130354e+03 7.363700000000000000e+04 1.012130000000000000e+05
2.554766986187665401e-01 9.899999999999985478e-01 1.443289932012703503e-15 8.549691999999999825e+04 5.335254782444790180e+03 7.542200000000000000e+04 1.011320000000000000e+05
2.810243684806432163e-01 9.899999999999985478e-01 1.443289932012703503e-15 8.336655999999999767e+04 5.950421807435165647e+03 7.235400000000000000e+04 9.905600000000000000e+04
3.091268053287075657e-01 9.899999999999985478e-01 1.443289932012703503e-15 8.251361000000000058e+04 5.908560665500524919e+03 7.055700000000000000e+04 9.905100000000000000e+04
3.400394858615783389e-01 9.899999999999985478e-01 1.443289932012703503e-15 8.055736000000000058e+04 4.309660333529777745e+03 7.237500000000000000e+04 9.325500000000000000e+04
3.740434344477361894e-01 9.899999999999985478e-01 1.443289932012703503e-15 7.994125999999999476e+04 5.325794871415909256e+03 6.804300000000000000e+04 9.506500000000000000e+04
4.114477778925098583e-01 9.899999999999985478e-01 1.443289932012703503e-15 7.888239999999999418e+04 4.686983281386867020e+03 6.615400000000000000e+04 9.225200000000000000e+04
4.525925556817608775e-01 9.899999999999985478e-01 1.443289932012703503e-15 7.665539999999999418e+04 4.602903527122853120e+03 6.857300000000000000e+04 8.932600000000000000e+04
4.978518112499369930e-01 9.899999999999985478e-01 1.443289932012703503e-15 7.682789999999999418e+04 5.775651662799618862e+03 6.506600000000000000e+04 9.944100000000000000e+04
5.476369923749306867e-01 9.899999999999985478e-01 1.443289932012703503e-15 7.550900000000000000e+04 4.942786378147451614e+03 6.632200000000000000e+04 9.070900000000000000e+04
6.024006916124238220e-01 9.899999999999985478e-01 1.443289932012703503e-15 7.484544999999999709e+04 5.289185414362026677e+03 6.319400000000000000e+04 8.979100000000000000e+04
6.626407607736662930e-01 9.899999999999985478e-01 1.443289932012703503e-15 7.377302000000000407e+04 4.489521566893292402e+03 6.230700000000000000e+04 8.891200000000000000e+04
7.289048368510330222e-01 9.899999999999985478e-01 1.443289932012703503e-15 7.236855999999999767e+04 4.867365764599986505e+03 6.349000000000000000e+04 8.265300000000000000e+04
8.017953205361363356e-01 9.899999999999985478e-01 1.443289932012703503e-15 7.211224000000000524e+04 5.069790885470523790e+03 6.164800000000000000e+04 8.889800000000000000e+04
8.819748525897500580e-01 9.899999999999985478e-01 1.443289932012703503e-15 7.045713999999999942e+04 4.347617800635193817e+03 6.209300000000000000e+04 8.952500000000000000e+04
9.701723378487251415e-01 9.899999999999985478e-01 1.443289932012703503e-15 7.145177999999999884e+04 4.683358178871224482e+03 6.044800000000000000e+04 8.522400000000000000e+04
9.801723378487251503e-01 9.899999999999985478e-01 1.443289932012703503e-15 7.130696000000000640e+04 4.330308319092302554e+03 6.088600000000000000e+04 8.436400000000000000e+04
9.901723378487251592e-01 9.899999999999985478e-01 1.443289932012703503e-15 7.010908999999999651e+04 3.776484111167421815e+03 6.284100000000000000e+04 7.939100000000000000e+04
1.000172337848725057e+00 9.899999999999985478e-01 1.443289932012703503e-15 7.094830000000000291e+04 4.946681896989131928e+03 5.883400000000000000e+04 8.903700000000000000e+04
