1.000000000000000021e-02 9.899999999999985478e-01 1.443289932012703503e-15 5.291375000000000000e+04 3.650910361471505439e+03 4.319800000000000000e+04 6.116900000000000000e+04
1.100000000000000110e-02 9.899999999999985478e-01 1.443289932012703503e-15 5.188701000000000204e+04 3.349451461045524866e+03 4.517800000000000000e+04 6.302300000000000000e+04
1.210000000000000138e-02 9.899999999999985478e-01 1.443289932012703503e-15 5.163441999999999825e+04 4.020197500571333421e+03 4.326000000000000000e+04 6.073400000000000000e+04
1.331000000000000238e-02 9.899999999999985478e-01 1.443289932012703503e-15 5.048566000000000349e+04 3.652568548898158951e+03 4.156400000000000000e+04 5.912500000000000000e+04
1.464100000000000297e-02 9.899999999999985478e-01 1.443289932012703503e-15 4.936940000000000146e+04 3.413592773017894615e+03 4.227200000000000000e+04 6.158900000000000000e+04
1.610510000000000413e-02 9.899999999999985478e-01 1.443289932012703503e-15 4.857705000000000291e+04 3.391047679921354302e+03 4.098300000000000000e+04 5.676300000000000000e+04
1.771561000000000663e-02 9.899999999999985478e-01 1.443289932012703503e-15 4.781651999999999680e+04 3.878562435954847842e+03 3.978800000000000000e+04 5.881000000000000000e+04
1.948717100000000799e-02 9.899999999999985478e-01 1.443289932012703503e-15 4.717965000000000146e+04 3.618480770641181607e+03 3.841300000000000000e+04 5.655600000000000000e+04
2.143588810000001191e-02 9.899999999999985478e-01 1.443289932012703503e-15 4.551759999999999854e+04 3.665252479707230123e+03 3.592200000000000000e+04 5.710300000000000000e+04
2.357947691000001483e-02 9.899999999999985478e-01 1.443289932012703503e-15 4.515530000000000291e+04 3.457571053499840673e+03 3.632400000000000000e+04 5.654300000000000000e+04
2.593742460100001770e-02 9.899999999999985478e-01 1.443289932012703503e-15 4.395004000000000087e+04 3.580292401243227687e+03 3.663200000000000000e+04 6.070000000000000000e+04
2.853116706110002052e-02 9.899999999999985478e-01 1.443289932012703503e-15 4.306605000000000291e+04 3.229257535022562934e+03 3.724800000000000000e+04 5.265800000000000000e+04
3.138428376721002361e-02 9.899999999999985478e-01 1.443289932012703503e-15 4.260905000000000291e+04 3.297856835506962852e+03 3.641600000000000000e+04 5.381300000000000000e+04
3.452271214393103083e-02 9.899999999999985478e-01 1.443289932012703503e-15 4.237205999999999767e+04 3.017790197545217779e+03 3.414200000000000000e+04 5.066600000000000000e+04
3.797498335832413807e-02 9.899999999999985478e-01 1.443289932012703503e-15 4.139952999999999884e+04 3.184761304886128983e+03 3.348300000000000000e+04 4.896000000000000000e+04
4.177248169415655188e-02 9.899999999999985478e-01 1.443289932012703503e-15 4.018769999999999709e+04 2.781713998598706439e+03 3.406100000000000000e+04 5.031000000000000000e+04
4.594972986357220845e-02 9.899999999999985478e-01 1.443289932012703503e-15 3.957394000000000233e+04 2.725509437958342460e+03 3.416000000000000000e+04 4.854100000000000000e+04
5.054470284992943624e-02 9.899999999999985478e-01 1.443289932012703503e-15 3.870237999999999738e+04 2.614705190953657166e+03 3.333200000000000000e+04 4.589200000000000000e+04
5.559917313492238750e-02 9.899999999999985478e-01 1.443289932012703503e-15 3.847525000000000000e+04 3.064683074560891782e+03 3.211200000000000000e+04 4.997800000000000000e+04
6.115909044841463110e-02 9.899999999999985478e-01 1.443289932012703503e-15 3.743201000000000204e+04 2.671718826879055996e+03 3.210300000000000000e+04 4.546100000000000000e+04
6.727499949325610462e-02 9.899999999999985478e-01 1.443289932012703503e-15 3.648933999999999651e+04 2.541053380863928396e+03 2.900600000000000000e+04 4.279300000000000000e+04
7.400249944258172063e-02 9.899999999999985478e-01 1.443289932012703503e-15 3.599458999999999651e+04 2.818164072920524177e+03 3.022300000000000000e+04 4.603600000000000000e+04
8.140274938683990380e-02 9.899999999999985478e-01 1.443289932012703503e-15 3.495713999999999942e+04 2.414303460710770196e+03 2.884100000000000000e+04 4.406800000000000000e+04
8.954302432552389834e-02 9.899999999999985478e-01 1.443289932012703503e-15 3.473833000000000175e+04 2.776545443730391980e+03 3.048700000000000000e+04 4.051200000000000000e+04
9.849732675807629234e-02 9.899999999999985478e-01 1.443289932012703503e-15 3.435341000000000349e+04 2.714635747554355930e+03 2.932700000000000000e+04 4.345000000000000000e+04
1.083470594338839244e-01 9.899999999999985478e-01 1.443289932012703503e-15 3.353693000000000029e+04 2.201579120790348043e+03 2.905100000000000000e+04 3.977400000000000000e+04
1.191817653772723196e-01 9.899999999999985478e-01 1.443289932012703503e-15 3.290058000000000175e+04 2.495891528812900560e+03 2.913000000000000000e+04 3.951700000000000000e+04
1.310999419149995737e-01 9.899999999999985478e-01 1.443289932012703503e-15 3.232943999999999869e+04 2.275502635990562794e+03 2.883400000000000000e+04 4.157200000000000000e+04
1.442099361064995422e-01 9.899999999999985478e-01 1.443289932012703503e-15 3.193391999999999825e+04 2.178379024320606732e+03 2.754100000000000000e+04 3.756300000000000000e+04
1.586309297171495103e-01 9.899999999999985478e-01 1.443289932012703503e-15 3.107818999999999869e+04 1.944098889948760416e+03 2.744900000000000000e+04 3.673500000000000000e+04
1.744940226888644641e-01 9.899999999999985478e-01 1.443289932012703503e-15 3.042593999999999869e+04 2.389069395475987221e+03 2.608100000000000000e+04 3.880900000000000000e+04
1.919434249577509355e-01 9.899999999999985478e-01 1.443289932012703503e-15 3.011784999999999854e+04 2.087655701378941558e+03 2.639300000000000000e+04 3.518500000000000000e+04
2.111377674535260540e-01 9.899999999999985478e-01 1.443289932012703503e-15 2.939886000000000058e+04 2.465362488641375876e+03 2.578200000000000000e+04 3.946100000000000000e+04
2.322515441988786677e-01 9.899999999999985478e-01 1.443289932012703503e-15 2.907418999999999869e+04 1.923845517160876398e+03 2.525200000000000000e+04 3.651200000000000000e+04
2.554766986187665401e-01 9.899999999999985478e-01 1.443289932012703503e-15 2.816025000000000000e+04 1.605786881095993976e+03 2.435600000000000000e+04 3.299700000000000000e+04
2.810243684806432163e-01 9.899999999999985478e-01 1.443289932012703503e-15 2.811329000000000087e+04 2.106536172464171159e+03 2.407800000000000000e+04 3.659200000000000000e+04
3.091268053287075657e-01 9.899999999999985478e-01 1.443289932012703503e-15 2.787484999999999854e+04 1.744496284748121752e+03 2.432300000000000000e+04 3.337900000000000000e+04
3.400394858615783389e-01 9.899999999999985478e-01 1.443289932012703503e-15 2.760275000000000000e+04 2.083091689652665991e+03 2.383300000000000000e+04 3.792400000000000000e+04
3.740434344477361894e-01 9.899999999999985478e-01 1.443289932012703503e-15 2.728027000000000044e+04 2.256074160372392726e+03 2.275500000000000000e+04 3.820400000000000000e+04
4.114477778925098583e-01 9.899999999999985478e-01 1.443289932012703503e-15 2.659340999999999985e+04 1.813692510294950580e+03 2.310700000000000000e+04 3.196400000000000000e+04
4.525925556817608775e-01 9.899999999999985478e-01 1.443289932012703503e-15 2.698504000000000087e+04 2.074460440307310364e+03 2.275900000000000000e+04 3.332800000000000000e+04
4.978518112499369930e-01 9.899999999999985478e-01 1.443289932012703503e-15 2.652961999999999898e+04 2.339368995177973375e+03 2.299500000000000000e+04 3.605500000000000000e+04
5.476369923749306867e-01 9.899999999999985478e-01 1.443289932012703503e-15 2.596284000000000015e+04 2.036854230032183750e+03 2.278900000000000000e+04 3.544700000000000000e+04
6.024006916124238220e-01 9.899999999999985478e-01 1.443289932012703503e-15 2.542661999999999898e+04 1.479909380874383487e+03 2.276200000000000000e+04 3.012300000000000000e+04
6.626407607736662930e-01 9.899999999999985478e-01 1.443289932012703503e-15 2.569745000000000073e+04 1.644993582814230649e+03 2.265000000000000000e+04 3.080000000000000000e+04
7.289048368510330222e-01 9.899999999999985478e-01 1.443289932012703503e-15 2.543718999999999869e+04 1.647804768138507370e+03 2.276600000000000000e+04 2.985800000000000000e+04
8.017953205361363356e-01 9.899999999999985478e-01 1.443289932012703503e-15 2.553277000000000044e+04 1.729997779507245696e+03 2.276800000000000000e+04 3.242800000000000000e+04
8.819748525897500580e-01 9.899999999999985478e-01 1.443289932012703503e-15 2.577654000000000087e+04 1.665390527293823425e+03 2.233800000000000000e+04 3.082600000000000000e+04
9.701723378487251415e-01 9.899999999999985478e-01 1.443289932012703503e-15 2.549018999999999869e+04 1.982874462466043269e+03 2.220300000000000000e+04 3.326800000000000000e+04
9.801723378487251503e-01 9.899999999999985478e-01 1.443289932012703503e-15 2.572209999999999854e+04 2.121866100864991040e+03 2.259100000000000000e+04 3.469500000000000000e+04
9.901723378487251592e-01 9.899999999999985478e-01 1.443289932012703503e-15 2.566266999999999825e+04 1.936670137400791646e+03 2.185200000000000000e+04 3.118800000000000000e+04
1.000172337848725057e+00 9.899999999999985478e-01 1.443289932012703503e-15 2.558297999999999956e+04 1.635094957364861784e+03 2.276200000000000000e+04 3.057300000000000000e+04
