1.000000000000000021e-02 9.899999999999985478e-01 1.443289932012703503e-15 5.227918000000000029e+04 4.456934471988566656e+03 4.178000000000000000e+04 6.594000000000000000e+04
1.100000000000000110e-02 9.899999999999985478e-01 1.443289932012703503e-15 5.158783999999999651e+04 3.824338462322601117e+03 4.076000000000000000e+04 6.003600000000000000e+04
1.210000000000000138e-02 9.899999999999985478e-01 1.443289932012703503e-15 5.060604000000000087e+04 3.527811233385369178e+03 4.380900000000000000e+04 5.824000000000000000e+04
1.331000000000000238e-02 9.899999999999985478e-01 1.443289932012703503e-15 4.916406999999999971e+04 3.766695109124178089e+03 4.205100000000000000e+04 5.943100000000000000e+04
1.464100000000000297e-02 9.899999999999985478e-01 1.443289932012703503e-15 4.874301999999999680e+04 3.693862980620694543e+03 3.827100000000000000e+04 5.629200000000000000e+04
1.610510000000000413e-02 9.899999999999985478e-01 1.443289932012703503e-15 4.788947000000000116e+04 3.820956661505074862e+03 3.883900000000000000e+04 5.937700000000000000e+04
1.771561000000000663e-02 9.899999999999985478e-01 1.443289932012703503e-15 4.675245999999999913e+04 3.735335878927087379e+03 3.742600000000000000e+04 5.695900000000000000e+04
1.948717100000000799e-02 9.899999999999985478e-01 1.443289932012703503e-15 4.570833000000000175e+04 3.082237323941814338e+03 3.715100000000000000e+04 5.365000000000000000e+04
2.143588810000001191e-02 9.899999999999985478e-01 1.443289932012703503e-15 4.444462999999999738e+04 3.198102436305003721e+03 3.596500000000000000e+04 5.427000000000000000e+04
2.357947691000001483e-02 9.899999999999985478e-01 1.443289932012703503e-15 4.379873000000000320e+04 3.249151060985007462e+03 3.511700000000000000e+04 5.106100000000000000e+04
2.593742460100001770e-02 9.899999999999985478e-01 1.443289932012703503e-15 4.343161000000000058e+04 2.803874993272702341e+03 3.827800000000000000e+04 4.985900000000000000e+04
2.853116706110002052e-02 9.899999999999985478e-01 1.443289932012703503e-15 4.220751000000000204e+04 3.032091299730270293e+03 3.658400000000000000e+04 5.606000000000000000e+04
3.138428376721002361e-02 9.899999999999985478e-01 1.443289932012703503e-15 4.193073000000000320e+04 3.206395686296374151e+03 3.675400000000000000e+04 5.382200000000000000e+04
3.452271214393103083e-02 9.899999999999985478e-01 1.443289932012703503e-15 4.054766000000000349e+04 2.944627267482253046e+03 3.372000000000000000e+04 5.095900000000000000e+04
3.797498335832413807e-02 9.899999999999985478e-01 1.443289932012703503e-15 3.998754000000000087e+04 3.345019319585463109e+03 3.387600000000000000e+04 4.929100000000000000e+04
4.177248169415655188e-02 9.899999999999985478e-01 1.443289932012703503e-15 3.944883999999999651e+04 2.881242491426225115e+03 3.384800000000000000e+04 4.683700000000000000e+04
4.594972986357220845e-02 9.899999999999985478e-01 1.443289932012703503e-15 3.864162999999999738e+04 3.055554282466602672e+03 3.236700000000000000e+04 5.406500000000000000e+04
5.054470284992943624e-02 9.899999999999985478e-01 1.443289932012703503e-15 3.762126000000000204e+04 2.485992070059758134e+03 3.344500000000000000e+04 4.467500000000000000e+04
5.559917313492238750e-02 9.899999999999985478e-01 1.443289932012703503e-15 3.720183000000000175e+04 2.859970178358509656e+03 3.193600000000000000e+04 4.448800000000000000e+04
6.115909044841463110e-02 9.899999999999985478e-01 1.443289932012703503e-15 3.648755999999999767e+04 2.593221665496414516e+03 3.115300000000000000e+04 4.561200000000000000e+04
6.727499949325610462e-02 9.899999999999985478e-01 1.443289932012703503e-15 3.613669999999999709e+04 2.776593637895181473e+03 3.071800000000000000e+04 4.566900000000000000e+04
7.400249944258172063e-02 9.899999999999985478e-01 1.443289932012703503e-15 3.464894000000000233e+04 2.566674509243429384e+03 2.977500000000000000e+04 4.312000000000000000e+04
8.140274938683990380e-02 9.899999999999985478e-01 1.443289932012703503e-15 3.437252999999999884e+04 2.873259394677062573e+03 2.932500000000000000e+04 4.492500000000000000e+04
8.954302432552389834e-02 9.899999999999985478e-01 1.443289932012703503e-15 3.373252999999999884e+04 2.582147088974600138e+03 2.969500000000000000e+04 4.101800000000000000e+04
9.849732675807629234e-02 9.899999999999985478e-01 1.443289932012703503e-15 3.314041000000000349e+04 2.403802933249728540e+03 2.859400000000000000e+04 4.236700000000000000e+04
1.083470594338839244e-01 9.899999999999985478e-01 1.443289932012703503e-15 3.219529000000000087e+04 2.004454166575030513e+03 2.852000000000000000e+04 3.718700000000000000e+04
1.191817653772723196e-01 9.899999999999985478e-01 1.443289932012703503e-15 3.150615000000000146e+04 2.483634165391514216e+03 2.736500000000000000e+04 4.126100000000000000e+04
1.310999419149995737e-01 9.899999999999985478e-01 1.443289932012703503e-15 3.125465000000000146e+04 2.270761411399268582e+03 2.760000000000000000e+04 4.053400000000000000e+04
1.442099361064995422e-01 9.899999999999985478e-01 1.443289932012703503e-15 3.076597999999999956e+04 2.087912914754827852e+03 2.690800000000000000e+04 3.694400000000000000e+04
1.586309297171495103e-01 9.899999999999985478e-01 1.443289932012703503e-15 2.965065999999999985e+04 2.192431076316881899e+03 2.614400000000000000e+04 3.753200000000000000e+04
1.744940226888644641e-01 9.899999999999985478e-01 1.443289932012703503e-15 2.973124000000000160e+04 2.162939264611931321e+03 2.559800000000000000e+04 3.783000000000000000e+04
1.919434249577509355e-01 9.899999999999985478e-01 1.443289932012703503e-15 2.921588999999999942e+04 1.971309538834527984e+03 2.551100000000000000e+04 3.449500000000000000e+04
2.111377674535260540e-01 9.899999999999985478e-01 1.443289932012703503e-15 2.848038999999999942e+04 2.326659678143754718e+03 2.475200000000000000e+04 3.676300000000000000e+04
2.322515441988786677e-01 9.899999999999985478e-01 1.443289932012703503e-15 2.848122999999999956e+04 2.025372315674330594e+03 2.430200000000000000e+04 3.528800000000000000e+04
2.554766986187665401e-01 9.899999999999985478e-01 1.443289932012703503e-15 2.786054000000000087e+04 1.921522736893841966e+03 2.408200000000000000e+04 3.300000000000000000e+04
2.810243684806432163e-01 9.899999999999985478e-01 1.443289932012703503e-15 2.746552000000000044e+04 2.054863934570851598e+03 2.341000000000000000e+04 3.392300000000000000e+04
3.091268053287075657e-01 9.899999999999985478e-01 1.443289932012703503e-15 2.723354000000000087e+04 1.863028080411027986e+03 2.428000000000000000e+04 3.371500000000000000e+04
3.400394858615783389e-01 9.899999999999985478e-01 1.443289932012703503e-15 2.678625000000000000e+04 1.972907972384926097e+03 2.297400000000000000e+04 3.323800000000000000e+04
3.740434344477361894e-01 9.899999999999985478e-01 1.443289932012703503e-15 2.610600000000000000e+04 1.801424042251018818e+03 2.236200000000000000e+04 3.211100000000000000e+04
4.114477778925098583e-01 9.899999999999985478e-01 1.443289932012703503e-15 2.593756999999999971e+04 1.932546932185607147e+03 2.238300000000000000e+04 3.224300000000000000e+04
4.525925556817608775e-01 9.899999999999985478e-01 1.443289932012703503e-15 2.560897999999999956e+04 2.128348857588905503e+03 2.207600000000000000e+04 3.413300000000000000e+04
4.978518112499369930e-01 9.899999999999985478e-01 1.443289932012703503e-15 2.570050000000000000e+04 2.264485572928209422e+03 2.209000000000000000e+04 3.315300000000000000e+04
5.476369923749306867e-01 9.899999999999985478e-01 1.443289932012703503e-15 2.548911999999999898e+04 2.188021911590466516e+03 2.218400000000000000e+04 3.612600000000000000e+04
6.024006916124238220e-01 9.899999999999985478e-01 1.443289932012703503e-15 2.529084000000000015e+04 2.010956611764660011e+03 2.110100000000000000e+04 3.266300000000000000e+04
6.626407607736662930e-01 9.899999999999985478e-01 1.443289932012703503e-15 2.482522000000000116e+04 1.822743490346351336e+03 2.144400000000000000e+04 3.050700000000000000e+04
7.289048368510330222e-01 9.899999999999985478e-01 1.443289932012703503e-15 2.495286000000000058e+04 1.906118401464085764e+03 2.111900000000000000e+04 3.096500000000000000e+04
8.017953205361363356e-01 9.899999999999985478e-01 1.443289932012703503e-15 2.490854000000000087e+04 1.854960896730709919e+03 2.128700000000000000e+04 3.037400000000000000e+04
8.819748525897500580e-01 9.899999999999985478e-01 1.443289932012703503e-15 2.484477999999999884e+04 2.005921312414821386e+03 2.133900000000000000e+04 3.269700000000000000e+04
9.701723378487251415e-01 9.899999999999985478e-01 1.443289932012703503e-15 2.478136000000000058e+04 1.683198054419027585e+03 2.203900000000000000e+04 3.053600000000000000e+04
9.801723378487251503e-01 9.899999999999985478e-01 1.443289932012703503e-15 2.480590000000000146e+04 2.134160366514193811e+03 2.154100000000000000e+04 3.252900000000000000e+04
9.901723378487251592e-01 9.899999999999985478e-01 1.443289932012703503e-15 2.485291999999999825e+04 1.736162830381989352e+03 2.104600000000000000e+04 3.123700000000000000e+04
1.000172337848725057e+00 9.899999999999985478e-01 1.443289932012703503e-15 2.484291999999999825e+04 2.002192921174181492e+03 2.173900000000000000e+04 3.229300000000000000e+04
