1.000000000000000021e-02 9.899999999999985478e-01 1.443289932012703503e-15 9.891030000000000655e+03 3.303028912982748366e-01 9.890000000000000000e+03 9.892000000000000000e+03
1.100000000000000110e-02 9.899999999999985478e-01 1.443289932012703503e-15 9.891010000000000218e+03 2.233830790368866170e-01 9.890000000000000000e+03 9.892000000000000000e+03
1.210000000000000138e-02 9.899999999999985478e-01 1.443289932012703503e-15 9.891010000000000218e+03 3.315116890850159925e-01 9.890000000000000000e+03 9.892000000000000000e+03
1.331000000000000238e-02 9.899999999999985478e-01 1.443289932012703503e-15 9.890950000000000728e+03 3.278719262151001956e-01 9.890000000000000000e+03 9.892000000000000000e+03
1.464100000000000297e-02 9.899999999999985478e-01 1.443289932012703503e-15 9.890989999999999782e+03 2.998332870112990212e-01 9.890000000000000000e+03 9.892000000000000000e+03
1.610510000000000413e-02 9.899999999999985478e-01 1.443289932012703503e-15 9.891010000000000218e+03 2.998332870112989101e-01 9.890000000000000000e+03 9.892000000000000000e+03
1.771561000000000663e-02 9.899999999999985478e-01 1.443289932012703503e-15 9.891000000000000000e+03 4.000000000000000222e-01 9.890000000000000000e+03 9.892000000000000000e+03
1.948717100000000799e-02 9.899999999999985478e-01 1.443289932012703503e-15 9.891040000000000873e+03 3.720215047547651976e-01 9.890000000000000000e+03 9.893000000000000000e+03
2.143588810000001191e-02 9.899999999999985478e-01 1.443289932012703503e-15 9.890989999999999782e+03 4.581484475582120464e-01 9.889000000000000000e+03 9.893000000000000000e+03
2.357947691000001483e-02 9.899999999999985478e-01 1.443289932012703503e-15 9.891079999999999927e+03 4.833218389437831108e-01 9.890000000000000000e+03 9.893000000000000000e+03
2.593742460100001770e-02 9.899999999999985478e-01 1.443289932012703503e-15 9.891020000000000437e+03 3.736308338453878108e-01 9.890000000000000000e+03 9.892000000000000000e+03
2.853116706110002052e-02 9.899999999999985478e-01 1.443289932012703503e-15 9.891010000000000218e+03 5.195190083144211046e-01 9.889000000000000000e+03 9.893000000000000000e+03
3.138428376721002361e-02 9.899999999999985478e-01 1.443289932012703503e-15 9.891020000000000437e+03 5.287721626560909494e-01 9.889000000000000000e+03 9.893000000000000000e+03
3.452271214393103083e-02 9.899999999999985478e-01 1.443289932012703503e-15 9.891059999999999491e+03 5.257375771237964290e-01 9.890000000000000000e+03 9.893000000000000000e+03
3.797498335832413807e-02 9.899999999999985478e-01 1.443289932012703503e-15 9.891010000000000218e+03 5.195190083144214377e-01 9.889000000000000000e+03 9.893000000000000000e+03
4.177248169415655188e-02 9.899999999999985478e-01 1.443289932012703503e-15 9.890969999999999345e+03 5.559676249567060413e-01 9.889000000000000000e+03 9.892000000000000000e+03
4.594972986357220845e-02 9.899999999999985478e-01 1.443289932012703503e-15 9.890940000000000509e+03 6.135144660071187861e-01 9.889000000000000000e+03 9.893000000000000000e+03
5.054470284992943624e-02 9.899999999999985478e-01 1.443289932012703503e-15 9.891159999999999854e+03 7.031358332498782726e-01 9.889000000000000000e+03 9.893000000000000000e+03
5.559917313492238750e-02 9.899999999999985478e-01 1.443289932012703503e-15 9.891079999999999927e+03 6.584831053261726019e-01 9.889000000000000000e+03 9.893000000000000000e+03
6.115909044841463110e-02 9.899999999999985478e-01 1.443289932012703503e-15 9.891079999999999927e+03 6.112282715974448610e-01 9.890000000000000000e+03 9.893000000000000000e+03
6.727499949325610462e-02 9.899999999999985478e-01 1.443289932012703503e-15 9.891100000000000364e+03 6.708203932499374744e-01 9.889000000000000000e+03 9.893000000000000000e+03
7.400249944258172063e-02 9.899999999999985478e-01 1.443289932012703503e-15 9.891030000000000655e+03 8.179853299418022861e-01 9.889000000000000000e+03 9.894000000000000000e+03
8.140274938683990380e-02 9.899999999999985478e-01 1.443289932012703503e-15 9.891049999999999272e+03 7.533259586659678542e-01 9.889000000000000000e+03 9.893000000000000000e+03
8.954302432552389834e-02 9.899999999999985478e-01 1.443289932012703503e-15 9.891000000000000000e+03 8.246211251235321393e-01 9.889000000000000000e+03 9.894000000000000000e+03
9.849732675807629234e-02 9.899999999999985478e-01 1.443289932012703503e-15 9.890889999999999418e+03 7.601973427998801602e-01 9.889000000000000000e+03 9.893000000000000000e+03
1.083470594338839244e-01 9.899999999999985478e-01 1.443289932012703503e-15 9.890930000000000291e+03 8.972736483370052918e-01 9.889000000000000000e+03 9.893000000000000000e+03
1.191817653772723196e-01 9.899999999999985478e-01 1.443289932012703503e-15 9.891030000000000655e+03 8.994998610338972300e-01 9.889000000000000000e+03 9.894000000000000000e+03
1.310999419149995737e-01 9.899999999999985478e-01 1.443289932012703503e-15 9.890879999999999200e+03 1.041921302210488953e+00 9.888000000000000000e+03 9.894000000000000000e+03
1.442099361064995422e-01 9.899999999999985478e-01 1.443289932012703503e-15 9.891010000000000218e+03 9.219002115196630598e-01 9.889000000000000000e+03 9.894000000000000000e+03
1.586309297171495103e-01 9.899999999999985478e-01 1.443289932012703503e-15 9.890780000000000655e+03 1.196494880891681989e+00 9.888000000000000000e+03 9.894000000000000000e+03
1.744940226888644641e-01 9.899999999999985478e-01 1.443289932012703503e-15 9.890950000000000728e+03 1.052378258992459070e+00 9.888000000000000000e+03 9.894000000000000000e+03
1.919434249577509355e-01 9.899999999999985478e-01 1.443289932012703503e-15 9.891079999999999927e+03 1.238386046433016530e+00 9.888000000000000000e+03 9.893000000000000000e+03
2.111377674535260540e-01 9.899999999999985478e-01 1.443289932012703503e-15 9.891020000000000437e+03 1.174563748802081253e+00 9.888000000000000000e+03 9.894000000000000000e+03
2.322515441988786677e-01 9.899999999999985478e-01 1.443289932012703503e-15 9.891030000000000655e+03 1.307325514170055047e+00 9.886000000000000000e+03 9.893000000000000000e+03
2.554766986187665401e-01 9.899999999999985478e-01 1.443289932012703503e-15 9.890840000000000146e+03 1.346996659238618221e+00 9.887000000000000000e+03 9.894000000000000000e+03
2.810243684806432163e-01 9.899999999999985478e-01 1.443289932012703503e-15 9.890809999999999491e+03 1.246555253488589310e+00 9.887000000000000000e+03 9.893000000000000000e+03
3.091268053287075657e-01 9.899999999999985478e-01 1.443289932012703503e-15 9.891100000000000364e+03 1.315294643796591556e+00 9.887000000000000000e+03 9.893000000000000000e+03
3.400394858615783389e-01 9.899999999999985478e-01 1.443289932012703503e-15 9.890850000000000364e+03 1.589811309558465391e+00 9.887000000000000000e+03 9.895000000000000000e+03
3.740434344477361894e-01 9.899999999999985478e-01 1.443289932012703503e-15 9.891149999999999636e+03 1.570827807240501750e+00 9.886000000000000000e+03 9.895000000000000000e+03
4.114477778925098583e-01 9.899999999999985478e-01 1.443289932012703503e-15 9.890909999999999854e+03 1.749828563031244677e+00 9.885000000000000000e+03 9.894000000000000000e+03
4.525925556817608775e-01 9.899999999999985478e-01 1.443289932012703503e-15 9.891120000000000800e+03 1.498532615594335926e+00 9.887000000000000000e+03 9.895000000000000000e+03
4.978518112499369930e-01 9.899999999999985478e-01 1.443289932012703503e-15 9.891040000000000873e+03 1.881063528964398879e+00 9.887000000000000000e+03 9.894000000000000000e+03
5.476369923749306867e-01 9.899999999999985478e-01 1.443289932012703503e-15 9.891149999999999636e+03 1.710993863226866862e+00 9.887000000000000000e+03 9.895000000000000000e+03
6.024006916124238220e-01 9.899999999999985478e-01 1.443289932012703503e-15 9.891209999999999127e+03 1.620462896829175659e+00 9.887000000000000000e+03 9.895000000000000000e+03
6.626407607736662930e-01 9.899999999999985478e-01 1.443289932012703503e-15 9.890889999999999418e+03 1.799416572114417301e+00 9.886000000000000000e+03 9.894000000000000000e+03
7.289048368510330222e-01 9.899999999999985478e-01 1.443289932012703503e-15 9.891370000000000800e+03 1.825677956267205859e+00 9.887000000000000000e+03 9.895000000000000000e+03
8.017953205361363356e-01 9.899999999999985478e-01 1.443289932012703503e-15 9.891000000000000000e+03 1.811077027627483238e+00 9.886000000000000000e+03 9.894000000000000000e+03
8.819748525897500580e-01 9.899999999999985478e-01 1.443289932012703503e-15 9.890879999999999200e+03 1.823622768008779316e+00 9.885000000000000000e+03 9.895000000000000000e+03
9.701723378487251415e-01 9.899999999999985478e-01 1.443289932012703503e-15 9.890879999999999200e+03 1.882976367350371438e+00 9.886000000000000000e+03 9.895000000000000000e+03
9.801723378487251503e-01 9.899999999999985478e-01 1.443289932012703503e-15 9.890850000000000364e+03 1.851350858157360779e+00 9.886000000000000000e+03 9.894000000000000000e+03
9.901723378487251592e-01 9.899999999999985478e-01 1.443289932012703503e-15 9.890819999999999709e+03 1.835102176991788792e+00 9.885000000000000000e+03 9.895000000000000000e+03
1.000172337848725057e+00 9.899999999999985478e-01 1.443289932012703503e-15 9.890950000000000728e+03 1.774119499921019472e+00 9.887000000000000000e+03 9.894000000000000000e+03
