1.000000000000000021e-02 9.899999999999985478e-01 1.443289932012703503e-15 9.891000000000000000e+03 3.162277660168379412e-01 9.890000000000000000e+03 9.892000000000000000e+03
1.100000000000000110e-02 9.899999999999985478e-01 1.443289932012703503e-15 9.891079999999999927e+03 3.370459909270546173e-01 9.890000000000000000e+03 9.892000000000000000e+03
1.210000000000000138e-02 9.899999999999985478e-01 1.443289932012703503e-15 9.891040000000000873e+03 2.416609194718915554e-01 9.890000000000000000e+03 9.892000000000000000e+03
1.331000000000000238e-02 9.899999999999985478e-01 1.443289932012703503e-15 9.890950000000000728e+03 3.840572873934303133e-01 9.889000000000000000e+03 9.892000000000000000e+03
1.464100000000000297e-02 9.899999999999985478e-01 1.443289932012703503e-15 9.890959999999999127e+03 3.440930106817048362e-01 9.890000000000000000e+03 9.892000000000000000e+03
1.610510000000000413e-02 9.899999999999985478e-01 1.443289932012703503e-15 9.890979999999999563e+03 3.458323293158114820e-01 9.890000000000000000e+03 9.892000000000000000e+03
1.771561000000000663e-02 9.899999999999985478e-01 1.443289932012703503e-15 9.890989999999999782e+03 4.794788837894737310e-01 9.890000000000000000e+03 9.893000000000000000e+03
1.948717100000000799e-02 9.899999999999985478e-01 1.443289932012703503e-15 9.890969999999999345e+03 4.786439177509730358e-01 9.889000000000000000e+03 9.893000000000000000e+03
2.143588810000001191e-02 9.899999999999985478e-01 1.443289932012703503e-15 9.890979999999999563e+03 4.467661580737731786e-01 9.889000000000000000e+03 9.893000000000000000e+03
2.357947691000001483e-02 9.899999999999985478e-01 1.443289932012703503e-15 9.891000000000000000e+03 3.464101615137754608e-01 9.890000000000000000e+03 9.892000000000000000e+03
2.593742460100001770e-02 9.899999999999985478e-01 1.443289932012703503e-15 9.891010000000000218e+03 4.998999899979995609e-01 9.890000000000000000e+03 9.893000000000000000e+03
2.853116706110002052e-02 9.899999999999985478e-01 1.443289932012703503e-15 9.891010000000000218e+03 4.581484475582118243e-01 9.890000000000000000e+03 9.893000000000000000e+03
3.138428376721002361e-02 9.899999999999985478e-01 1.443289932012703503e-15 9.890950000000000728e+03 5.172040216394295786e-01 9.889000000000000000e+03 9.893000000000000000e+03
3.452271214393103083e-02 9.899999999999985478e-01 1.443289932012703503e-15 9.891079999999999927e+03 5.230678732248810192e-01 9.890000000000000000e+03 9.892000000000000000e+03
3.797498335832413807e-02 9.899999999999985478e-01 1.443289932012703503e-15 9.891120000000000800e+03 5.153639490690056224e-01 9.890000000000000000e+03 9.892000000000000000e+03
4.177248169415655188e-02 9.899999999999985478e-01 1.443289932012703503e-15 9.891030000000000655e+03 5.908468498688980164e-01 9.889000000000000000e+03 9.893000000000000000e+03
4.594972986357220845e-02 9.899999999999985478e-01 1.443289932012703503e-15 9.891090000000000146e+03 6.179805822192155906e-01 9.889000000000000000e+03 9.893000000000000000e+03
5.054470284992943624e-02 9.899999999999985478e-01 1.443289932012703503e-15 9.891040000000000873e+03 6.151422599691875881e-01 9.889000000000000000e+03 9.892000000000000000e+03
5.559917313492238750e-02 9.899999999999985478e-01 1.443289932012703503e-15 9.890989999999999782e+03 6.402343321003640675e-01 9.889000000000000000e+03 9.892000000000000000e+03
6.115909044841463110e-02 9.899999999999985478e-01 1.443289932012703503e-15 9.891040000000000873e+03 6.468384651518487294e-01 9.889000000000000000e+03 9.892000000000000000e+03
6.727499949325610462e-02 9.899999999999985478e-01 1.443289932012703503e-15 9.891000000000000000e+03 6.928203230275509217e-01 9.889000000000000000e+03 9.893000000000000000e+03
7.400249944258172063e-02 9.899999999999985478e-01 1.443289932012703503e-15 9.891010000000000218e+03 7.140728254176875733e-01 9.889000000000000000e+03 9.893000000000000000e+03
8.140274938683990380e-02 9.899999999999985478e-01 1.443289932012703503e-15 9.891030000000000655e+03 7.273926037567328695e-01 9.889000000000000000e+03 9.893000000000000000e+03
8.954302432552389834e-02 9.899999999999985478e-01 1.443289932012703503e-15 9.890799999999999272e+03 8.485281374238567986e-01 9.888000000000000000e+03 9.893000000000000000e+03
9.849732675807629234e-02 9.899999999999985478e-01 1.443289932012703503e-15 9.890989999999999782e+03 8.887631855561971550e-01 9.889000000000000000e+03 9.894000000000000000e+03
1.083470594338839244e-01 9.899999999999985478e-01 1.443289932012703503e-15 9.890770000000000437e+03 9.680392554023826701e-01 9.888000000000000000e+03 9.893000000000000000e+03
1.191817653772723196e-01 9.899999999999985478e-01 1.443289932012703503e-15 9.891139999999999418e+03 9.382963284591921971e-01 9.888000000000000000e+03 9.893000000000000000e+03
1.310999419149995737e-01 9.899999999999985478e-01 1.443289932012703503e-15 9.891049999999999272e+03 8.645808232895288992e-01 9.889000000000000000e+03 9.893000000000000000e+03
1.442099361064995422e-01 9.899999999999985478e-01 1.443289932012703503e-15 9.891079999999999927e+03 9.346657156438324954e-01 9.889000000000000000e+03 9.894000000000000000e+03
1.586309297171495103e-01 9.899999999999985478e-01 1.443289932012703503e-15 9.890879999999999200e+03 9.724196624914581699e-01 9.889000000000000000e+03 9.893000000000000000e+03
1.744940226888644641e-01 9.899999999999985478e-01 1.443289932012703503e-15 9.891129999999999200e+03 1.083097410208334610e+00 9.888000000000000000e+03 9.894000000000000000e+03
1.919434249577509355e-01 9.899999999999985478e-01 1.443289932012703503e-15 9.891139999999999418e+03 1.174904251417961287e+00 9.887000000000000000e+03 9.894000000000000000e+03
2.111377674535260540e-01 9.899999999999985478e-01 1.443289932012703503e-15 9.890930000000000291e+03 1.313430622454038410e+00 9.888000000000000000e+03 9.894000000000000000e+03
2.322515441988786677e-01 9.899999999999985478e-01 1.443289932012703503e-15 9.890840000000000146e+03 1.332066064427736007e+00 9.886000000000000000e+03 9.893000000000000000e+03
2.554766986187665401e-01 9.899999999999985478e-01 1.443289932012703503e-15 9.891030000000000655e+03 1.284172885557080201e+00 9.887000000000000000e+03 9.894000000000000000e+03
2.810243684806432163e-01 9.899999999999985478e-01 1.443289932012703503e-15 9.890680000000000291e+03 1.333266664999917195e+00 9.886000000000000000e+03 9.893000000000000000e+03
3.091268053287075657e-01 9.899999999999985478e-01 1.443289932012703503e-15 9.890959999999999127e+03 1.232233744059949565e+00 9.888000000000000000e+03 9.894000000000000000e+03
3.400394858615783389e-01 9.899999999999985478e-01 1.443289932012703503e-15 9.890989999999999782e+03 1.493284969454925948e+00 9.886000000000000000e+03 9.894000000000000000e+03
3.740434344477361894e-01 9.899999999999985478e-01 1.443289932012703503e-15 9.890829999999999927e+03 1.549548321285915131e+00 9.888000000000000000e+03 9.894000000000000000e+03
4.114477778925098583e-01 9.899999999999985478e-01 1.443289932012703503e-15 9.891250000000000000e+03 1.693369422187610107e+00 9.885000000000000000e+03 9.895000000000000000e+03
4.525925556817608775e-01 9.899999999999985478e-01 1.443289932012703503e-15 9.890889999999999418e+03 1.725659294298848900e+00 9.885000000000000000e+03 9.895000000000000000e+03
4.978518112499369930e-01 9.899999999999985478e-01 1.443289932012703503e-15 9.890729999999999563e+03 1.901867503271454485e+00 9.885000000000000000e+03 9.894000000000000000e+03
5.476369923749306867e-01 9.899999999999985478e-01 1.443289932012703503e-15 9.891170000000000073e+03 1.760994037468610163e+00 9.886000000000000000e+03 9.895000000000000000e+03
6.024006916124238220e-01 9.899999999999985478e-01 1.443289932012703503e-15 9.890760000000000218e+03 1.697763234376337804e+00 9.886000000000000000e+03 9.894000000000000000e+03
6.626407607736662930e-01 9.899999999999985478e-01 1.443289932012703503e-15 9.891270000000000437e+03 1.969035296788759215e+00 9.886000000000000000e+03 9.895000000000000000e+03
7.289048368510330222e-01 9.899999999999985478e-01 1.443289932012703503e-15 9.890690000000000509e+03 1.730288993203159986e+00 9.886000000000000000e+03 9.894000000000000000e+03
8.017953205361363356e-01 9.899999999999985478e-01 1.443289932012703503e-15 9.891280000000000655e+03 1.811518699875881433e+00 9.884000000000000000e+03 9.895000000000000000e+03
8.819748525897500580e-01 9.899999999999985478e-01 1.443289932012703503e-15 9.890889999999999418e+03 1.832457366489055106e+00 9.886000000000000000e+03 9.895000000000000000e+03
9.701723378487251415e-01 9.899999999999985478e-01 1.443289932012703503e-15 9.891059999999999491e+03 2.087199080107120075e+00 9.885000000000000000e+03 9.895000000000000000e+03
9.801723378487251503e-01 9.899999999999985478e-01 1.443289932012703503e-15 9.891120000000000800e+03 1.976259092325700406e+00 9.887000000000000000e+03 9.895000000000000000e+03
9.901723378487251592e-01 9.899999999999985478e-01 1.443289932012703503e-15 9.890909999999999854e+03 2.311255070302711712e+00 9.885000000000000000e+03 9.895000000000000000e+03
1.000172337848725057e+00 9.899999999999985478e-01 1.443289932012703503e-15 9.890950000000000728e+03 2.178875856950094558e+00 9.883000000000000000e+03 9.895000000000000000e+03
