1.000000000000000021e-02 9.899999999999985478e-01 1.443289932012703503e-15 4.249451000000000204e+04 3.085044202260317888e+03 3.647300000000000000e+04 4.928700000000000000e+04
1.100000000000000110e-02 9.899999999999985478e-01 1.443289932012703503e-15 4.185916000000000349e+04 2.922355001432919835e+03 3.494700000000000000e+04 5.053400000000000000e+04
1.210000000000000138e-02 9.899999999999985478e-01 1.443289932012703503e-15 4.053472000000000116e+04 2.678041179967179232e+03 3.450800000000000000e+04 4.645300000000000000e+04
1.331000000000000238e-02 9.899999999999985478e-01 1.443289932012703503e-15 4.007501999999999680e+04 2.467060522078856138e+03 3.477300000000000000e+04 4.545500000000000000e+04
1.464100000000000297e-02 9.899999999999985478e-01 1.443289932012703503e-15 3.914247000000000116e+04 2.693424970014943028e+03 3.184600000000000000e+04 4.761200000000000000e+04
1.610510000000000413e-02 9.899999999999985478e-01 1.443289932012703503e-15 3.811547000000000116e+04 2.555620126133772828e+03 3.311500000000000000e+04 4.403600000000000000e+04
1.771561000000000663e-02 9.899999999999985478e-01 1.443289932012703503e-15 3.717983999999999651e+04 2.253507855411203764e+03 3.212800000000000000e+04 4.324600000000000000e+04
1.948717100000000799e-02 9.899999999999985478e-01 1.443289932012703503e-15 3.634562000000000262e+04 2.725900507281951377e+03 2.971200000000000000e+04 4.308900000000000000e+04
2.143588810000001191e-02 9.899999999999985478e-01 1.443289932012703503e-15 3.597190000000000146e+04 2.439334034116688599e+03 3.033700000000000000e+04 4.167300000000000000e+04
2.357947691000001483e-02 9.899999999999985478e-01 1.443289932012703503e-15 3.491455000000000291e+04 2.202217429660386642e+03 2.835600000000000000e+04 3.994700000000000000e+04
2.593742460100001770e-02 9.899999999999985478e-01 1.443289932012703503e-15 3.381669000000000233e+04 2.359366918031190835e+03 2.964700000000000000e+04 4.240400000000000000e+04
2.853116706110002052e-02 9.899999999999985478e-01 1.443289932012703503e-15 3.317787999999999738e+04 1.966959782405324177e+03 2.923300000000000000e+04 3.945100000000000000e+04
3.138428376721002361e-02 9.899999999999985478e-01 1.443289932012703503e-15 3.232033000000000175e+04 1.966703216324212008e+03 2.876400000000000000e+04 3.736100000000000000e+04
3.452271214393103083e-02 9.899999999999985478e-01 1.443289932012703503e-15 3.188084000000000015e+04 1.667555430682890346e+03 2.753000000000000000e+04 3.627100000000000000e+04
3.797498335832413807e-02 9.899999999999985478e-01 1.443289932012703503e-15 3.079815999999999985e+04 2.008802532455591745e+03 2.627700000000000000e+04 4.007100000000000000e+04
4.177248169415655188e-02 9.899999999999985478e-01 1.443289932012703503e-15 3.044518999999999869e+04 2.039538735572335099e+03 2.714500000000000000e+04 3.594200000000000000e+04
4.594972986357220845e-02 9.899999999999985478e-01 1.443289932012703503e-15 2.987304999999999927e+04 1.918263550062920785e+03 2.624000000000000000e+04 3.605500000000000000e+04
5.054470284992943624e-02 9.899999999999985478e-01 1.443289932012703503e-15 2.911931999999999971e+04 2.100585765352131148e+03 2.606300000000000000e+04 3.559500000000000000e+04
5.559917313492238750e-02 9.899999999999985478e-01 1.443289932012703503e-15 2.861620000000000073e+04 1.502162567766884422e+03 2.403800000000000000e+04 3.344900000000000000e+04
6.115909044841463110e-02 9.899999999999985478e-01 1.443289932012703503e-15 2.788538999999999942e+04 1.669790986291397758e+03 2.463000000000000000e+04 3.318800000000000000e+04
6.727499949325610462e-02 9.899999999999985478e-01 1.443289932012703503e-15 2.748979999999999927e+04 1.690633112180167700e+03 2.448200000000000000e+04 3.209600000000000000e+04
7.400249944258172063e-02 9.899999999999985478e-01 1.443289932012703503e-15 2.662600000000000000e+04 1.498573641834127557e+03 2.349400000000000000e+04 3.068600000000000000e+04
8.140274938683990380e-02 9.899999999999985478e-01 1.443289932012703503e-15 2.605825000000000000e+04 1.331131175917685368e+03 2.310500000000000000e+04 2.989500000000000000e+04
8.954302432552389834e-02 9.899999999999985478e-01 1.443289932012703503e-15 2.552002999999999884e+04 1.453548007153530307e+03 2.230000000000000000e+04 2.983500000000000000e+04
9.849732675807629234e-02 9.899999999999985478e-01 1.443289932012703503e-15 2.501154000000000087e+04 1.321525152390222274e+03 2.247800000000000000e+04 2.925000000000000000e+04
1.083470594338839244e-01 9.899999999999985478e-01 1.443289932012703503e-15 2.423379000000000087e+04 1.323155639333483578e+03 2.192400000000000000e+04 2.787600000000000000e+04
1.191817653772723196e-01 9.899999999999985478e-01 1.443289932012703503e-15 2.393065000000000146e+04 1.248052101276224448e+03 2.150000000000000000e+04 2.797500000000000000e+04
1.310999419149995737e-01 9.899999999999985478e-01 1.443289932012703503e-15 2.305111000000000058e+04 1.173532333555407376e+03 2.052400000000000000e+04 2.703600000000000000e+04
1.442099361064995422e-01 9.899999999999985478e-01 1.443289932012703503e-15 2.265952000000000044e+04 1.056919973129470009e+03 2.044500000000000000e+04 2.579800000000000000e+04
1.586309297171495103e-01 9.899999999999985478e-01 1.443289932012703503e-15 2.204511000000000058e+04 9.046564529698551951e+02 2.000100000000000000e+04 2.419300000000000000e+04
1.744940226888644641e-01 9.899999999999985478e-01 1.443289932012703503e-15 2.168118999999999869e+04 9.843074996666438210e+02 1.986500000000000000e+04 2.429500000000000000e+04
1.919434249577509355e-01 9.899999999999985478e-01 1.443289932012703503e-15 2.133706999999999971e+04 1.177687974422766956e+03 1.939100000000000000e+04 2.650600000000000000e+04
2.111377674535260540e-01 9.899999999999985478e-01 1.443289932012703503e-15 2.078020000000000073e+04 9.130500643447762741e+02 1.888800000000000000e+04 2.291300000000000000e+04
2.322515441988786677e-01 9.899999999999985478e-01 1.443289932012703503e-15 2.042243000000000029e+04 9.502790038194045792e+02 1.830200000000000000e+04 2.369700000000000000e+04
2.554766986187665401e-01 9.899999999999985478e-01 1.443289932012703503e-15 2.004831000000000131e+04 8.717116001866672832e+02 1.829100000000000000e+04 2.359300000000000000e+04
2.810243684806432163e-01 9.899999999999985478e-01 1.443289932012703503e-15 1.962661999999999898e+04 7.742707250051495294e+02 1.809600000000000000e+04 2.137800000000000000e+04
3.091268053287075657e-01 9.899999999999985478e-01 1.443289932012703503e-15 1.944970999999999913e+04 8.198081884806955486e+02 1.735300000000000000e+04 2.190900000000000000e+04
3.400394858615783389e-01 9.899999999999985478e-01 1.443289932012703503e-15 1.893991999999999825e+04 7.364051287165239046e+02 1.738600000000000000e+04 2.067600000000000000e+04
3.740434344477361894e-01 9.899999999999985478e-01 1.443289932012703503e-15 1.872943000000000029e+04 7.755054771566736918e+02 1.664000000000000000e+04 2.094200000000000000e+04
4.114477778925098583e-01 9.899999999999985478e-01 1.443289932012703503e-15 1.840075000000000000e+04 7.866877573090863507e+02 1.680600000000000000e+04 2.055700000000000000e+04
4.525925556817608775e-01 9.899999999999985478e-01 1.443289932012703503e-15 1.828597999999999956e+04 8.152955167299769528e+02 1.669800000000000000e+04 2.102300000000000000e+04
4.978518112499369930e-01 9.899999999999985478e-01 1.443289932012703503e-15 1.802681000000000131e+04 7.142058064031681397e+02 1.647700000000000000e+04 1.984700000000000000e+04
5.476369923749306867e-01 9.899999999999985478e-01 1.443289932012703503e-15 1.784570999999999913e+04 6.094372534560059194e+02 1.642400000000000000e+04 1.974700000000000000e+04
6.024006916124238220e-01 9.899999999999985478e-01 1.443289932012703503e-15 1.780291999999999825e+04 6.787920842201978076e+02 1.639800000000000000e+04 1.974900000000000000e+04
6.626407607736662930e-01 9.899999999999985478e-01 1.443289932012703503e-15 1.757006999999999971e+04 7.022476380166757508e+02 1.620400000000000000e+04 1.953500000000000000e+04
7.289048368510330222e-01 9.899999999999985478e-01 1.443289932012703503e-15 1.754597999999999956e+04 6.980170625421702653e+02 1.614100000000000000e+04 1.995300000000000000e+04
8.017953205361363356e-01 9.899999999999985478e-01 1.443289932012703503e-15 1.738293999999999869e+04 6.498884030354749939e+02 1.587000000000000000e+04 1.937300000000000000e+04
8.819748525897500580e-01 9.899999999999985478e-01 1.443289932012703503e-15 1.739740999999999985e+04 6.611746228493650506e+02 1.579900000000000000e+04 1.938600000000000000e+04
9.701723378487251415e-01 9.899999999999985478e-01 1.443289932012703503e-15 1.735900999999999840e+04 6.308092817167483872e+02 1.592900000000000000e+04 1.919300000000000000e+04
9.801723378487251503e-01 9.899999999999985478e-01 1.443289932012703503e-15 1.731195000000000073e+04 6.774472285720858054e+02 1.580400000000000000e+04 1.944300000000000000e+04
9.901723378487251592e-01 9.899999999999985478e-01 1.443289932012703503e-15 1.728827999999999884e+04 6.467842774836135504e+02 1.617100000000000000e+04 1.952800000000000000e+04
1.000172337848725057e+00 9.899999999999985478e-01 1.443289932012703503e-15 1.738138999999999942e+04 6.538798191563952287e+02 1.603200000000000000e+04 1.987600000000000000e+04
