1.000000000000000021e-02 9.899999999999985478e-01 1.443289932012703503e-15 5.584930000000000291e+04 3.982324859927929083e+03 4.763900000000000000e+04 6.694000000000000000e+04
1.100000000000000110e-02 9.899999999999985478e-01 1.443289932012703503e-15 5.386256999999999971e+04 3.870449927992867742e+03 4.488100000000000000e+04 6.423900000000000000e+04
1.210000000000000138e-02 9.899999999999985478e-01 1.443289932012703503e-15 5.322751000000000204e+04 3.868006459392227953e+03 4.457900000000000000e+04 6.494000000000000000e+04
1.331000000000000238e-02 9.899999999999985478e-01 1.443289932012703503e-15 5.335251000000000204e+04 3.750608290650997333e+03 4.474600000000000000e+04 6.070700000000000000e+04
1.464100000000000297e-02 9.899999999999985478e-01 1.443289932012703503e-15 5.196362999999999738e+04 3.691631901083856064e+03 4.314400000000000000e+04 6.251800000000000000e+04
1.610510000000000413e-02 9.899999999999985478e-01 1.443289932012703503e-15 5.053958999999999651e+04 3.573240411993012913e+03 4.136100000000000000e+04 6.126500000000000000e+04
1.771561000000000663e-02 9.899999999999985478e-01 1.443289932012703503e-15 4.987937000000000262e+04 3.520067271104345764e+03 4.076300000000000000e+04 5.943900000000000000e+04
1.948717100000000799e-02 9.899999999999985478e-01 1.443289932012703503e-15 4.945287000000000262e+04 3.482605894025334237e+03 4.133800000000000000e+04 5.966400000000000000e+04
2.143588810000001191e-02 9.899999999999985478e-01 1.443289932012703503e-15 4.838605000000000291e+04 3.053114250646379332e+03 4.037700000000000000e+04 5.710600000000000000e+04
2.357947691000001483e-02 9.899999999999985478e-01 1.443289932012703503e-15 4.764123999999999796e+04 3.134460126146128459e+03 3.958200000000000000e+04 5.504100000000000000e+04
2.593742460100001770e-02 9.899999999999985478e-01 1.443289932012703503e-15 4.667183999999999651e+04 3.189438106375478583e+03 4.069700000000000000e+04 5.717900000000000000e+04
2.853116706110002052e-02 9.899999999999985478e-01 1.443289932012703503e-15 4.562437000000000262e+04 3.137430246730594718e+03 3.845900000000000000e+04 5.538600000000000000e+04
3.138428376721002361e-02 9.899999999999985478e-01 1.443289932012703503e-15 4.496273000000000320e+04 2.899970775214811965e+03 3.975100000000000000e+04 5.412800000000000000e+04
3.452271214393103083e-02 9.899999999999985478e-01 1.443289932012703503e-15 4.412573999999999796e+04 2.836474567557409955e+03 3.811700000000000000e+04 5.081400000000000000e+04
3.797498335832413807e-02 9.899999999999985478e-01 1.443289932012703503e-15 4.372026000000000204e+04 3.087512968782479220e+03 3.769100000000000000e+04 5.526300000000000000e+04
4.177248169415655188e-02 9.899999999999985478e-01 1.443289932012703503e-15 4.301675000000000000e+04 3.013843348201760818e+03 3.731200000000000000e+04 5.169300000000000000e+04
4.594972986357220845e-02 9.899999999999985478e-01 1.443289932012703503e-15 4.232243000000000029e+04 3.164697825243351417e+03 3.524300000000000000e+04 5.055900000000000000e+04
5.054470284992943624e-02 9.899999999999985478e-01 1.443289932012703503e-15 4.166919000000000233e+04 2.899615618301846553e+03 3.550800000000000000e+04 4.879500000000000000e+04
5.559917313492238750e-02 9.899999999999985478e-01 1.443289932012703503e-15 4.088186000000000058e+04 2.977855147652416690e+03 3.488700000000000000e+04 5.165300000000000000e+04
6.115909044841463110e-02 9.899999999999985478e-01 1.443289932012703503e-15 4.003737000000000262e+04 2.839708628204661636e+03 3.273400000000000000e+04 4.664600000000000000e+04
6.727499949325610462e-02 9.899999999999985478e-01 1.443289932012703503e-15 3.905544999999999709e+04 2.533870562499197604e+03 3.479700000000000000e+04 4.714200000000000000e+04
7.400249944258172063e-02 9.899999999999985478e-01 1.443289932012703503e-15 3.842956999999999971e+04 2.450212959132328251e+03 3.278300000000000000e+04 4.423800000000000000e+04
8.140274938683990380e-02 9.899999999999985478e-01 1.443289932012703503e-15 3.775069999999999709e+04 2.718377429644382573e+03 3.190700000000000000e+04 4.721200000000000000e+04
8.954302432552389834e-02 9.899999999999985478e-01 1.443289932012703503e-15 3.747690000000000146e+04 2.149798271931578256e+03 3.270300000000000000e+04 4.327600000000000000e+04
9.849732675807629234e-02 9.899999999999985478e-01 1.443289932012703503e-15 3.678800000000000000e+04 2.335892322004591279e+03 3.179100000000000000e+04 4.373700000000000000e+04
1.083470594338839244e-01 9.899999999999985478e-01 1.443289932012703503e-15 3.606552999999999884e+04 2.330450331824301429e+03 3.134200000000000000e+04 4.398900000000000000e+04
1.191817653772723196e-01 9.899999999999985478e-01 1.443289932012703503e-15 3.545768000000000029e+04 2.596052664642995751e+03 3.049600000000000000e+04 4.356500000000000000e+04
1.310999419149995737e-01 9.899999999999985478e-01 1.443289932012703503e-15 3.507133999999999651e+04 2.469368551755691897e+03 2.991000000000000000e+04 4.285800000000000000e+04
1.442099361064995422e-01 9.899999999999985478e-01 1.443289932012703503e-15 3.412152999999999884e+04 2.224048693059573907e+03 2.951600000000000000e+04 4.053500000000000000e+04
1.586309297171495103e-01 9.899999999999985478e-01 1.443289932012703503e-15 3.386376000000000204e+04 2.094136638903966286e+03 2.927100000000000000e+04 3.933300000000000000e+04
1.744940226888644641e-01 9.899999999999985478e-01 1.443289932012703503e-15 3.311497000000000116e+04 1.945637059962623198e+03 2.834400000000000000e+04 3.866300000000000000e+04
1.919434249577509355e-01 9.899999999999985478e-01 1.443289932012703503e-15 3.274618000000000029e+04 2.173022293396917576e+03 2.916500000000000000e+04 3.958400000000000000e+04
2.111377674535260540e-01 9.899999999999985478e-01 1.443289932012703503e-15 3.232820999999999913e+04 2.232339249733337056e+03 2.855700000000000000e+04 3.989300000000000000e+04
2.322515441988786677e-01 9.899999999999985478e-01 1.443289932012703503e-15 3.145652000000000044e+04 1.789835062121646843e+03 2.740900000000000000e+04 3.685300000000000000e+04
2.554766986187665401e-01 9.899999999999985478e-01 1.443289932012703503e-15 3.179020999999999913e+04 2.413184614964217872e+03 2.791000000000000000e+04 4.265700000000000000e+04
2.810243684806432163e-01 9.899999999999985478e-01 1.443289932012703503e-15 3.124102999999999884e+04 2.506550695497699053e+03 2.735900000000000000e+04 3.885700000000000000e+04
3.091268053287075657e-01 9.899999999999985478e-01 1.443289932012703503e-15 3.054543000000000029e+04 1.961981423230098244e+03 2.682500000000000000e+04 3.859100000000000000e+04
3.400394858615783389e-01 9.899999999999985478e-01 1.443289932012703503e-15 3.064622999999999956e+04 2.256396174677665385e+03 2.640400000000000000e+04 3.906800000000000000e+04
3.740434344477361894e-01 9.899999999999985478e-01 1.443289932012703503e-15 2.990722999999999956e+04 1.964566786113416811e+03 2.621300000000000000e+04 3.709600000000000000e+04
4.114477778925098583e-01 9.899999999999985478e-01 1.443289932012703503e-15 2.938611999999999898e+04 2.246136938300957809e+03 2.629200000000000000e+04 3.817500000000000000e+04
4.525925556817608775e-01 9.899999999999985478e-01 1.443289932012703503e-15 2.928670000000000073e+04 2.337111437223308712e+03 2.615300000000000000e+04 3.967100000000000000e+04
4.978518112499369930e-01 9.899999999999985478e-01 1.443289932012703503e-15 2.875120999999999913e+04 1.907338996062315573e+03 2.523700000000000000e+04 3.644100000000000000e+04
5.476369923749306867e-01 9.899999999999985478e-01 1.443289932012703503e-15 2.887902999999999884e+04 2.199112591274034912e+03 2.562400000000000000e+04 3.724600000000000000e+04
6.024006916124238220e-01 9.899999999999985478e-01 1.443289932012703503e-15 2.874216999999999825e+04 1.871918331845703733e+03 2.595100000000000000e+04 3.822900000000000000e+04
6.626407607736662930e-01 9.899999999999985478e-01 1.443289932012703503e-15 2.812797000000000116e+04 1.566540216240872724e+03 2.525500000000000000e+04 3.466900000000000000e+04
7.289048368510330222e-01 9.899999999999985478e-01 1.443289932012703503e-15 2.805308000000000175e+04 1.992850037910529636e+03 2.448400000000000000e+04 4.058900000000000000e+04
8.017953205361363356e-01 9.899999999999985478e-01 1.443289932012703503e-15 2.821990999999999985e+04 1.693847107002282200e+03 2.462400000000000000e+04 3.268100000000000000e+04
8.819748525897500580e-01 9.899999999999985478e-01 1.443289932012703503e-15 2.823806000000000131e+04 1.963210517596113732e+03 2.465500000000000000e+04 3.924400000000000000e+04
9.701723378487251415e-01 9.899999999999985478e-01 1.443289932012703503e-15 2.829058000000000175e+04 2.305314838281314223e+03 2.452300000000000000e+04 4.052300000000000000e+04
9.801723378487251503e-01 9.899999999999985478e-01 1.443289932012703503e-15 2.793183000000000175e+04 1.843966746202328068e+03 2.482200000000000000e+04 3.448000000000000000e+04
9.901723378487251592e-01 9.899999999999985478e-01 1.443289932012703503e-15 2.844684999999999854e+04 2.060237415323778350e+03 2.473900000000000000e+04 3.547500000000000000e+04
1.000172337848725057e+00 9.899999999999985478e-01 1.443289932012703503e-15 2.818145000000000073e+04 2.495416884510481395e+03 2.446200000000000000e+04 3.946400000000000000e+04
